S1:[ 9.33590196e-02  4.45218086e-03  1.94357078e-04  3.33289452e-02
  2.01535923e-01  9.50274209e-02 -1.23587676e-03  1.55140632e-01
  3.77452116e-02  2.35930659e-01  4.65411405e-03  6.12279112e-03
  2.49636897e-04 -1.35467540e-05  2.07378943e-03  2.08082352e-04
  4.06532791e-02]
S1_conf:[1.32660707e-02 3.18510506e-03 1.34127899e-03 8.87753733e-03
 2.76097720e-02 1.76527095e-02 2.99922957e-03 1.80735473e-02
 1.04206716e-02 3.73225068e-02 3.01828131e-03 4.53144948e-03
 4.74587051e-04 2.10432905e-05 3.37453700e-03 4.51438947e-04
 1.34395658e-02]
ST:[1.14501297e-01 4.04197592e-03 9.33460770e-04 5.36054935e-02
 2.46608569e-01 1.13095493e-01 3.97792704e-03 1.77720104e-01
 5.41268037e-02 2.51825295e-01 5.59168124e-03 1.13408074e-02
 1.48649360e-04 2.23830876e-07 6.69466751e-03 1.36351345e-04
 7.17928096e-02]
ST_conf:[8.07583967e-03 4.08977268e-04 1.09706551e-04 3.83451321e-03
 1.89625470e-02 8.33874366e-03 4.98200087e-04 1.17650353e-02
 3.82864553e-03 2.48385563e-02 4.95855353e-04 9.01629454e-04
 1.26501634e-05 2.24941764e-08 1.03939959e-03 1.51732859e-05
 7.51821485e-03]
S2:[[            nan -1.04554454e-04 -1.03159509e-04  6.35819826e-04
   6.50444435e-03  3.70567992e-03  1.04155751e-03  7.83090703e-03
   1.87197051e-03  3.68919608e-03  2.93924982e-05  9.85824538e-04
   1.40897618e-04  9.48608815e-05  8.32176616e-04  1.25658791e-04
   1.20505741e-03]
 [            nan             nan -2.60040529e-03 -2.67442772e-03
  -2.31803961e-03 -1.23660796e-03 -2.66666207e-03 -3.63790529e-03
  -2.24472192e-03 -2.11977441e-03 -2.77913256e-03 -2.65534536e-03
  -2.63359867e-03 -2.62115664e-03 -2.64881080e-03 -2.61661142e-03
  -2.45634443e-03]
 [            nan             nan             nan -9.99263130e-05
  -1.76855468e-04  1.21502208e-04 -1.11723467e-04  1.21139032e-04
  -8.61305148e-05  5.74956131e-04 -1.48861980e-04 -1.51615121e-04
  -1.47566553e-04 -1.46354708e-04 -1.00773975e-04 -1.51611656e-04
  -1.05611707e-04]
 [            nan             nan             nan             nan
   1.11079568e-02  3.02117035e-03  1.92900721e-03  2.26410227e-03
   2.49717218e-03  1.52480442e-03  1.39379458e-03  2.20497454e-03
   2.28476417e-03  2.28233875e-03  2.34857525e-03  2.26032832e-03
   2.70926502e-03]
 [            nan             nan             nan             nan
              nan -5.96900394e-03 -4.14065168e-03 -3.26858696e-03
  -1.28874193e-04 -5.18576500e-04 -4.23853605e-03 -5.37292005e-03
  -4.76306600e-03 -4.59789548e-03 -5.30287321e-03 -4.46293268e-03
   2.19226815e-02]
 [            nan             nan             nan             nan
              nan             nan  3.99070150e-03  8.26253705e-03
   6.40791321e-03  2.18403062e-03  2.62172117e-03  2.81608098e-03
   2.83138250e-03  2.82029606e-03  3.72933642e-03  2.72094315e-03
   3.58224467e-03]
 [            nan             nan             nan             nan
              nan             nan             nan  2.92925722e-03
   3.05711793e-03  2.72099239e-03  3.22943993e-03  2.92610103e-03
   3.03283662e-03  3.04408491e-03  3.07071087e-03  3.03335256e-03
   3.36419639e-03]
 [            nan             nan             nan             nan
              nan             nan             nan             nan
   1.41823997e-03  1.63048480e-04 -1.77993732e-03 -4.37339577e-04
  -1.42399924e-03 -1.39606641e-03 -5.69926887e-04 -1.41928788e-03
  -1.85299407e-04]
 [            nan             nan             nan             nan
              nan             nan             nan             nan
              nan  8.70215238e-03  8.85222306e-03  9.70633279e-03
   9.04651818e-03  9.03152851e-03  9.08744001e-03  9.01429944e-03
   9.67561461e-03]
 [            nan             nan             nan             nan
              nan             nan             nan             nan
              nan             nan  1.00535331e-04  3.19746761e-04
  -1.23574115e-03 -1.19729043e-03  1.38553010e-03 -1.12619743e-03
  -3.70379379e-03]
 [            nan             nan             nan             nan
              nan             nan             nan             nan
              nan             nan             nan -1.69734273e-03
  -2.00283847e-03 -2.00295639e-03 -1.86820062e-03 -1.99991408e-03
  -1.95129728e-03]
 [            nan             nan             nan             nan
              nan             nan             nan             nan
              nan             nan             nan             nan
   2.48025677e-03  2.46712237e-03  2.34358231e-03  2.47446791e-03
   2.18999090e-03]
 [            nan             nan             nan             nan
              nan             nan             nan             nan
              nan             nan             nan             nan
              nan -1.51996833e-04 -1.54048499e-04 -1.48730902e-04
  -8.58668874e-05]
 [            nan             nan             nan             nan
              nan             nan             nan             nan
              nan             nan             nan             nan
              nan             nan  1.77327543e-05  1.89789152e-05
   1.95018265e-05]
 [            nan             nan             nan             nan
              nan             nan             nan             nan
              nan             nan             nan             nan
              nan             nan             nan  6.39761807e-04
   3.74407003e-04]
 [            nan             nan             nan             nan
              nan             nan             nan             nan
              nan             nan             nan             nan
              nan             nan             nan             nan
  -3.33632685e-04]
 [            nan             nan             nan             nan
              nan             nan             nan             nan
              nan             nan             nan             nan
              nan             nan             nan             nan
              nan]]
S2_conf:[[           nan 2.01317729e-02 2.00733899e-02 2.08381729e-02
  2.03003306e-02 2.15857694e-02 2.01153165e-02 2.23603971e-02
  2.03971932e-02 1.90793722e-02 2.01182333e-02 1.99615711e-02
  2.00256860e-02 2.00035940e-02 2.00484525e-02 2.00165208e-02
  1.97847847e-02]
 [           nan            nan 4.51879962e-03 4.50784842e-03
  4.44189108e-03 4.83148159e-03 4.52852002e-03 5.26817740e-03
  4.33949193e-03 4.37116847e-03 4.42749718e-03 4.51439629e-03
  4.50367826e-03 4.50725033e-03 4.49746004e-03 4.51170370e-03
  4.39931506e-03]
 [           nan            nan            nan 1.90043761e-03
  2.27928968e-03 1.88644782e-03 1.88520456e-03 1.99972158e-03
  1.84421370e-03 1.94745768e-03 1.90008987e-03 1.87175456e-03
  1.89719381e-03 1.89328293e-03 1.88515204e-03 1.89316233e-03
  2.15590990e-03]
 [           nan            nan            nan            nan
  1.34495201e-02 1.15980409e-02 1.17877088e-02 1.25292921e-02
  1.16907915e-02 1.18366535e-02 1.17442011e-02 1.18419926e-02
  1.17303454e-02 1.17563793e-02 1.20172956e-02 1.17461562e-02
  1.20446855e-02]
 [           nan            nan            nan            nan
             nan 3.60210374e-02 3.33153604e-02 3.61842913e-02
  3.42313986e-02 3.61480168e-02 3.32153031e-02 3.33862993e-02
  3.32928721e-02 3.33298938e-02 3.32383945e-02 3.34764763e-02
  3.76217692e-02]
 [           nan            nan            nan            nan
             nan            nan 2.28347839e-02 2.75933574e-02
  2.33848344e-02 2.21923884e-02 2.27405527e-02 2.22721489e-02
  2.26492710e-02 2.26469218e-02 2.26221896e-02 2.26413941e-02
  2.34511056e-02]
 [           nan            nan            nan            nan
             nan            nan            nan 4.42043089e-03
  4.41004893e-03 4.22821908e-03 4.25753156e-03 4.33622425e-03
  4.30856190e-03 4.30362606e-03 4.27838217e-03 4.30660988e-03
  4.19089218e-03]
 [           nan            nan            nan            nan
             nan            nan            nan            nan
  2.59780104e-02 2.93192456e-02 2.56148723e-02 2.62325933e-02
  2.55438075e-02 2.54946506e-02 2.60824967e-02 2.55057602e-02
  2.63551815e-02]
 [           nan            nan            nan            nan
             nan            nan            nan            nan
             nan 1.52679001e-02 1.53623188e-02 1.53263370e-02
  1.53942099e-02 1.53853684e-02 1.57233914e-02 1.54026301e-02
  1.55698794e-02]
 [           nan            nan            nan            nan
             nan            nan            nan            nan
             nan            nan 5.21144075e-02 5.27141449e-02
  5.17871806e-02 5.17996851e-02 5.15437692e-02 5.18281327e-02
  5.26317422e-02]
 [           nan            nan            nan            nan
             nan            nan            nan            nan
             nan            nan            nan 4.19053466e-03
  4.19897702e-03 4.19384798e-03 4.21547247e-03 4.18764207e-03
  4.31554699e-03]
 [           nan            nan            nan            nan
             nan            nan            nan            nan
             nan            nan            nan            nan
  6.52973747e-03 6.54667449e-03 6.59084208e-03 6.54995439e-03
  6.72024078e-03]
 [           nan            nan            nan            nan
             nan            nan            nan            nan
             nan            nan            nan            nan
             nan 7.73361700e-04 7.84837796e-04 7.72161676e-04
  7.72566167e-04]
 [           nan            nan            nan            nan
             nan            nan            nan            nan
             nan            nan            nan            nan
             nan            nan 3.27131326e-05 3.24612014e-05
  3.34188716e-05]
 [           nan            nan            nan            nan
             nan            nan            nan            nan
             nan            nan            nan            nan
             nan            nan            nan 5.69816156e-03
  5.83888104e-03]
 [           nan            nan            nan            nan
             nan            nan            nan            nan
             nan            nan            nan            nan
             nan            nan            nan            nan
  6.56029873e-04]
 [           nan            nan            nan            nan
             nan            nan            nan            nan
             nan            nan            nan            nan
             nan            nan            nan            nan
             nan]]
