shape leaf 144 0 0 0
an calc 0 0 0 9.63436e-05 8.45928e-05 0.000352247 0.281014  4.71501e-05 0.21 0
forgco2 0 8e-06 0 1.5 0 1.25607e-06 5.71374e-05
forJW, Jw 0 drout_in 3053.63 26.2879 15.8763 1010 18 1000
forpg 0 -0 0 0 2 -3051.83 -3055.43 0 numleaf: 0
diff Ev and lat fluw: 0
shape leaf 145 0 0 0
an calc 0 0 0 9.63436e-05 8.45928e-05 0.000352247 0.281014  4.71501e-05 0.21 0
forgco2 0 8e-06 0 1.5 0 1.25607e-06 5.71374e-05
forJW, Jw 0 drout_in 3057.23 26.2879 15.8763 1010 18 1000
forpg 0 -0 0 0 2 -3055.43 -3059.04 0 numleaf: 1
diff Ev and lat fluw: 0
shape leaf 146 0 0 0
an calc 0 0 0 9.63436e-05 8.45928e-05 0.000352247 0.281014  4.71501e-05 0.21 0
forgco2 0 8e-06 0 1.5 0 1.25607e-06 5.71374e-05
forJW, Jw 0 drout_in 3060.84 26.2879 15.8763 1010 18 1000
forpg 0 -0 0 0 2 -3059.04 -3062.64 0 numleaf: 2
diff Ev and lat fluw: 0
shape leaf 147 0 0 0
an calc 0 0 0 9.63436e-05 8.45928e-05 0.000352247 0.281014  4.71501e-05 0.21 0
forgco2 0 8e-06 0 1.5 0 1.25607e-06 5.71374e-05
forJW, Jw 0 drout_in 3064.45 26.288 15.8763 1010 18 1000
forpg 0 -0 0 0 2 -3062.64 -3066.25 0 numleaf: 3
diff Ev and lat fluw: 0
shape leaf 148 3.6 0.000229553 0.00022925
an calc 1.22999e-05 1.82358e-05 1.3556e-05 9.63436e-05 8.45928e-05 0.000352247 0.281014  4.71501e-05 0.21 0
forgco2 0.112273 8e-06 0.950238 1.5 1.22999e-05 1.25607e-06 5.71374e-05
forJW, Jw 0.037052 drout_in -948.744 26.2147 15.8763 1010 18 1000
forpg 3.6 -7.02981e-05 0.00788922 -0.0315582 2 -3066.25 -3069.66 -4016.7 numleaf: 4
diff Ev and lat fluw: 0.133387
shape leaf 149 3.6 0.000229547 0.000229242
an calc 1.22997e-05 1.82353e-05 1.35557e-05 9.63436e-05 8.45928e-05 0.000352247 0.281014  4.71501e-05 0.21 0
forgco2 0.112264 8e-06 0.95014 1.5 1.22997e-05 1.25607e-06 5.71374e-05
forJW, Jw 0.0370484 drout_in -948.652 26.2147 15.8763 1010 18 1000
forpg 3.6 -7.02981e-05 0.00788922 -0.0315582 2 -3069.66 -3072.85 -4019.91 numleaf: 5
diff Ev and lat fluw: 0.133374
shape leaf 150 3.6 0.00022954 0.000229236
an calc 1.22994e-05 1.82347e-05 1.35555e-05 9.63436e-05 8.45928e-05 0.000352247 0.281014  4.71501e-05 0.21 0
forgco2 0.112255 8e-06 0.950048 1.5 1.22994e-05 1.25607e-06 5.71374e-05
forJW, Jw 0.037045 drout_in -948.566 26.2147 15.8763 1010 18 1000
forpg 3.6 -7.02981e-05 0.00788922 -0.0315582 2 -3072.85 -3075.8 -4022.89 numleaf: 6
diff Ev and lat fluw: 0.133362
shape leaf 151 3.6 0.000229535 0.000229229
an calc 1.22992e-05 1.82342e-05 1.35553e-05 9.63436e-05 8.45928e-05 0.000352247 0.281014  4.71501e-05 0.21 0
forgco2 0.112248 8e-06 0.949964 1.5 1.22992e-05 1.25607e-06 5.71374e-05
forJW, Jw 0.037042 drout_in -948.488 26.2147 15.8763 1010 18 1000
forpg 3.6 -7.02981e-05 0.00788922 -0.0315582 2 -3075.8 -3078.5 -4025.64 numleaf: 7
diff Ev and lat fluw: 0.133351
shape leaf 152 3.6 0.000229529 0.000229223
an calc 1.2299e-05 1.82338e-05 1.35551e-05 9.63436e-05 8.45928e-05 0.000352247 0.281014  4.71501e-05 0.21 0
forgco2 0.112241 8e-06 0.949886 1.5 1.2299e-05 1.25607e-06 5.71374e-05
forJW, Jw 0.0370391 drout_in -948.416 26.2147 15.8763 1010 18 1000
forpg 3.6 -7.02981e-05 0.00788922 -0.0315582 2 -3078.5 -3080.97 -4028.15 numleaf: 8
diff Ev and lat fluw: 0.133341
shape leaf 153 3.6 0.000229525 0.000229218
an calc 1.22989e-05 1.82334e-05 1.35549e-05 9.63436e-05 8.45928e-05 0.000352247 0.281014  4.71501e-05 0.21 0
forgco2 0.112235 8e-06 0.949816 1.5 1.22989e-05 1.25607e-06 5.71374e-05
forJW, Jw 0.0370366 drout_in -948.35 26.2146 15.8763 1010 18 1000
forpg 3.6 -7.02981e-05 0.00788922 -0.0315582 2 -3080.97 -3083.22 -4030.44 numleaf: 9
diff Ev and lat fluw: 0.133332
shape leaf 154 3.6 0.00022952 0.000229213
an calc 1.22987e-05 1.8233e-05 1.35548e-05 9.63436e-05 8.45928e-05 0.000352247 0.281014  4.71501e-05 0.21 0
forgco2 0.112229 8e-06 0.949752 1.5 1.22987e-05 1.25607e-06 5.71374e-05
forJW, Jw 0.0370343 drout_in -948.292 26.2146 15.8763 1010 18 1000
forpg 3.6 -7.02981e-05 0.00788922 -0.0315582 2 -3083.22 -3085.2 -4032.5 numleaf: 10
diff Ev and lat fluw: 0.133324
shape leaf 155 3.6 0.000229516 0.000229209
an calc 1.22986e-05 1.82327e-05 1.35547e-05 9.63436e-05 8.45928e-05 0.000352247 0.281014  4.71501e-05 0.21 0
forgco2 0.112224 8e-06 0.949697 1.5 1.22986e-05 1.25607e-06 5.71374e-05
forJW, Jw 0.0370323 drout_in -948.241 26.2146 15.8763 1010 18 1000
forpg 3.6 -7.02981e-05 0.00788922 -0.0315582 2 -3085.2 -3086.9 -4034.29 numleaf: 11
diff Ev and lat fluw: 0.133316
shape leaf 162 0 0 0
an calc 0 0 0 9.63436e-05 8.45928e-05 0.000352247 0.281014  4.71501e-05 0.21 0
forgco2 0 8e-06 0 1.5 0 1.25607e-06 5.71374e-05
forJW, Jw 0 drout_in 3052.75 26.2879 15.8763 1010 18 1000
forpg 0 -0 0 0 2 -3051.65 -3053.84 0 numleaf: 12
diff Ev and lat fluw: 0
shape leaf 163 0 0 0
an calc 0 0 0 9.63436e-05 8.45928e-05 0.000352247 0.281014  4.71501e-05 0.21 0
forgco2 0 8e-06 0 1.5 0 1.25607e-06 5.71374e-05
forJW, Jw 0 drout_in 3054.94 26.2879 15.8763 1010 18 1000
forpg 0 -0 0 0 2 -3053.84 -3056.04 0 numleaf: 13
diff Ev and lat fluw: 0
shape leaf 164 0 0 0
an calc 0 0 0 9.63436e-05 8.45928e-05 0.000352247 0.281014  4.71501e-05 0.21 0
forgco2 0 8e-06 0 1.5 0 1.25607e-06 5.71374e-05
forJW, Jw 0 drout_in 3057.13 26.2879 15.8763 1010 18 1000
forpg 0 -0 0 0 2 -3056.04 -3058.23 0 numleaf: 14
diff Ev and lat fluw: 0
shape leaf 165 0 0 0
an calc 0 0 0 9.63436e-05 8.45928e-05 0.000352247 0.281014  4.71501e-05 0.21 0
forgco2 0 8e-06 0 1.5 0 1.25607e-06 5.71374e-05
forJW, Jw 0 drout_in 3059.32 26.288 15.8763 1010 18 1000
forpg 0 -0 0 0 2 -3058.23 -3060.42 0 numleaf: 15
diff Ev and lat fluw: 0
shape leaf 166 3.6 0.000229566 0.000229264
an calc 1.23004e-05 1.8237e-05 1.35564e-05 9.63436e-05 8.45928e-05 0.000352247 0.281014  4.71501e-05 0.21 0
forgco2 0.11229 8e-06 0.950432 1.5 1.23004e-05 1.25607e-06 5.71374e-05
forJW, Jw 0.0370593 drout_in -948.931 26.2148 15.8763 1010 18 1000
forpg 3.6 -7.02981e-05 0.00788922 -0.0315582 2 -3060.42 -3062.49 -4010.39 numleaf: 16
diff Ev and lat fluw: 0.133413
