shape leaf 144 0 0 0
an calc 0 0 0 9.63436e-05 8.45928e-05 0.000352247 0.281014  4.71501e-05 0.21 0
forgco2 0 8e-06 0 1.5 0 1.25607e-06 5.71374e-05
forJW, Jw 0 drout_in 2913.15 26.2879 15.8763 1010 18 1000
forpg 0 -0 0 0 2 -2911.4 -2914.89 0 numleaf: 0
diff Ev and lat fluw: 0
shape leaf 145 0 0 0
an calc 0 0 0 9.63436e-05 8.45928e-05 0.000352247 0.281014  4.71501e-05 0.21 0
forgco2 0 8e-06 0 1.5 0 1.25607e-06 5.71374e-05
forJW, Jw 0 drout_in 2916.64 26.2879 15.8763 1010 18 1000
forpg 0 -0 0 0 2 -2914.89 -2918.39 0 numleaf: 1
diff Ev and lat fluw: 0
shape leaf 146 0 0 0
an calc 0 0 0 9.63436e-05 8.45928e-05 0.000352247 0.281014  4.71501e-05 0.21 0
forgco2 0 8e-06 0 1.5 0 1.25607e-06 5.71374e-05
forJW, Jw 0 drout_in 2920.14 26.2879 15.8763 1010 18 1000
forpg 0 -0 0 0 2 -2918.39 -2921.88 0 numleaf: 2
diff Ev and lat fluw: 0
shape leaf 147 0 0 0
an calc 0 0 0 9.63436e-05 8.45928e-05 0.000352247 0.281014  4.71501e-05 0.21 0
forgco2 0 8e-06 0 1.5 0 1.25607e-06 5.71374e-05
forJW, Jw 0 drout_in 2923.63 26.288 15.8763 1010 18 1000
forpg 0 -0 0 0 2 -2921.88 -2925.38 0 numleaf: 3
diff Ev and lat fluw: 0
shape leaf 148 3.6 0.000229955 0.000229553
an calc 1.23098e-05 1.82597e-05 1.35658e-05 9.63436e-05 8.45928e-05 0.000352247 0.281014  4.71501e-05 0.21 0
forgco2 0.112638 8e-06 0.954315 1.5 1.23098e-05 1.25607e-06 5.71374e-05
forJW, Jw 0.0372106 drout_in -952.807 26.2184 15.8763 1010 18 1000
forpg 3.6 -7.02981e-05 0.00788922 -0.0315582 2 -2925.38 -2928.69 -3879.84 numleaf: 4
diff Ev and lat fluw: 0.133958
shape leaf 149 3.6 0.000229949 0.000229547
an calc 1.23096e-05 1.82592e-05 1.35656e-05 9.63436e-05 8.45928e-05 0.000352247 0.281014  4.71501e-05 0.21 0
forgco2 0.112629 8e-06 0.954225 1.5 1.23096e-05 1.25607e-06 5.71374e-05
forJW, Jw 0.0372074 drout_in -952.723 26.2184 15.8763 1010 18 1000
forpg 3.6 -7.02981e-05 0.00788922 -0.0315582 2 -2928.69 -2931.78 -3882.96 numleaf: 5
diff Ev and lat fluw: 0.133947
shape leaf 150 3.6 0.000229944 0.00022954
an calc 1.23094e-05 1.82587e-05 1.35654e-05 9.63436e-05 8.45928e-05 0.000352247 0.281014  4.71501e-05 0.21 0
forgco2 0.112622 8e-06 0.954141 1.5 1.23094e-05 1.25607e-06 5.71374e-05
forJW, Jw 0.0372043 drout_in -952.645 26.2184 15.8763 1010 18 1000
forpg 3.6 -7.02981e-05 0.00788922 -0.0315582 2 -2931.78 -2934.66 -3885.87 numleaf: 6
diff Ev and lat fluw: 0.133935
shape leaf 151 3.6 0.000229939 0.000229535
an calc 1.23092e-05 1.82582e-05 1.35652e-05 9.63436e-05 8.45928e-05 0.000352247 0.281014  4.71501e-05 0.21 0
forgco2 0.112615 8e-06 0.954063 1.5 1.23092e-05 1.25607e-06 5.71374e-05
forJW, Jw 0.0372015 drout_in -952.573 26.2184 15.8763 1010 18 1000
forpg 3.6 -7.02981e-05 0.00788922 -0.0315582 2 -2934.66 -2937.3 -3888.55 numleaf: 7
diff Ev and lat fluw: 0.133925
shape leaf 152 3.6 0.000229934 0.000229529
an calc 1.2309e-05 1.82578e-05 1.35651e-05 9.63436e-05 8.45928e-05 0.000352247 0.281014  4.71501e-05 0.21 0
forgco2 0.112609 8e-06 0.953992 1.5 1.2309e-05 1.25607e-06 5.71374e-05
forJW, Jw 0.0371989 drout_in -952.506 26.2184 15.8763 1010 18 1000
forpg 3.6 -7.02981e-05 0.00788922 -0.0315582 2 -2937.3 -2939.72 -3891.02 numleaf: 8
diff Ev and lat fluw: 0.133916
shape leaf 153 3.6 0.00022993 0.000229525
an calc 1.23088e-05 1.82574e-05 1.35649e-05 9.63436e-05 8.45928e-05 0.000352247 0.281014  4.71501e-05 0.21 0
forgco2 0.112603 8e-06 0.953926 1.5 1.23088e-05 1.25607e-06 5.71374e-05
forJW, Jw 0.0371965 drout_in -952.446 26.2184 15.8763 1010 18 1000
forpg 3.6 -7.02981e-05 0.00788922 -0.0315582 2 -2939.72 -2941.93 -3893.27 numleaf: 9
diff Ev and lat fluw: 0.133908
shape leaf 154 3.6 0.000229926 0.00022952
an calc 1.23087e-05 1.82571e-05 1.35648e-05 9.63436e-05 8.45928e-05 0.000352247 0.281014  4.71501e-05 0.21 0
forgco2 0.112597 8e-06 0.953868 1.5 1.23087e-05 1.25607e-06 5.71374e-05
forJW, Jw 0.0371944 drout_in -952.392 26.2184 15.8763 1010 18 1000
forpg 3.6 -7.02981e-05 0.00788922 -0.0315582 2 -2941.93 -2943.89 -3895.3 numleaf: 10
diff Ev and lat fluw: 0.1339
shape leaf 155 3.6 0.000229923 0.000229516
an calc 1.23086e-05 1.82568e-05 1.35646e-05 9.63436e-05 8.45928e-05 0.000352247 0.281014  4.71501e-05 0.21 0
forgco2 0.112593 8e-06 0.953816 1.5 1.23086e-05 1.25607e-06 5.71374e-05
forJW, Jw 0.0371926 drout_in -952.344 26.2184 15.8763 1010 18 1000
forpg 3.6 -7.02981e-05 0.00788922 -0.0315582 2 -2943.89 -2945.59 -3897.08 numleaf: 11
diff Ev and lat fluw: 0.133893
shape leaf 162 0 0 0
an calc 0 0 0 9.63436e-05 8.45928e-05 0.000352247 0.281014  4.71501e-05 0.21 0
forgco2 0 8e-06 0 1.5 0 1.25607e-06 5.71374e-05
forJW, Jw 0 drout_in 2912.33 26.2879 15.8763 1010 18 1000
forpg 0 -0 0 0 2 -2911.24 -2913.41 0 numleaf: 12
diff Ev and lat fluw: 0
shape leaf 163 0 0 0
an calc 0 0 0 9.63436e-05 8.45928e-05 0.000352247 0.281014  4.71501e-05 0.21 0
forgco2 0 8e-06 0 1.5 0 1.25607e-06 5.71374e-05
forJW, Jw 0 drout_in 2914.5 26.2879 15.8763 1010 18 1000
forpg 0 -0 0 0 2 -2913.41 -2915.59 0 numleaf: 13
diff Ev and lat fluw: 0
shape leaf 164 0 0 0
an calc 0 0 0 9.63436e-05 8.45928e-05 0.000352247 0.281014  4.71501e-05 0.21 0
forgco2 0 8e-06 0 1.5 0 1.25607e-06 5.71374e-05
forJW, Jw 0 drout_in 2916.68 26.2879 15.8763 1010 18 1000
forpg 0 -0 0 0 2 -2915.59 -2917.77 0 numleaf: 14
diff Ev and lat fluw: 0
shape leaf 165 0 0 0
an calc 0 0 0 9.63436e-05 8.45928e-05 0.000352247 0.281014  4.71501e-05 0.21 0
forgco2 0 8e-06 0 1.5 0 1.25607e-06 5.71374e-05
forJW, Jw 0 drout_in 2918.86 26.288 15.8763 1010 18 1000
forpg 0 -0 0 0 2 -2917.77 -2919.95 0 numleaf: 15
diff Ev and lat fluw: 0
shape leaf 166 3.6 0.000229965 0.000229566
an calc 1.23102e-05 1.82607e-05 1.35663e-05 9.63436e-05 8.45928e-05 0.000352247 0.281014  4.71501e-05 0.21 0
forgco2 0.112653 8e-06 0.954484 1.5 1.23102e-05 1.25607e-06 5.71374e-05
forJW, Jw 0.037217 drout_in -952.971 26.2185 15.8763 1010 18 1000
forpg 3.6 -7.02981e-05 0.00788922 -0.0315582 2 -2919.95 -2922.02 -3873.95 numleaf: 16
diff Ev and lat fluw: 0.133981
