shape leaf 144 0 0 0
an calc 0 0 0 9.63436e-05 8.45928e-05 0.000352247 0.281014  4.71501e-05 0.21 0
forgco2 0 8e-06 0 1.5 0 1.25607e-06 5.71374e-05
forJW, Jw 0 drout_in 3151.46 26.2879 15.8763 1010 18 1000
forpg 0 -0 0 0 2 -3149.62 -3153.3 0 numleaf: 0
diff Ev and lat fluw: 0
shape leaf 145 0 0 0
an calc 0 0 0 9.63436e-05 8.45928e-05 0.000352247 0.281014  4.71501e-05 0.21 0
forgco2 0 8e-06 0 1.5 0 1.25607e-06 5.71374e-05
forJW, Jw 0 drout_in 3155.14 26.2879 15.8763 1010 18 1000
forpg 0 -0 0 0 2 -3153.3 -3156.98 0 numleaf: 1
diff Ev and lat fluw: 0
shape leaf 146 0 0 0
an calc 0 0 0 9.63436e-05 8.45928e-05 0.000352247 0.281014  4.71501e-05 0.21 0
forgco2 0 8e-06 0 1.5 0 1.25607e-06 5.71374e-05
forJW, Jw 0 drout_in 3158.82 26.2879 15.8763 1010 18 1000
forpg 0 -0 0 0 2 -3156.98 -3160.67 0 numleaf: 2
diff Ev and lat fluw: 0
shape leaf 147 0 0 0
an calc 0 0 0 9.63436e-05 8.45928e-05 0.000352247 0.281014  4.71501e-05 0.21 0
forgco2 0 8e-06 0 1.5 0 1.25607e-06 5.71374e-05
forJW, Jw 0 drout_in 3162.51 26.288 15.8763 1010 18 1000
forpg 0 -0 0 0 2 -3160.67 -3164.35 0 numleaf: 3
diff Ev and lat fluw: 0
shape leaf 148 3.6 0.000229553 0.000229026
an calc 1.22926e-05 1.82183e-05 1.35487e-05 9.63436e-05 8.45928e-05 0.000352247 0.281014  4.71501e-05 0.21 0
forgco2 0.112005 8e-06 0.947251 1.5 1.22926e-05 1.25607e-06 5.71374e-05
forJW, Jw 0.0369362 drout_in -945.779 26.2121 15.8763 1010 18 1000
forpg 3.6 -7.02981e-05 0.00788922 -0.0315582 2 -3164.35 -3167.83 -4111.87 numleaf: 4
diff Ev and lat fluw: 0.13297
shape leaf 149 3.6 0.000229547 0.000229018
an calc 1.22924e-05 1.82177e-05 1.35484e-05 9.63436e-05 8.45928e-05 0.000352247 0.281014  4.71501e-05 0.21 0
forgco2 0.111996 8e-06 0.947146 1.5 1.22924e-05 1.25607e-06 5.71374e-05
forJW, Jw 0.0369323 drout_in -945.681 26.2121 15.8763 1010 18 1000
forpg 3.6 -7.02981e-05 0.00788922 -0.0315582 2 -3167.83 -3171.09 -4115.14 numleaf: 5
diff Ev and lat fluw: 0.132956
shape leaf 150 3.6 0.00022954 0.000229011
an calc 1.22921e-05 1.82171e-05 1.35482e-05 9.63436e-05 8.45928e-05 0.000352247 0.281014  4.71501e-05 0.21 0
forgco2 0.111987 8e-06 0.947049 1.5 1.22921e-05 1.25607e-06 5.71374e-05
forJW, Jw 0.0369288 drout_in -945.59 26.2121 15.8763 1010 18 1000
forpg 3.6 -7.02981e-05 0.00788922 -0.0315582 2 -3171.09 -3174.09 -4118.18 numleaf: 6
diff Ev and lat fluw: 0.132944
shape leaf 151 3.6 0.000229535 0.000229004
an calc 1.22919e-05 1.82166e-05 1.3548e-05 9.63436e-05 8.45928e-05 0.000352247 0.281014  4.71501e-05 0.21 0
forgco2 0.111979 8e-06 0.946959 1.5 1.22919e-05 1.25607e-06 5.71374e-05
forJW, Jw 0.0369255 drout_in -945.507 26.2121 15.8763 1010 18 1000
forpg 3.6 -7.02981e-05 0.00788922 -0.0315582 2 -3174.09 -3176.84 -4120.97 numleaf: 7
diff Ev and lat fluw: 0.132932
shape leaf 152 3.6 0.000229529 0.000228998
an calc 1.22917e-05 1.82161e-05 1.35478e-05 9.63436e-05 8.45928e-05 0.000352247 0.281014  4.71501e-05 0.21 0
forgco2 0.111971 8e-06 0.946877 1.5 1.22917e-05 1.25607e-06 5.71374e-05
forJW, Jw 0.0369226 drout_in -945.431 26.2121 15.8763 1010 18 1000
forpg 3.6 -7.02981e-05 0.00788922 -0.0315582 2 -3176.84 -3179.34 -4123.52 numleaf: 8
diff Ev and lat fluw: 0.132921
shape leaf 153 3.6 0.000229525 0.000228993
an calc 1.22915e-05 1.82156e-05 1.35476e-05 9.63436e-05 8.45928e-05 0.000352247 0.281014  4.71501e-05 0.21 0
forgco2 0.111965 8e-06 0.946803 1.5 1.22915e-05 1.25607e-06 5.71374e-05
forJW, Jw 0.0369199 drout_in -945.362 26.2121 15.8763 1010 18 1000
forpg 3.6 -7.02981e-05 0.00788922 -0.0315582 2 -3179.34 -3181.61 -4125.83 numleaf: 9
diff Ev and lat fluw: 0.132912
shape leaf 154 3.6 0.00022952 0.000228988
an calc 1.22914e-05 1.82152e-05 1.35474e-05 9.63436e-05 8.45928e-05 0.000352247 0.281014  4.71501e-05 0.21 0
forgco2 0.111959 8e-06 0.946736 1.5 1.22914e-05 1.25607e-06 5.71374e-05
forJW, Jw 0.0369175 drout_in -945.3 26.212 15.8763 1010 18 1000
forpg 3.6 -7.02981e-05 0.00788922 -0.0315582 2 -3181.61 -3183.6 -4127.9 numleaf: 10
diff Ev and lat fluw: 0.132903
shape leaf 155 3.6 0.000229516 0.000228983
an calc 1.22912e-05 1.82149e-05 1.35473e-05 9.63436e-05 8.45928e-05 0.000352247 0.281014  4.71501e-05 0.21 0
forgco2 0.111954 8e-06 0.946678 1.5 1.22912e-05 1.25607e-06 5.71374e-05
forJW, Jw 0.0369154 drout_in -945.247 26.212 15.8763 1010 18 1000
forpg 3.6 -7.02981e-05 0.00788922 -0.0315582 2 -3183.6 -3185.31 -4129.7 numleaf: 11
diff Ev and lat fluw: 0.132895
shape leaf 162 0 0 0
an calc 0 0 0 9.63436e-05 8.45928e-05 0.000352247 0.281014  4.71501e-05 0.21 0
forgco2 0 8e-06 0 1.5 0 1.25607e-06 5.71374e-05
forJW, Jw 0 drout_in 3150.54 26.2879 15.8763 1010 18 1000
forpg 0 -0 0 0 2 -3149.43 -3151.64 0 numleaf: 12
diff Ev and lat fluw: 0
shape leaf 163 0 0 0
an calc 0 0 0 9.63436e-05 8.45928e-05 0.000352247 0.281014  4.71501e-05 0.21 0
forgco2 0 8e-06 0 1.5 0 1.25607e-06 5.71374e-05
forJW, Jw 0 drout_in 3152.74 26.2879 15.8763 1010 18 1000
forpg 0 -0 0 0 2 -3151.64 -3153.84 0 numleaf: 13
diff Ev and lat fluw: 0
shape leaf 164 0 0 0
an calc 0 0 0 9.63436e-05 8.45928e-05 0.000352247 0.281014  4.71501e-05 0.21 0
forgco2 0 8e-06 0 1.5 0 1.25607e-06 5.71374e-05
forJW, Jw 0 drout_in 3154.94 26.2879 15.8763 1010 18 1000
forpg 0 -0 0 0 2 -3153.84 -3156.04 0 numleaf: 14
diff Ev and lat fluw: 0
shape leaf 165 0 0 0
an calc 0 0 0 9.63436e-05 8.45928e-05 0.000352247 0.281014  4.71501e-05 0.21 0
forgco2 0 8e-06 0 1.5 0 1.25607e-06 5.71374e-05
forJW, Jw 0 drout_in 3157.14 26.288 15.8763 1010 18 1000
forpg 0 -0 0 0 2 -3156.04 -3158.24 0 numleaf: 15
diff Ev and lat fluw: 0
shape leaf 166 3.6 0.000229566 0.000229042
an calc 1.22931e-05 1.82195e-05 1.35492e-05 9.63436e-05 8.45928e-05 0.000352247 0.281014  4.71501e-05 0.21 0
forgco2 0.112024 8e-06 0.947462 1.5 1.22931e-05 1.25607e-06 5.71374e-05
forJW, Jw 0.0369441 drout_in -945.983 26.2123 15.8763 1010 18 1000
forpg 3.6 -7.02981e-05 0.00788922 -0.0315582 2 -3158.24 -3160.32 -4105.26 numleaf: 16
diff Ev and lat fluw: 0.132999
