shape leaf 144 0 0.000175 0
an calc 0 0 0 9.63436e-05 8.45928e-05 0.000352247 0.281014  4.71501e-05 0.21 0
forgco2 0 8e-06 0 1.5 0 1.25607e-06 5.71374e-05
forJW, Jw 0 drout_in 619.8 26.2879 15.8763 1010 18 1000
forpg 0 -0 0 0 2 -619.8 -619.8 0 numleaf: 0
diff Ev and lat fluw: 0
shape leaf 145 0 0.000175 0
an calc 0 0 0 9.63436e-05 8.45928e-05 0.000352247 0.281014  4.71501e-05 0.21 0
forgco2 0 8e-06 0 1.5 0 1.25607e-06 5.71374e-05
forJW, Jw 0 drout_in 619.8 26.2879 15.8763 1010 18 1000
forpg 0 -0 0 0 2 -619.8 -619.8 0 numleaf: 1
diff Ev and lat fluw: 0
shape leaf 146 0 0.000175 0
an calc 0 0 0 9.63436e-05 8.45928e-05 0.000352247 0.281014  4.71501e-05 0.21 0
forgco2 0 8e-06 0 1.5 0 1.25607e-06 5.71374e-05
forJW, Jw 0 drout_in 619.8 26.2879 15.8763 1010 18 1000
forpg 0 -0 0 0 2 -619.8 -619.8 0 numleaf: 2
diff Ev and lat fluw: 0
shape leaf 147 0 0.000175 0
an calc 0 0 0 9.63436e-05 8.45928e-05 0.000352247 0.281014  4.71501e-05 0.21 0
forgco2 0 8e-06 0 1.5 0 1.25607e-06 5.71374e-05
forJW, Jw 0 drout_in 619.8 26.288 15.8763 1010 18 1000
forpg 0 -0 0 0 2 -619.8 -619.8 0 numleaf: 3
diff Ev and lat fluw: 0
shape leaf 148 3.6 0.000175 0.000232482
an calc 1.24041e-05 1.84888e-05 1.36601e-05 9.63436e-05 8.45928e-05 0.000352247 0.281014  4.71501e-05 0.21 0
forgco2 0.116247 8e-06 0.994716 1.5 1.24041e-05 1.25607e-06 5.71374e-05
forJW, Jw 0.0389074 drout_in -996.254 26.288 15.8763 1010 18 1000
forpg 3.6 -7.02981e-05 0.00788922 -0.0315582 2 -619.8 -619.8 -1616.05 numleaf: 4
diff Ev and lat fluw: 0.140067
shape leaf 149 3.6 0.000175 0.000232482
an calc 1.24041e-05 1.84888e-05 1.36601e-05 9.63436e-05 8.45928e-05 0.000352247 0.281014  4.71501e-05 0.21 0
forgco2 0.116247 8e-06 0.994716 1.5 1.24041e-05 1.25607e-06 5.71374e-05
forJW, Jw 0.0389075 drout_in -996.257 26.288 15.8763 1010 18 1000
forpg 3.6 -7.02981e-05 0.00788922 -0.0315582 2 -619.8 -619.8 -1616.06 numleaf: 5
diff Ev and lat fluw: 0.140067
shape leaf 150 3.6 0.000175 0.000232482
an calc 1.24041e-05 1.84888e-05 1.36601e-05 9.63436e-05 8.45928e-05 0.000352247 0.281014  4.71501e-05 0.21 0
forgco2 0.116247 8e-06 0.994716 1.5 1.24041e-05 1.25607e-06 5.71374e-05
forJW, Jw 0.0389077 drout_in -996.26 26.2881 15.8763 1010 18 1000
forpg 3.6 -7.02981e-05 0.00788922 -0.0315582 2 -619.8 -619.8 -1616.06 numleaf: 6
diff Ev and lat fluw: 0.140068
shape leaf 151 3.6 0.000175 0.000232482
an calc 1.24041e-05 1.84888e-05 1.36601e-05 9.63436e-05 8.45928e-05 0.000352247 0.281014  4.71501e-05 0.21 0
forgco2 0.116247 8e-06 0.994716 1.5 1.24041e-05 1.25607e-06 5.71374e-05
forJW, Jw 0.0389078 drout_in -996.264 26.2881 15.8763 1010 18 1000
forpg 3.6 -7.02981e-05 0.00788922 -0.0315582 2 -619.8 -619.8 -1616.06 numleaf: 7
diff Ev and lat fluw: 0.140068
shape leaf 152 3.6 0.000175 0.000232482
an calc 1.24041e-05 1.84888e-05 1.36601e-05 9.63436e-05 8.45928e-05 0.000352247 0.281014  4.71501e-05 0.21 0
forgco2 0.116247 8e-06 0.994716 1.5 1.24041e-05 1.25607e-06 5.71374e-05
forJW, Jw 0.0389079 drout_in -996.267 26.2882 15.8763 1010 18 1000
forpg 3.6 -7.02981e-05 0.00788922 -0.0315582 2 -619.8 -619.8 -1616.07 numleaf: 8
diff Ev and lat fluw: 0.140068
shape leaf 153 3.6 0.000175 0.000232482
an calc 1.24041e-05 1.84888e-05 1.36601e-05 9.63436e-05 8.45928e-05 0.000352247 0.281014  4.71501e-05 0.21 0
forgco2 0.116247 8e-06 0.994716 1.5 1.24041e-05 1.25607e-06 5.71374e-05
forJW, Jw 0.038908 drout_in -996.27 26.2882 15.8763 1010 18 1000
forpg 3.6 -7.02981e-05 0.00788922 -0.0315582 2 -619.8 -619.8 -1616.07 numleaf: 9
diff Ev and lat fluw: 0.140069
shape leaf 154 3.6 0.000175 0.000232482
an calc 1.24041e-05 1.84888e-05 1.36601e-05 9.63436e-05 8.45928e-05 0.000352247 0.281014  4.71501e-05 0.21 0
forgco2 0.116247 8e-06 0.994716 1.5 1.24041e-05 1.25607e-06 5.71374e-05
forJW, Jw 0.0389082 drout_in -996.273 26.2882 15.8763 1010 18 1000
forpg 3.6 -7.02981e-05 0.00788922 -0.0315582 2 -619.8 -619.8 -1616.07 numleaf: 10
diff Ev and lat fluw: 0.140069
shape leaf 155 3.6 0.000175 0.000232482
an calc 1.24041e-05 1.84888e-05 1.36601e-05 9.63436e-05 8.45928e-05 0.000352247 0.281014  4.71501e-05 0.21 0
forgco2 0.116247 8e-06 0.994716 1.5 1.24041e-05 1.25607e-06 5.71374e-05
forJW, Jw 0.0389083 drout_in -996.276 26.2882 15.8763 1010 18 1000
forpg 3.6 -7.02981e-05 0.00788922 -0.0315582 2 -619.8 -619.8 -1616.08 numleaf: 11
diff Ev and lat fluw: 0.14007
shape leaf 162 0 0.000175 0
an calc 0 0 0 9.63436e-05 8.45928e-05 0.000352247 0.281014  4.71501e-05 0.21 0
forgco2 0 8e-06 0 1.5 0 1.25607e-06 5.71374e-05
forJW, Jw 0 drout_in 619.8 26.2879 15.8763 1010 18 1000
forpg 0 -0 0 0 2 -619.8 -619.8 0 numleaf: 12
diff Ev and lat fluw: 0
shape leaf 163 0 0.000175 0
an calc 0 0 0 9.63436e-05 8.45928e-05 0.000352247 0.281014  4.71501e-05 0.21 0
forgco2 0 8e-06 0 1.5 0 1.25607e-06 5.71374e-05
forJW, Jw 0 drout_in 619.8 26.2879 15.8763 1010 18 1000
forpg 0 -0 0 0 2 -619.8 -619.8 0 numleaf: 13
diff Ev and lat fluw: 0
shape leaf 164 0 0.000175 0
an calc 0 0 0 9.63436e-05 8.45928e-05 0.000352247 0.281014  4.71501e-05 0.21 0
forgco2 0 8e-06 0 1.5 0 1.25607e-06 5.71374e-05
forJW, Jw 0 drout_in 619.8 26.2879 15.8763 1010 18 1000
forpg 0 -0 0 0 2 -619.8 -619.8 0 numleaf: 14
diff Ev and lat fluw: 0
shape leaf 165 0 0.000175 0
an calc 0 0 0 9.63436e-05 8.45928e-05 0.000352247 0.281014  4.71501e-05 0.21 0
forgco2 0 8e-06 0 1.5 0 1.25607e-06 5.71374e-05
forJW, Jw 0 drout_in 619.8 26.288 15.8763 1010 18 1000
forpg 0 -0 0 0 2 -619.8 -619.8 0 numleaf: 15
diff Ev and lat fluw: 0
shape leaf 166 3.6 0.000175 0.000232482
an calc 1.24041e-05 1.84888e-05 1.36601e-05 9.63436e-05 8.45928e-05 0.000352247 0.281014  4.71501e-05 0.21 0
forgco2 0.116247 8e-06 0.994716 1.5 1.24041e-05 1.25607e-06 5.71374e-05
forJW, Jw 0.0389074 drout_in -996.254 26.288 15.8763 1010 18 1000
forpg 3.6 -7.02981e-05 0.00788922 -0.0315582 2 -619.8 -619.8 -1616.05 numleaf: 16
diff Ev and lat fluw: 0.140067
