shape leaf 144 0 0 0
an calc 0 0 0 9.63436e-05 8.45928e-05 0.000352247 0.281014  4.71501e-05 0.21 0
forgco2 0 8e-06 0 1.5 0 1.25607e-06 5.71374e-05
forJW, Jw 0 drout_in 2711.81 26.2879 15.8763 1010 18 1000
forpg 0 -0 0 0 2 -2710.14 -2713.47 0 numleaf: 0
diff Ev and lat fluw: 0
shape leaf 145 0 0 0
an calc 0 0 0 9.63436e-05 8.45928e-05 0.000352247 0.281014  4.71501e-05 0.21 0
forgco2 0 8e-06 0 1.5 0 1.25607e-06 5.71374e-05
forJW, Jw 0 drout_in 2715.14 26.2879 15.8763 1010 18 1000
forpg 0 -0 0 0 2 -2713.47 -2716.81 0 numleaf: 1
diff Ev and lat fluw: 0
shape leaf 146 0 0 0
an calc 0 0 0 9.63436e-05 8.45928e-05 0.000352247 0.281014  4.71501e-05 0.21 0
forgco2 0 8e-06 0 1.5 0 1.25607e-06 5.71374e-05
forJW, Jw 0 drout_in 2718.48 26.2879 15.8763 1010 18 1000
forpg 0 -0 0 0 2 -2716.81 -2720.15 0 numleaf: 2
diff Ev and lat fluw: 0
shape leaf 147 0 0 0
an calc 0 0 0 9.63436e-05 8.45928e-05 0.000352247 0.281014  4.71501e-05 0.21 0
forgco2 0 8e-06 0 1.5 0 1.25607e-06 5.71374e-05
forJW, Jw 0 drout_in 2721.81 26.288 15.8763 1010 18 1000
forpg 0 -0 0 0 2 -2720.15 -2723.48 0 numleaf: 3
diff Ev and lat fluw: 0
shape leaf 148 3.6 0.000230467 0.000229955
an calc 1.23228e-05 1.82912e-05 1.35789e-05 9.63436e-05 8.45928e-05 0.000352247 0.281014  4.71501e-05 0.21 0
forgco2 0.113123 8e-06 0.95974 1.5 1.23228e-05 1.25607e-06 5.71374e-05
forJW, Jw 0.0374233 drout_in -958.252 26.2237 15.8763 1010 18 1000
forpg 3.6 -7.02981e-05 0.00788922 -0.0315582 2 -2723.48 -2726.64 -3683.31 numleaf: 4
diff Ev and lat fluw: 0.134724
shape leaf 149 3.6 0.000230463 0.000229949
an calc 1.23226e-05 1.82908e-05 1.35787e-05 9.63436e-05 8.45928e-05 0.000352247 0.281014  4.71501e-05 0.21 0
forgco2 0.113116 8e-06 0.959662 1.5 1.23226e-05 1.25607e-06 5.71374e-05
forJW, Jw 0.0374204 drout_in -958.178 26.2237 15.8763 1010 18 1000
forpg 3.6 -7.02981e-05 0.00788922 -0.0315582 2 -2726.64 -2729.61 -3686.3 numleaf: 5
diff Ev and lat fluw: 0.134713
shape leaf 150 3.6 0.000230458 0.000229944
an calc 1.23224e-05 1.82903e-05 1.35785e-05 9.63436e-05 8.45928e-05 0.000352247 0.281014  4.71501e-05 0.21 0
forgco2 0.113109 8e-06 0.959588 1.5 1.23224e-05 1.25607e-06 5.71374e-05
forJW, Jw 0.0374177 drout_in -958.109 26.2237 15.8763 1010 18 1000
forpg 3.6 -7.02981e-05 0.00788922 -0.0315582 2 -2729.61 -2732.38 -3689.1 numleaf: 6
diff Ev and lat fluw: 0.134704
shape leaf 151 3.6 0.000230454 0.000229939
an calc 1.23223e-05 1.82899e-05 1.35784e-05 9.63436e-05 8.45928e-05 0.000352247 0.281014  4.71501e-05 0.21 0
forgco2 0.113103 8e-06 0.959519 1.5 1.23223e-05 1.25607e-06 5.71374e-05
forJW, Jw 0.0374152 drout_in -958.046 26.2237 15.8763 1010 18 1000
forpg 3.6 -7.02981e-05 0.00788922 -0.0315582 2 -2732.38 -2734.93 -3691.7 numleaf: 7
diff Ev and lat fluw: 0.134695
shape leaf 152 3.6 0.00023045 0.000229934
an calc 1.23221e-05 1.82896e-05 1.35782e-05 9.63436e-05 8.45928e-05 0.000352247 0.281014  4.71501e-05 0.21 0
forgco2 0.113098 8e-06 0.959456 1.5 1.23221e-05 1.25607e-06 5.71374e-05
forJW, Jw 0.0374129 drout_in -957.987 26.2237 15.8763 1010 18 1000
forpg 3.6 -7.02981e-05 0.00788922 -0.0315582 2 -2734.93 -2737.28 -3694.09 numleaf: 8
diff Ev and lat fluw: 0.134687
shape leaf 153 3.6 0.000230447 0.00022993
an calc 1.2322e-05 1.82892e-05 1.35781e-05 9.63436e-05 8.45928e-05 0.000352247 0.281014  4.71501e-05 0.21 0
forgco2 0.113092 8e-06 0.959398 1.5 1.2322e-05 1.25607e-06 5.71374e-05
forJW, Jw 0.0374108 drout_in -957.933 26.2237 15.8763 1010 18 1000
forpg 3.6 -7.02981e-05 0.00788922 -0.0315582 2 -2737.28 -2739.44 -3696.29 numleaf: 9
diff Ev and lat fluw: 0.134679
shape leaf 154 3.6 0.000230443 0.000229926
an calc 1.23219e-05 1.82889e-05 1.35779e-05 9.63436e-05 8.45928e-05 0.000352247 0.281014  4.71501e-05 0.21 0
forgco2 0.113088 8e-06 0.959345 1.5 1.23219e-05 1.25607e-06 5.71374e-05
forJW, Jw 0.0374089 drout_in -957.884 26.2237 15.8763 1010 18 1000
forpg 3.6 -7.02981e-05 0.00788922 -0.0315582 2 -2739.44 -2741.37 -3698.29 numleaf: 10
diff Ev and lat fluw: 0.134672
shape leaf 155 3.6 0.00023044 0.000229923
an calc 1.23218e-05 1.82886e-05 1.35778e-05 9.63436e-05 8.45928e-05 0.000352247 0.281014  4.71501e-05 0.21 0
forgco2 0.113084 8e-06 0.959298 1.5 1.23218e-05 1.25607e-06 5.71374e-05
forJW, Jw 0.0374073 drout_in -957.841 26.2237 15.8763 1010 18 1000
forpg 3.6 -7.02981e-05 0.00788922 -0.0315582 2 -2741.37 -2743.06 -3700.05 numleaf: 11
diff Ev and lat fluw: 0.134666
shape leaf 162 0 0 0
an calc 0 0 0 9.63436e-05 8.45928e-05 0.000352247 0.281014  4.71501e-05 0.21 0
forgco2 0 8e-06 0 1.5 0 1.25607e-06 5.71374e-05
forJW, Jw 0 drout_in 2711.07 26.2879 15.8763 1010 18 1000
forpg 0 -0 0 0 2 -2709.99 -2712.15 0 numleaf: 12
diff Ev and lat fluw: 0
shape leaf 163 0 0 0
an calc 0 0 0 9.63436e-05 8.45928e-05 0.000352247 0.281014  4.71501e-05 0.21 0
forgco2 0 8e-06 0 1.5 0 1.25607e-06 5.71374e-05
forJW, Jw 0 drout_in 2713.23 26.2879 15.8763 1010 18 1000
forpg 0 -0 0 0 2 -2712.15 -2714.31 0 numleaf: 13
diff Ev and lat fluw: 0
shape leaf 164 0 0 0
an calc 0 0 0 9.63436e-05 8.45928e-05 0.000352247 0.281014  4.71501e-05 0.21 0
forgco2 0 8e-06 0 1.5 0 1.25607e-06 5.71374e-05
forJW, Jw 0 drout_in 2715.39 26.2879 15.8763 1010 18 1000
forpg 0 -0 0 0 2 -2714.31 -2716.47 0 numleaf: 14
diff Ev and lat fluw: 0
shape leaf 165 0 0 0
an calc 0 0 0 9.63436e-05 8.45928e-05 0.000352247 0.281014  4.71501e-05 0.21 0
forgco2 0 8e-06 0 1.5 0 1.25607e-06 5.71374e-05
forJW, Jw 0 drout_in 2717.55 26.288 15.8763 1010 18 1000
forpg 0 -0 0 0 2 -2716.47 -2718.63 0 numleaf: 15
diff Ev and lat fluw: 0
shape leaf 166 3.6 0.000230475 0.000229965
an calc 1.23231e-05 1.8292e-05 1.35792e-05 9.63436e-05 8.45928e-05 0.000352247 0.281014  4.71501e-05 0.21 0
forgco2 0.113136 8e-06 0.959879 1.5 1.23231e-05 1.25607e-06 5.71374e-05
forJW, Jw 0.0374285 drout_in -958.386 26.2238 15.8763 1010 18 1000
forpg 3.6 -7.02981e-05 0.00788922 -0.0315582 2 -2718.63 -2720.68 -3678.04 numleaf: 16
diff Ev and lat fluw: 0.134743
