shape leaf 144 0 0 0
an calc 0 0 0 9.63436e-05 8.45928e-05 0.000352247 0.281014  4.71501e-05 0.21 0
forgco2 0 8e-06 0 1.5 0 1.25607e-06 5.71374e-05
forJW, Jw 0 drout_in 2423.98 26.2879 15.8763 1010 18 1000
forpg 0 -0 0 0 2 -2422.43 -2425.54 0 numleaf: 0
diff Ev and lat fluw: 0
shape leaf 145 0 0 0
an calc 0 0 0 9.63436e-05 8.45928e-05 0.000352247 0.281014  4.71501e-05 0.21 0
forgco2 0 8e-06 0 1.5 0 1.25607e-06 5.71374e-05
forJW, Jw 0 drout_in 2427.09 26.2879 15.8763 1010 18 1000
forpg 0 -0 0 0 2 -2425.54 -2428.64 0 numleaf: 1
diff Ev and lat fluw: 0
shape leaf 146 0 0 0
an calc 0 0 0 9.63436e-05 8.45928e-05 0.000352247 0.281014  4.71501e-05 0.21 0
forgco2 0 8e-06 0 1.5 0 1.25607e-06 5.71374e-05
forJW, Jw 0 drout_in 2430.2 26.2879 15.8763 1010 18 1000
forpg 0 -0 0 0 2 -2428.64 -2431.75 0 numleaf: 2
diff Ev and lat fluw: 0
shape leaf 147 0 0 0
an calc 0 0 0 9.63436e-05 8.45928e-05 0.000352247 0.281014  4.71501e-05 0.21 0
forgco2 0 8e-06 0 1.5 0 1.25607e-06 5.71374e-05
forJW, Jw 0 drout_in 2433.31 26.288 15.8763 1010 18 1000
forpg 0 -0 0 0 2 -2431.75 -2434.86 0 numleaf: 3
diff Ev and lat fluw: 0
shape leaf 148 3.6 0.000231087 0.000230467
an calc 1.23394e-05 1.83314e-05 1.35955e-05 9.63436e-05 8.45928e-05 0.000352247 0.281014  4.71501e-05 0.21 0
forgco2 0.113746 8e-06 0.96671 1.5 1.23394e-05 1.25607e-06 5.71374e-05
forJW, Jw 0.0376993 drout_in -965.319 26.2313 15.8763 1010 18 1000
forpg 3.6 -7.02981e-05 0.00788922 -0.0315582 2 -2434.86 -2437.81 -3401.65 numleaf: 4
diff Ev and lat fluw: 0.135717
shape leaf 149 3.6 0.000231083 0.000230463
an calc 1.23392e-05 1.8331e-05 1.35953e-05 9.63436e-05 8.45928e-05 0.000352247 0.281014  4.71501e-05 0.21 0
forgco2 0.113741 8e-06 0.966645 1.5 1.23392e-05 1.25607e-06 5.71374e-05
forJW, Jw 0.0376969 drout_in -965.259 26.2313 15.8763 1010 18 1000
forpg 3.6 -7.02981e-05 0.00788922 -0.0315582 2 -2437.81 -2440.59 -3404.46 numleaf: 5
diff Ev and lat fluw: 0.135709
shape leaf 150 3.6 0.00023108 0.000230458
an calc 1.23391e-05 1.83306e-05 1.35952e-05 9.63436e-05 8.45928e-05 0.000352247 0.281014  4.71501e-05 0.21 0
forgco2 0.113735 8e-06 0.966584 1.5 1.23391e-05 1.25607e-06 5.71374e-05
forJW, Jw 0.0376947 drout_in -965.202 26.2313 15.8763 1010 18 1000
forpg 3.6 -7.02981e-05 0.00788922 -0.0315582 2 -2440.59 -2443.2 -3407.1 numleaf: 6
diff Ev and lat fluw: 0.135701
shape leaf 151 3.6 0.000231077 0.000230454
an calc 1.23389e-05 1.83303e-05 1.3595e-05 9.63436e-05 8.45928e-05 0.000352247 0.281014  4.71501e-05 0.21 0
forgco2 0.11373 8e-06 0.966527 1.5 1.23389e-05 1.25607e-06 5.71374e-05
forJW, Jw 0.0376926 drout_in -965.149 26.2313 15.8763 1010 18 1000
forpg 3.6 -7.02981e-05 0.00788922 -0.0315582 2 -2443.2 -2445.62 -3409.56 numleaf: 7
diff Ev and lat fluw: 0.135694
shape leaf 152 3.6 0.000231074 0.00023045
an calc 1.23388e-05 1.833e-05 1.35949e-05 9.63436e-05 8.45928e-05 0.000352247 0.281014  4.71501e-05 0.21 0
forgco2 0.113725 8e-06 0.966474 1.5 1.23388e-05 1.25607e-06 5.71374e-05
forJW, Jw 0.0376907 drout_in -965.1 26.2313 15.8763 1010 18 1000
forpg 3.6 -7.02981e-05 0.00788922 -0.0315582 2 -2445.62 -2447.87 -3411.85 numleaf: 8
diff Ev and lat fluw: 0.135687
shape leaf 153 3.6 0.000231071 0.000230447
an calc 1.23387e-05 1.83297e-05 1.35948e-05 9.63436e-05 8.45928e-05 0.000352247 0.281014  4.71501e-05 0.21 0
forgco2 0.113721 8e-06 0.966424 1.5 1.23387e-05 1.25607e-06 5.71374e-05
forJW, Jw 0.037689 drout_in -965.055 26.2313 15.8763 1010 18 1000
forpg 3.6 -7.02981e-05 0.00788922 -0.0315582 2 -2447.87 -2449.97 -3413.97 numleaf: 9
diff Ev and lat fluw: 0.13568
shape leaf 154 3.6 0.000231068 0.000230443
an calc 1.23386e-05 1.83295e-05 1.35947e-05 9.63436e-05 8.45928e-05 0.000352247 0.281014  4.71501e-05 0.21 0
forgco2 0.113717 8e-06 0.966379 1.5 1.23386e-05 1.25607e-06 5.71374e-05
forJW, Jw 0.0376873 drout_in -965.013 26.2313 15.8763 1010 18 1000
forpg 3.6 -7.02981e-05 0.00788922 -0.0315582 2 -2449.97 -2451.85 -3415.92 numleaf: 10
diff Ev and lat fluw: 0.135674
shape leaf 155 3.6 0.000231066 0.00023044
an calc 1.23385e-05 1.83292e-05 1.35946e-05 9.63436e-05 8.45928e-05 0.000352247 0.281014  4.71501e-05 0.21 0
forgco2 0.113713 8e-06 0.966338 1.5 1.23385e-05 1.25607e-06 5.71374e-05
forJW, Jw 0.0376859 drout_in -964.976 26.2313 15.8763 1010 18 1000
forpg 3.6 -7.02981e-05 0.00788922 -0.0315582 2 -2451.85 -2453.53 -3417.67 numleaf: 11
diff Ev and lat fluw: 0.135669
shape leaf 162 0 0 0
an calc 0 0 0 9.63436e-05 8.45928e-05 0.000352247 0.281014  4.71501e-05 0.21 0
forgco2 0 8e-06 0 1.5 0 1.25607e-06 5.71374e-05
forJW, Jw 0 drout_in 2423.37 26.2879 15.8763 1010 18 1000
forpg 0 -0 0 0 2 -2422.31 -2424.44 0 numleaf: 12
diff Ev and lat fluw: 0
shape leaf 163 0 0 0
an calc 0 0 0 9.63436e-05 8.45928e-05 0.000352247 0.281014  4.71501e-05 0.21 0
forgco2 0 8e-06 0 1.5 0 1.25607e-06 5.71374e-05
forJW, Jw 0 drout_in 2425.5 26.2879 15.8763 1010 18 1000
forpg 0 -0 0 0 2 -2424.44 -2426.57 0 numleaf: 13
diff Ev and lat fluw: 0
shape leaf 164 0 0 0
an calc 0 0 0 9.63436e-05 8.45928e-05 0.000352247 0.281014  4.71501e-05 0.21 0
forgco2 0 8e-06 0 1.5 0 1.25607e-06 5.71374e-05
forJW, Jw 0 drout_in 2427.63 26.2879 15.8763 1010 18 1000
forpg 0 -0 0 0 2 -2426.57 -2428.7 0 numleaf: 14
diff Ev and lat fluw: 0
shape leaf 165 0 0 0
an calc 0 0 0 9.63436e-05 8.45928e-05 0.000352247 0.281014  4.71501e-05 0.21 0
forgco2 0 8e-06 0 1.5 0 1.25607e-06 5.71374e-05
forJW, Jw 0 drout_in 2429.76 26.288 15.8763 1010 18 1000
forpg 0 -0 0 0 2 -2428.7 -2430.83 0 numleaf: 15
diff Ev and lat fluw: 0
shape leaf 166 3.6 0.000231091 0.000230475
an calc 1.23396e-05 1.83319e-05 1.35957e-05 9.63436e-05 8.45928e-05 0.000352247 0.281014  4.71501e-05 0.21 0
forgco2 0.113756 8e-06 0.966811 1.5 1.23396e-05 1.25607e-06 5.71374e-05
forJW, Jw 0.0377031 drout_in -965.417 26.2314 15.8763 1010 18 1000
forpg 3.6 -7.02981e-05 0.00788922 -0.0315582 2 -2430.83 -2432.87 -3397.27 numleaf: 16
diff Ev and lat fluw: 0.135731
