shape leaf 144 0 0 0
an calc 0 0 0 9.63436e-05 8.45928e-05 0.000352247 0.281014  4.71501e-05 0.21 0
forgco2 0 8e-06 0 1.5 0 1.25607e-06 5.71374e-05
forJW, Jw 0 drout_in 1431.69 26.2879 15.8763 1010 18 1000
forpg 0 -0 0 0 2 -1430.53 -1432.86 0 numleaf: 0
diff Ev and lat fluw: 0
shape leaf 145 0 0 0
an calc 0 0 0 9.63436e-05 8.45928e-05 0.000352247 0.281014  4.71501e-05 0.21 0
forgco2 0 8e-06 0 1.5 0 1.25607e-06 5.71374e-05
forJW, Jw 0 drout_in 1434.02 26.2879 15.8763 1010 18 1000
forpg 0 -0 0 0 2 -1432.86 -1435.18 0 numleaf: 1
diff Ev and lat fluw: 0
shape leaf 146 0 0 0
an calc 0 0 0 9.63436e-05 8.45928e-05 0.000352247 0.281014  4.71501e-05 0.21 0
forgco2 0 8e-06 0 1.5 0 1.25607e-06 5.71374e-05
forJW, Jw 0 drout_in 1436.34 26.2879 15.8763 1010 18 1000
forpg 0 -0 0 0 2 -1435.18 -1437.5 0 numleaf: 2
diff Ev and lat fluw: 0
shape leaf 147 0 0 0
an calc 0 0 0 9.63436e-05 8.45928e-05 0.000352247 0.281014  4.71501e-05 0.21 0
forgco2 0 8e-06 0 1.5 0 1.25607e-06 5.71374e-05
forJW, Jw 0 drout_in 1438.67 26.288 15.8763 1010 18 1000
forpg 0 -0 0 0 2 -1437.5 -1439.83 0 numleaf: 3
diff Ev and lat fluw: 0
shape leaf 148 3.6 0.000232482 0.000231782
an calc 1.23817e-05 1.84342e-05 1.36377e-05 9.63436e-05 8.45928e-05 0.000352247 0.281014  4.71501e-05 0.21 0
forgco2 0.115369 8e-06 0.984872 1.5 1.23817e-05 1.25607e-06 5.71374e-05
forJW, Jw 0.0384425 drout_in -984.351 26.2575 15.8763 1010 18 1000
forpg 3.6 -7.02981e-05 0.00788922 -0.0315582 2 -1439.83 -1442.04 -2425.28 numleaf: 4
diff Ev and lat fluw: 0.138393
shape leaf 149 3.6 0.000232482 0.00023178
an calc 1.23816e-05 1.8434e-05 1.36377e-05 9.63436e-05 8.45928e-05 0.000352247 0.281014  4.71501e-05 0.21 0
forgco2 0.115366 8e-06 0.98484 1.5 1.23816e-05 1.25607e-06 5.71374e-05
forJW, Jw 0.0384416 drout_in -984.326 26.2575 15.8763 1010 18 1000
forpg 3.6 -7.02981e-05 0.00788922 -0.0315582 2 -1442.04 -1444.18 -2427.44 numleaf: 5
diff Ev and lat fluw: 0.13839
shape leaf 150 3.6 0.000232482 0.000231777
an calc 1.23815e-05 1.84338e-05 1.36376e-05 9.63436e-05 8.45928e-05 0.000352247 0.281014  4.71501e-05 0.21 0
forgco2 0.115363 8e-06 0.98481 1.5 1.23815e-05 1.25607e-06 5.71374e-05
forJW, Jw 0.0384406 drout_in -984.301 26.2575 15.8763 1010 18 1000
forpg 3.6 -7.02981e-05 0.00788922 -0.0315582 2 -1444.18 -1446.25 -2429.52 numleaf: 6
diff Ev and lat fluw: 0.138386
shape leaf 151 3.6 0.000232482 0.000231775
an calc 1.23815e-05 1.84336e-05 1.36375e-05 9.63436e-05 8.45928e-05 0.000352247 0.281014  4.71501e-05 0.21 0
forgco2 0.115361 8e-06 0.984781 1.5 1.23815e-05 1.25607e-06 5.71374e-05
forJW, Jw 0.0384397 drout_in -984.278 26.2576 15.8763 1010 18 1000
forpg 3.6 -7.02981e-05 0.00788922 -0.0315582 2 -1446.25 -1448.23 -2431.52 numleaf: 7
diff Ev and lat fluw: 0.138383
shape leaf 152 3.6 0.000232482 0.000231773
an calc 1.23814e-05 1.84335e-05 1.36375e-05 9.63436e-05 8.45928e-05 0.000352247 0.281014  4.71501e-05 0.21 0
forgco2 0.115358 8e-06 0.984753 1.5 1.23814e-05 1.25607e-06 5.71374e-05
forJW, Jw 0.0384388 drout_in -984.255 26.2576 15.8763 1010 18 1000
forpg 3.6 -7.02981e-05 0.00788922 -0.0315582 2 -1448.23 -1450.13 -2433.44 numleaf: 8
diff Ev and lat fluw: 0.13838
shape leaf 153 3.6 0.000232482 0.000231771
an calc 1.23813e-05 1.84333e-05 1.36374e-05 9.63436e-05 8.45928e-05 0.000352247 0.281014  4.71501e-05 0.21 0
forgco2 0.115356 8e-06 0.984725 1.5 1.23813e-05 1.25607e-06 5.71374e-05
forJW, Jw 0.038438 drout_in -984.234 26.2576 15.8763 1010 18 1000
forpg 3.6 -7.02981e-05 0.00788922 -0.0315582 2 -1450.13 -1451.98 -2435.29 numleaf: 9
diff Ev and lat fluw: 0.138377
shape leaf 154 3.6 0.000232482 0.00023177
an calc 1.23813e-05 1.84332e-05 1.36373e-05 9.63436e-05 8.45928e-05 0.000352247 0.281014  4.71501e-05 0.21 0
forgco2 0.115353 8e-06 0.984699 1.5 1.23813e-05 1.25607e-06 5.71374e-05
forJW, Jw 0.0384372 drout_in -984.213 26.2577 15.8763 1010 18 1000
forpg 3.6 -7.02981e-05 0.00788922 -0.0315582 2 -1451.98 -1453.71 -2437.06 numleaf: 10
diff Ev and lat fluw: 0.138374
shape leaf 155 3.6 0.000232482 0.000231768
an calc 1.23812e-05 1.84331e-05 1.36373e-05 9.63436e-05 8.45928e-05 0.000352247 0.281014  4.71501e-05 0.21 0
forgco2 0.115351 8e-06 0.984675 1.5 1.23812e-05 1.25607e-06 5.71374e-05
forJW, Jw 0.0384364 drout_in -984.194 26.2577 15.8763 1010 18 1000
forpg 3.6 -7.02981e-05 0.00788922 -0.0315582 2 -1453.71 -1455.34 -2438.72 numleaf: 11
diff Ev and lat fluw: 0.138371
shape leaf 162 0 0 0
an calc 0 0 0 9.63436e-05 8.45928e-05 0.000352247 0.281014  4.71501e-05 0.21 0
forgco2 0 8e-06 0 1.5 0 1.25607e-06 5.71374e-05
forJW, Jw 0 drout_in 1431.51 26.2879 15.8763 1010 18 1000
forpg 0 -0 0 0 2 -1430.5 -1432.53 0 numleaf: 12
diff Ev and lat fluw: 0
shape leaf 163 0 0 0
an calc 0 0 0 9.63436e-05 8.45928e-05 0.000352247 0.281014  4.71501e-05 0.21 0
forgco2 0 8e-06 0 1.5 0 1.25607e-06 5.71374e-05
forJW, Jw 0 drout_in 1433.55 26.2879 15.8763 1010 18 1000
forpg 0 -0 0 0 2 -1432.53 -1434.56 0 numleaf: 13
diff Ev and lat fluw: 0
shape leaf 164 0 0 0
an calc 0 0 0 9.63436e-05 8.45928e-05 0.000352247 0.281014  4.71501e-05 0.21 0
forgco2 0 8e-06 0 1.5 0 1.25607e-06 5.71374e-05
forJW, Jw 0 drout_in 1435.58 26.2879 15.8763 1010 18 1000
forpg 0 -0 0 0 2 -1434.56 -1436.6 0 numleaf: 14
diff Ev and lat fluw: 0
shape leaf 165 0 0 0
an calc 0 0 0 9.63436e-05 8.45928e-05 0.000352247 0.281014  4.71501e-05 0.21 0
forgco2 0 8e-06 0 1.5 0 1.25607e-06 5.71374e-05
forJW, Jw 0 drout_in 1437.61 26.288 15.8763 1010 18 1000
forpg 0 -0 0 0 2 -1436.6 -1438.63 0 numleaf: 15
diff Ev and lat fluw: 0
shape leaf 166 3.6 0.000232482 0.000231783
an calc 1.23817e-05 1.84343e-05 1.36378e-05 9.63436e-05 8.45928e-05 0.000352247 0.281014  4.71501e-05 0.21 0
forgco2 0.115371 8e-06 0.984891 1.5 1.23817e-05 1.25607e-06 5.71374e-05
forJW, Jw 0.0384432 drout_in -984.368 26.2575 15.8763 1010 18 1000
forpg 3.6 -7.02981e-05 0.00788922 -0.0315582 2 -1438.63 -1440.63 -2424 numleaf: 16
diff Ev and lat fluw: 0.138396
