shape leaf 144 0 0 0
an calc 0 0 0 9.63436e-05 8.45928e-05 0.000352247 0.281014  4.71501e-05 0.21 0
forgco2 0 8e-06 0 1.5 0 1.25607e-06 5.71374e-05
forJW, Jw 0 drout_in 2013.85 26.2879 15.8763 1010 18 1000
forpg 0 -0 0 0 2 -2012.46 -2015.24 0 numleaf: 0
diff Ev and lat fluw: 0
shape leaf 145 0 0 0
an calc 0 0 0 9.63436e-05 8.45928e-05 0.000352247 0.281014  4.71501e-05 0.21 0
forgco2 0 8e-06 0 1.5 0 1.25607e-06 5.71374e-05
forJW, Jw 0 drout_in 2016.63 26.2879 15.8763 1010 18 1000
forpg 0 -0 0 0 2 -2015.24 -2018.03 0 numleaf: 1
diff Ev and lat fluw: 0
shape leaf 146 0 0 0
an calc 0 0 0 9.63436e-05 8.45928e-05 0.000352247 0.281014  4.71501e-05 0.21 0
forgco2 0 8e-06 0 1.5 0 1.25607e-06 5.71374e-05
forJW, Jw 0 drout_in 2019.42 26.2879 15.8763 1010 18 1000
forpg 0 -0 0 0 2 -2018.03 -2020.81 0 numleaf: 2
diff Ev and lat fluw: 0
shape leaf 147 0 0 0
an calc 0 0 0 9.63436e-05 8.45928e-05 0.000352247 0.281014  4.71501e-05 0.21 0
forgco2 0 8e-06 0 1.5 0 1.25607e-06 5.71374e-05
forJW, Jw 0 drout_in 2022.2 26.288 15.8763 1010 18 1000
forpg 0 -0 0 0 2 -2020.81 -2023.6 0 numleaf: 3
diff Ev and lat fluw: 0
shape leaf 148 3.6 0.000231782 0.000231087
an calc 1.23593e-05 1.83798e-05 1.36154e-05 9.63436e-05 8.45928e-05 0.000352247 0.281014  4.71501e-05 0.21 0
forgco2 0.114507 8e-06 0.975217 1.5 1.23593e-05 1.25607e-06 5.71374e-05
forJW, Jw 0.0380421 drout_in -974.097 26.2422 15.8763 1010 18 1000
forpg 3.6 -7.02981e-05 0.00788922 -0.0315582 2 -2023.6 -2026.24 -2999.01 numleaf: 4
diff Ev and lat fluw: 0.136951
shape leaf 149 3.6 0.00023178 0.000231083
an calc 1.23592e-05 1.83796e-05 1.36153e-05 9.63436e-05 8.45928e-05 0.000352247 0.281014  4.71501e-05 0.21 0
forgco2 0.114502 8e-06 0.975168 1.5 1.23592e-05 1.25607e-06 5.71374e-05
forJW, Jw 0.0380403 drout_in -974.052 26.2422 15.8763 1010 18 1000
forpg 3.6 -7.02981e-05 0.00788922 -0.0315582 2 -2026.24 -2028.76 -3001.55 numleaf: 5
diff Ev and lat fluw: 0.136945
shape leaf 150 3.6 0.000231777 0.00023108
an calc 1.23591e-05 1.83793e-05 1.36152e-05 9.63436e-05 8.45928e-05 0.000352247 0.281014  4.71501e-05 0.21 0
forgco2 0.114498 8e-06 0.975122 1.5 1.23591e-05 1.25607e-06 5.71374e-05
forJW, Jw 0.0380387 drout_in -974.009 26.2422 15.8763 1010 18 1000
forpg 3.6 -7.02981e-05 0.00788922 -0.0315582 2 -2028.76 -2031.15 -3003.96 numleaf: 6
diff Ev and lat fluw: 0.136939
shape leaf 151 3.6 0.000231775 0.000231077
an calc 1.2359e-05 1.8379e-05 1.36151e-05 9.63436e-05 8.45928e-05 0.000352247 0.281014  4.71501e-05 0.21 0
forgco2 0.114494 8e-06 0.975078 1.5 1.2359e-05 1.25607e-06 5.71374e-05
forJW, Jw 0.0380371 drout_in -973.969 26.2422 15.8763 1010 18 1000
forpg 3.6 -7.02981e-05 0.00788922 -0.0315582 2 -2031.15 -2033.39 -3006.24 numleaf: 7
diff Ev and lat fluw: 0.136934
shape leaf 152 3.6 0.000231773 0.000231074
an calc 1.23589e-05 1.83788e-05 1.3615e-05 9.63436e-05 8.45928e-05 0.000352247 0.281014  4.71501e-05 0.21 0
forgco2 0.114491 8e-06 0.975037 1.5 1.23589e-05 1.25607e-06 5.71374e-05
forJW, Jw 0.0380356 drout_in -973.931 26.2422 15.8763 1010 18 1000
forpg 3.6 -7.02981e-05 0.00788922 -0.0315582 2 -2033.39 -2035.49 -3008.37 numleaf: 8
diff Ev and lat fluw: 0.136928
shape leaf 153 3.6 0.000231771 0.000231071
an calc 1.23588e-05 1.83786e-05 1.36149e-05 9.63436e-05 8.45928e-05 0.000352247 0.281014  4.71501e-05 0.21 0
forgco2 0.114487 8e-06 0.974999 1.5 1.23588e-05 1.25607e-06 5.71374e-05
forJW, Jw 0.0380342 drout_in -973.896 26.2422 15.8763 1010 18 1000
forpg 3.6 -7.02981e-05 0.00788922 -0.0315582 2 -2035.49 -2037.49 -3010.39 numleaf: 9
diff Ev and lat fluw: 0.136923
shape leaf 154 3.6 0.00023177 0.000231068
an calc 1.23588e-05 1.83784e-05 1.36148e-05 9.63436e-05 8.45928e-05 0.000352247 0.281014  4.71501e-05 0.21 0
forgco2 0.114484 8e-06 0.974962 1.5 1.23588e-05 1.25607e-06 5.71374e-05
forJW, Jw 0.0380329 drout_in -973.863 26.2422 15.8763 1010 18 1000
forpg 3.6 -7.02981e-05 0.00788922 -0.0315582 2 -2037.49 -2039.31 -3012.26 numleaf: 10
diff Ev and lat fluw: 0.136919
shape leaf 155 3.6 0.000231768 0.000231066
an calc 1.23587e-05 1.83782e-05 1.36147e-05 9.63436e-05 8.45928e-05 0.000352247 0.281014  4.71501e-05 0.21 0
forgco2 0.114481 8e-06 0.974929 1.5 1.23587e-05 1.25607e-06 5.71374e-05
forJW, Jw 0.0380318 drout_in -973.833 26.2422 15.8763 1010 18 1000
forpg 3.6 -7.02981e-05 0.00788922 -0.0315582 2 -2039.31 -2040.97 -3013.97 numleaf: 11
diff Ev and lat fluw: 0.136914
shape leaf 162 0 0 0
an calc 0 0 0 9.63436e-05 8.45928e-05 0.000352247 0.281014  4.71501e-05 0.21 0
forgco2 0 8e-06 0 1.5 0 1.25607e-06 5.71374e-05
forJW, Jw 0 drout_in 2013.42 26.2879 15.8763 1010 18 1000
forpg 0 -0 0 0 2 -2012.37 -2014.46 0 numleaf: 12
diff Ev and lat fluw: 0
shape leaf 163 0 0 0
an calc 0 0 0 9.63436e-05 8.45928e-05 0.000352247 0.281014  4.71501e-05 0.21 0
forgco2 0 8e-06 0 1.5 0 1.25607e-06 5.71374e-05
forJW, Jw 0 drout_in 2015.51 26.2879 15.8763 1010 18 1000
forpg 0 -0 0 0 2 -2014.46 -2016.55 0 numleaf: 13
diff Ev and lat fluw: 0
shape leaf 164 0 0 0
an calc 0 0 0 9.63436e-05 8.45928e-05 0.000352247 0.281014  4.71501e-05 0.21 0
forgco2 0 8e-06 0 1.5 0 1.25607e-06 5.71374e-05
forJW, Jw 0 drout_in 2017.6 26.2879 15.8763 1010 18 1000
forpg 0 -0 0 0 2 -2016.55 -2018.64 0 numleaf: 14
diff Ev and lat fluw: 0
shape leaf 165 0 0 0
an calc 0 0 0 9.63436e-05 8.45928e-05 0.000352247 0.281014  4.71501e-05 0.21 0
forgco2 0 8e-06 0 1.5 0 1.25607e-06 5.71374e-05
forJW, Jw 0 drout_in 2019.69 26.288 15.8763 1010 18 1000
forpg 0 -0 0 0 2 -2018.64 -2020.73 0 numleaf: 15
diff Ev and lat fluw: 0
shape leaf 166 3.6 0.000231783 0.000231091
an calc 1.23595e-05 1.83802e-05 1.36156e-05 9.63436e-05 8.45928e-05 0.000352247 0.281014  4.71501e-05 0.21 0
forgco2 0.114512 8e-06 0.975277 1.5 1.23595e-05 1.25607e-06 5.71374e-05
forJW, Jw 0.0380443 drout_in -974.154 26.2422 15.8763 1010 18 1000
forpg 3.6 -7.02981e-05 0.00788922 -0.0315582 2 -2020.73 -2022.75 -2995.9 numleaf: 16
diff Ev and lat fluw: 0.136959
