0.0,0.0,0.0,0.0,0.11291839937307985,0.11291104446202999,0.1129040606493075,0.11289746239805225,0.1128912623379915,0.11288546049286946,0.11288004728131588,0.11287562018804956,0.0,0.0,0.0,0.0
0.0,0.0,0.0,0.0,0.11290619039158287,0.11289890138662884,0.11289197755571431,0.11288543326158154,0.11287928104603095,0.11287352092615015,0.11286814337601435,0.11286369648334342,0.0,0.0,0.0,0.0
0.0,0.0,0.0,0.0,0.11273589106168584,0.11272860785005143,0.11272168514468352,0.1127151373518325,0.11270897705034186,0.11270320424207936,0.1126978093465855,0.11269329330982536,0.0,0.0,0.0,0.0,0.11274592862049923
0.0,0.0,0.0,0.0,0.11273898801199034,0.11273191975782615,0.11272519615025887,0.11271883124556448,0.11271283731653549,0.11270721435238154,0.11270195298382063,0.1126974943216286,0.0,0.0,0.0,0.0,0.11274842373894754
0.0,0.0,0.0,0.0,0.11259826021943098,0.11259139080513983,0.1125848498877425,0.11257865122337571,0.1125728068218546,0.11256731665441994,0.11256217152097918,0.11255775591554815,0.0,0.0,0.0,0.0,0.11260707992949406
0.0,0.0,0.0,0.0,0.11241038700911808,0.11240380157877124,0.11239752389885001,0.1123915672667332,0.11238594329080176,0.11238065192420138,0.11237568424125631,0.11237136571028905,0.0,0.0,0.0,0.0,0.11241846803109405
0.0,0.0,0.0,0.0,0.11204666921921289,0.1120403902193587,0.11203439688384606,0.11202870201251165,0.11202331677827769,0.1120182411147925,0.11201346639428683,0.11200926072109915,0.0,0.0,0.0,0.0,0.11205398030845858
0.0,0.0,0.0,0.0,0.11138679298667765,0.11138079903646984,0.11137506954146167,0.11136961685013132,0.11136445173999394,0.11135957412312714,0.1113549756355794,0.11135087085666126,0.0,0.0,0.0,0.0,0.11139336304692309
0.0,0.0,0.0,0.0,0.11040347973594127,0.11039782700383334,0.11039241540128308,0.11038725670637896,0.11038236119741827,0.11037772876731174,0.11037335139915645,0.11036939097849827,0.0,0.0,0.0,0.0,0.11040926878653627
0.0,0.0,0.0,0.0,0.10733717553933729,0.1073319228813057,0.10732688608870235,0.10732207623838065,0.10731750299513772,0.10731316623447049,0.10730905837665525,0.10730529077240872,0.0,0.0,0.0,0.0,0.1073421547700306
0.0,0.0,0.0,0.0,0.10381508474517698,0.10381023327260017,0.10380557339998361,0.10380111548510079,0.10379686856379627,0.10379283249721431,0.10378900015988742,0.10378543693958947,0.0,0.0,0.0,0.0,0.10381930427423354
0.0,0.0,0.0,0.0,0.09975257977631552,0.09974812802271575,0.09974384488381476,0.09973973998263226,0.09973582171255789,0.09973208992398902,0.09972853796225552,0.09972519004670032,0.0,0.0,0.0,0.0,0.09975609895757193
0.0,0.0,0.0,0.0,0.09507225414139509,0.09506823465879223,0.09506436103769637,0.09506064207495907,0.09505708544208188,0.09505369098460861,0.09505045258939704,0.09504736990291086,0.0,0.0,0.0,0.0,0.09507511271499149
0.0,0.0,0.0,0.0,0.08950765510816776,0.08950403260999779,0.08950053595366354,0.0894971731654838,0.08949395124373574,0.0894908700313992,0.0894879239237837,0.08948511258430286,0.0,0.0,0.0,0.0,0.08950994207945352
0.0,0.0,0.0,0.0,0.08288719388531766,0.08288397499027973,0.08288086311597259,0.08287786547863492,0.0828749883691232,0.08287223163270961,0.08286959020764402,0.08286706377942657,0.0,0.0,0.0,0.0,0.08288897572281909
0.0,0.0,0.0,0.0,0.07496858439446343,0.07496579295202575,0.07496309037710948,0.0749604829969868,0.07495797632664865,0.07495557021957738,0.07495326021938639,0.07495104604074931,0.0,0.0,0.0,0.0,0.0749699594237222
0.0,0.0,0.0,0.0,0.06550435791544776,0.0655020047553395,0.06549972338477512,0.06549751919255063,0.06549539687492653,0.06549335629855187,0.0654913936536817,0.06548950868971087,0.0,0.0,0.0,0.0,0.06550539977729433
0.0,0.0,0.0,0.0,0.05447755930519772,0.05447567014748635,0.054473836279832016,0.054472062069771655,0.05447035132300427,0.05446870392515997,0.05446711677796864,0.05446558967270783,0.0,0.0,0.0,0.0,0.05447830777992336
0.0,0.0,0.0,0.0,0.04222324919837548,0.042221828758138576,0.04222044821622332,0.04221911088605814,0.04221781965443223,0.04221657443011067,0.04221537285512326,0.04221421476711762,0.0,0.0,0.0,0.0,0.042223749147830905
0.0,0.0,0.0,0.0,0.02960452927365485,0.029603562446558204,0.029602621638480684,0.02960170912481403,0.029600826887694383,0.02959997486147281,0.02959915142188227,0.029598356454733864,0.0,0.0,0.0,0.0,0.029604826855504623
0.0,0.0,0.0,0.0,0.017869309589529814,0.017868744750566126,0.017868194358545888,0.01786765975613065,0.017867142112754496,0.01786664138772186,0.01786615661931814,0.017865687738390965,0.0,0.0,0.0,0.0,0.0178694551456692
0.0,0.0,0.0,0.0,0.008350603772179834,0.008350351577474978,0.008350105359314975,0.008349865725581905,0.008349633205613957,0.008349407779777161,0.008349189010643354,0.008348976865802531,0.0,0.0,0.0,0.0,0.008350650974565164
0.0,0.0,0.0,0.0,0.002157489356284455,0.002157428658893366,0.0021573692151162427,0.0021573111745386477,0.002157254667371982,0.002157199688322334,0.0021571461289785197,0.0021570939809398195,0.0,0.0,0.0,0.0,0.002157493779104257
0.0,0.0,0.0,0.0,8e-06,8e-06,8e-06,8e-06,8e-06,8e-06,8e-06,8e-06,0.0,0.0,0.0,0.0,8e-06
0.0,0.0,0.0,0.0,0.002157547972478976,0.00215748731475051,0.002157427909819845,0.0021573699071748935,0.0021573134369421145,0.0021572584938312927,0.0021572049695023706,0.002157152855560331,0.0,0.0,0.0,0.0,0.002157552392633936
0.0,0.0,0.0,0.0,0.008351743812660116,0.008351492403242632,0.008351246951983346,0.008351008064871598,0.008350776269598516,0.008350551546597482,0.008350333459811858,0.008350121976938178,0.0,0.0,0.0,0.0,0.008351790878857214
0.0,0.0,0.0,0.0,0.01787375781074207,0.01787319606885092,0.017872648695998333,0.017872117027479283,0.01787160222631666,0.017871104252066634,0.01787062214833514,0.017870155846374903,0.0,0.0,0.0,0.0,0.01787390262795619
0.0,0.0,0.0,0.0,0.02960690845145306,0.02960594329301166,0.02960500410955323,0.02960409317253817,0.02960321246068081,0.029602361908462653,0.029601539894449483,0.029600746304665103,0.0,0.0,0.0,0.0,0.02960718202127637,0.02960645667381529
0.0,0.0,0.0,0.0,0.0422298457092864,0.04222842992709671,0.042227053915197564,0.04222572097613613,0.04222443398722978,0.042223192857594787,0.042221995237085135,0.04222084096392815,0.0,0.0,0.0,0.0,0.04223030189397781,0.04222921922319476
0.0,0.0,0.0,0.0,0.05448589355771584,0.054484010324610976,0.054482182212209775,0.054480413574328056,0.05447870820471994,0.05447706598944587,0.05447548384008093,0.054473961548622475,0.0,0.0,0.0,0.0,0.05448657244195153,0.054485108204818056
0.0,0.0,0.0,0.0,0.06552306855232153,0.06552072878434283,0.06551846040759483,0.06551626878014134,0.06551415857148696,0.06551212964921539,0.06551017822558325,0.0655083040515715,0.0,0.0,0.0,0.0,0.06552400551326337,0.06552215809118664
0.0,0.0,0.0,0.0,0.07499994560983178,0.07499717678543863,0.07499449612780341,0.07499190991280713,0.07498942361069484,0.07498703707645821,0.07498474589041158,0.07498254976983351,0.0,0.0,0.0,0.0,0.07500117184787869,0.07499895514532
0.0,0.0,0.0,0.0,0.08293698817268567,0.08293380546212677,0.08293072860364727,0.08292776473214276,0.08292492006763869,0.08292219445770911,0.08291958289854738,0.08291708507969983,0.0,0.0,0.0,0.0,0.08293854008281222,0.08293596022321437
0.0,0.0,0.0,0.0,0.08951892167993841,0.08951527250813329,0.08951174885028729,0.0895083587172188,0.08950510909427024,0.08950199982789267,0.08949902532915373,0.08949618526519704,0.0,0.0,0.0,0.0,0.089521012851767,0.08951805041786137,0.08949415141365472
0.0,0.0,0.0,0.0,0.09507435277526652,0.09507029050174427,0.09506637397113511,0.09506261198066206,0.09505901220288777,0.09505557448739702,0.09505229272710888,0.09504916657242983,0.0,0.0,0.0,0.0,0.09507689574766964,0.09507357045510068,0.0950469007463784
0.0,0.0,0.0,0.0,0.09979185216389329,0.09978737273116019,0.09978306076294331,0.09977892582401088,0.09977497625799268,0.09977121192217556,0.09976762621156667,0.09976421876419263,0.0,0.0,0.0,0.0,0.09979489671064559,0.09979120271730124,0.09976172005704417
0.0,0.0,0.0,0.0,0.10384110558444276,0.1038362010909759,0.1038314873496704,0.10382697468332061,0.10382267209858406,0.10381857946467368,0.10381468969213942,0.10381100241041631,0.0,0.0,0.0,0.0,0.10384470126667376,0.10384062998863546,0.10380826786358806
0.0,0.0,0.0,0.0,0.10734432218645176,0.1073389841799387,0.1073338616914362,0.10732896579525177,0.10732430615561363,0.10731988265750785,0.10731568773785734,0.10731172102086096,0.0,0.0,0.0,0.0,0.10734851470602425,0.10734405651765298,0.10730874695238823
0.0,0.0,0.0,0.0,0.11038477706377284,0.11037899853802623,0.1103734615554153,0.11036817793507477,0.11036315799314043,0.11035840163367462,0.11035390083001549,0.11034965520399212,0.0,0.0,0.0,0.0,0.11038960488844701,0.1103847502418578,0.1103464379858127
0.0,0.0,0.0,0.0,0.11138552730289975,0.11137939951545317,0.11137353602408127,0.11136794919329063,0.11136264981710024,0.11135763782210854,0.11135290485666105,0.11134845054803766,0.0,0.0,0.0,0.0,0.11139093146537861,0.11138575208726989,0.11134503994482181
0.0,0.0,0.0,0.0,0.11210800467862875,0.11210161876052062,0.11209551622878809,0.11208970980382742,0.11208421059237769,0.11207901854754024,0.11207412512533504,0.112069529966574,0.0,0.0,0.0,0.0,0.11211394352809947,0.11210860677975029,0.11206597534010071
0.0,0.0,0.0,0.0,0.11255532969849365,0.11254867945342487,0.11254233171633274,0.11253629957825091,0.11253059447134273,0.11252521637390969,0.11252015653771608,0.11251541461550245,0.0,0.0,0.0,0.0,0.11256180672701117,0.11255631613186878,0.11251170907759062
0.0,0.0,0.0,0.0,0.11279288617865076,0.11278596712196251,0.1127793694200385,0.11277310655019941,0.11276719028345662,0.1127616206209461,0.11275638859586097,0.11275149387036802,0.0,0.0,0.0,0.0,0.11279989160866219,0.11279424020809682,0.11274763024355725
0.0,0.0,0.0,0.0,0.11296325016987895,0.11295613379668237,0.11294935368138924,0.11294292355994741,0.11293685543070316,0.11293114931670957,0.11292579611593134,0.11292079550240346,0.0,0.0,0.0,0.0,0.11297069230420294,0.11296493406886922,0.11291680837784487
0.0,0.0,0.0,0.0,0.11301797512021514,0.11301066701220873,0.11300370876855048,0.11299711439099551,0.11299089611114006,0.1129850539694773,0.11297957871649292,0.11297447003409265,0.0,0.0,0.0,0.0,0.11302581274827728,0.11301994406735315,0.11297035506636645
0.0,0.0,0.0,0.0,0.11303207576298398,0.1130246218017795,0.11301752795947047,0.11301080843736168,0.11300447564217363,0.11299852962769526,0.1129929610340334,0.11298776954917536,0.0,0.0,0.0,0.0,0.11304021933699807,0.11303426779651052,0.1129835446431493
0.0,0.0,0.0,0.0,0.11308092942897952,0.11307342313173534,0.1130662814523062,0.1130595186384568,0.11305314713820479,0.11304716701519757,0.11304156889513671,0.11303635247316765,0.0,0.0,0.0,0.0,0.11308923283148722,0.11308326302588183,0.11303206271203023
0.0,0.0,0.0,0.0,0.11307369295486042,0.11306614733550453,0.11305896867867188,0.11305217128248297,0.11304576763918699,0.11303975781566478,0.11303413240951839,0.11302889111740676,0.0,0.0,0.0,0.0,0.1130820858455683,0.11307609527840692,0.11302453447049558
