5.1511765991732016e-06
1.0320229300443341e-05
1.5864241566378726e-05
2.1456282018789218e-05
2.709544266884602e-05
3.277968640384624e-05
3.850265621183879e-05
4.425257880655337e-05
5.0010857085122754e-05
5.56611078089198e-05
6.117505337452185e-05
6.651827114695629e-05
7.164374662506237e-05
7.64882845965675e-05
8.098378661208799e-05
8.503391262016066e-05
8.853571148037346e-05
9.139112470543419e-05
9.352266588765517e-05
9.490445401270926e-05
9.558623137535537e-05
9.569882118965571e-05
9.544081554031003e-05
9.505430313984672e-05
9.479629813632263e-05
9.49089005811146e-05
9.559072749677437e-05
9.70529340180234e-05
9.931824017218361e-05
0.0001023657474991959
0.00010611903336259486
0.00011047826568902027
0.00011534492342748579
0.00012090728480509369
0.00012685342166273458
0.0001331275733233276
0.00013968524366209914
0.0001464904361681254
0.00015351325078707576
0.00016061410091200586
0.00016774789060690633
0.0001748975159546586
0.0001820536283968299
0.0001892126283649464
0.00019637295198747626
0.0002035362272451824
0.0002107067735531686
0.00021788842371360444
