9.306947175781239e-07
2.088869246799994e-06
3.2021232824072727e-06
4.300500606542598e-06
5.345589750623365e-06
6.359657842213048e-06
7.345577591495034e-06
8.310175862417658e-06
9.240107272061625e-06
1.0122087772546085e-05
1.0980310433683748e-05
1.1794636121310955e-05
1.258802040903897e-05
1.3380732579712498e-05
1.4108979320978403e-05
1.481002909051821e-05
1.5445951391195482e-05
1.612144495689801e-05
1.6726261768119878e-05
1.7311513211023484e-05
1.7836859451496313e-05
1.831890978320644e-05
1.913624509983299e-05
2.0125810351238777e-05
2.1176109809319493e-05
2.2163451849247733e-05
2.3073449288074742e-05
2.3913495801172537e-05
2.4719712821600105e-05
2.548357535008066e-05
2.6230389166146318e-05
2.6996848839359703e-05
2.7698467988453618e-05
2.8411491615472462e-05
2.9114982871270157e-05
2.986191931751111e-05
3.059506896170181e-05
3.1330655260366136e-05
3.207035070795103e-05
3.279897850428074e-05
3.3636739836759145e-05
3.456512458074321e-05
3.54173658270378e-05
3.6303125752020994e-05
3.726780446933953e-05
3.818279060291885e-05
3.909172145633122e-05
3.999385775720548e-05
