9.306947175781239e-07
3.0195639643781176e-06
6.22168724678539e-06
1.0522187853327988e-05
1.5867777603951352e-05
2.22274354461644e-05
2.9573013037659432e-05
3.788318890007709e-05
4.712329617213871e-05
5.724538394468479e-05
6.822569437836854e-05
8.00203304996795e-05
9.260835090871847e-05
0.00010598908348843096
0.00012009806280940937
0.00013490809189992757
0.00015035404329112305
0.00016647548824802105
0.00018320175001614093
0.0002005132632271644
0.00021835012267866074
0.00023666903246186719
0.0002558052775617002
0.00027593108791293896
0.00029710719772225845
0.0003192706495715062
0.00034234409885958096
0.0003662575946607535
0.00039097730748235363
0.0004164608828324343
0.0004426912719985806
0.0004696881208379403
0.0004973865888263939
0.0005257980804418664
0.0005549130633131366
0.0005847749826306477
0.0006153700515923495
0.0006467007068527156
0.0006787710575606666
0.0007115700360649474
0.0007452067759017065
0.0007797719004824497
0.0008151892663094875
0.0008514923920615085
0.0008887601965308481
0.0009269429871337669
0.0009660347085900981
0.0010060285663473036
