Time:
		0

Number of seeds
		1

ID, X and Y coordinates of the seeds (one per line)
		1  0  0

Root DM, shoot DM, leaf area:
		0  0  0

Average soil strength and solute concentration experienced by root system:
		0  0

Total # of axes:
		1

Total # of branches, including axis(es):
		11

Total # of segment records:
		597

segID#    x          y          z      prev or  br#  length   surface  mass
origination time
		1     0.33418    -0.29064    -0.79408           0           0           1     0.90924      8.4976      6.3198
		0
		2     0.66836    -0.58128     -1.5882           1           1           1     0.90923      8.4975      6.3197
		0.15622
		3      1.0025    -0.87192     -2.3822           2           1           1     0.90923      8.4975      6.3197
		0.23433
		4      1.3367     -1.1626     -3.1763           3           1           1     0.90923      8.4975      6.3197
		0.31245
		5      1.6709     -1.4532     -3.9704           4           1           1     0.90923      8.4975      6.3197
		0.39056
		6      2.0051     -1.7438     -4.7645           5           1           1     0.90925      8.4976      6.3198
		0.46867
		7      2.2565     -2.2578     -5.5574           6           1           1      0.9778      9.1383      6.7963
		0.55267
		8       2.508     -2.7717     -6.3503           7           1           1      0.9778      9.1383      6.7963
		0.63667
		9      2.7595     -3.2856     -7.1433           8           1           1      0.9778      9.1383      6.7963
		0.72067
		10       3.0109      -3.7996      -7.9362            9            1            1       0.9778       9.1383       6.7963
		0.80468
		11       3.2624      -4.3135      -8.7291           10            1            1       0.9778       9.1383       6.7963
		0.88868
		12       3.5138      -4.8274      -9.5221           11            1            1       0.9778       9.1383       6.7963
		0.97268
		13       3.7653      -5.3414      -10.315           12            1            1      0.97779       9.1382       6.7962
		1.0567
		14       4.1229       -6.192      -10.665           13            1            1      0.98672       9.2217       6.8583
		1.1414
		15       4.4804      -7.0426      -11.014           14            1            1      0.98672       9.2217       6.8583
		1.2262
		16        4.838      -7.8933      -11.364           15            1            1      0.98672       9.2217       6.8583
		1.311
		17       5.1955      -8.7439      -11.713           16            1            1      0.98672       9.2217       6.8583
		1.3958
		18       5.5531      -9.5945      -12.063           17            1            1      0.98672       9.2217       6.8583
		1.4805
		19       5.9107      -10.445      -12.412           18            1            1      0.98673       9.2217       6.8583
		1.5653
		20       6.2301       -10.86      -11.673           19            1            1      0.90608       8.4681       6.2978
		1.6431
		21       6.5496      -11.275      -10.934           20            1            1      0.90609       8.4681       6.2979
		1.721
		22       6.8691       -11.69      -10.194           21            1            1      0.90609       8.4681       6.2979
		1.7988
		23       7.1886      -12.105      -9.4548           22            1            1      0.90609       8.4681       6.2979
		1.8767
		24       7.5081       -12.52      -8.7154           23            1            1      0.90609       8.4681       6.2979
		1.9545
		25       7.8275      -12.935       -7.976           24            1            1      0.90608        8.468       6.2978
		2.0323
		26       8.4726        -12.6      -7.4792           25            2            1      0.88039       8.0031       5.7184
		2.5428
		27       9.1176      -12.265      -6.9824           26            2            1      0.88039       7.4483       4.9533
		3.0532
		28       9.7626       -11.93      -6.4856           27            2            1      0.88039       6.8935       4.2432
		3.5637
		29       10.408      -11.595      -5.9888           28            2            1      0.88039       6.3387       3.5881
		4.0741
		30       11.053       -11.26       -5.492           29            2            1      0.88039       5.7839       2.9878
		4.5845
		31       11.698      -10.925      -4.9952           30            2            1      0.88039       5.2291       2.4425
		5.095
		32       12.343      -10.591      -4.4984           31            2            1       0.8804       4.6743       1.9522
		5.6054
		33       13.002      -10.325      -4.0794           32            2            1      0.82481       3.8353       1.3957
		6.0837
		34       13.661       -10.06      -3.6604           33            2            1      0.82481        3.243      0.99866
		6.5619
		35        14.32      -9.7948      -3.2414           34            2            1      0.82481       2.6506      0.66806
		7.0401
		36       14.979      -9.5296      -2.8224           35            2            1       0.8248       2.0582      0.40391
		7.5183
		37       15.414      -10.184      -3.2174           36            2            1      0.87962       1.8617      0.31354
		8.0283
		38       15.848      -10.839      -3.6124           37            2            1      0.87962       1.8617      0.31354
		8.5383
		39       16.283      -11.494      -4.0074           38            2            1      0.87962       1.8617      0.31354
		9.0483
		40       16.793      -11.816      -4.5093           39            2            1      0.78447       1.6603      0.27962
		9.5031
		41       17.302      -12.139      -5.0111           40            2            1      0.78447       1.6603      0.27962
		9.9579
		42       17.812      -12.461       -5.513           41            2            1      0.78447       1.6603      0.27962
		10.4128
		43       18.321      -12.783      -6.0148           42            2            1      0.78446       1.6603      0.27962
		10.8676
		44       18.683      -12.824      -6.7399           43            2            1      0.81133       1.7171       0.2892
		11.338
		45       18.685      -13.493      -7.4755           44            2            1      0.99424       2.1042      0.35439
		11.9145
		46       18.686      -14.162      -8.2111           45            2            1      0.99424       2.1042      0.35439
		12.4909
		47       18.688      -14.831      -8.9466           46            2            1      0.99424       2.1042      0.35439
		13.0674
		48       18.474      -15.251      -9.5984           47            2            1       0.8043       1.7023      0.28669
		13.5337
		49        18.26      -15.671       -10.25           48            2            1      0.80431       1.7023      0.28669
		14
		50       15.332      -10.203      -3.3509           36            2            2       0.9258       1.9594         0.33
		1.1897
		51       15.684      -10.876      -3.8795           50            2            2       0.9258       1.9594         0.33
		2.3794
		52       16.037       -11.55       -4.408           51            2            2       0.9258       1.9594         0.33
		3.5691
		53        16.39      -12.223      -4.9365           52            2            2       0.9258       1.9594         0.33
		4.7588
		54       16.742      -12.896      -5.4651           53            2            2       0.9258       1.9594         0.33
		5.9485
		55       17.095       -13.57      -5.9936           54            2            2       0.9258       1.9594         0.33
		7.1382
		56       17.163      -13.868       -6.738           55            2            2      0.80475       1.7032      0.28685
		8.1724
		57       17.231      -14.166      -7.4824           56            2            2      0.80475       1.7032      0.28685
		9.2065
		58       17.299      -14.464      -8.2268           57            2            2      0.80475       1.7032      0.28685
		10.2406
		59       17.015      -14.385      -9.1562           58            2            2      0.97515       2.0638      0.34759
		11.4938
		60       16.731      -14.306      -10.086           59            2            2      0.97515       2.0638      0.34759
		12.7469
		61       16.447      -14.227      -11.015           60            2            2      0.97514       2.0638      0.34759
		14
		62       13.011      -11.163      -4.7732           32            2            3      0.92213       4.1933       1.4832
		0.73067
		63        13.68      -11.735       -5.048           62            2            3      0.92213       3.3056      0.92379
		1.4613
		64       14.349      -12.308      -5.3228           63            2            3      0.92213       2.4178       0.4968
		2.192
		65       15.018       -12.88      -5.5975           64            2            3      0.92213       1.5301      0.20227
		2.9227
		66       15.096      -13.567      -6.1799           65            2            3       0.9043       1.0512     0.097242
		3.6392
		67       15.174      -14.255      -6.7622           66            2            3       0.9043       1.0512     0.097242
		4.3558
		68       15.133      -14.145      -7.5715           67            2            3      0.81774      0.95058     0.087933
		5.0037
		69       15.093      -14.035      -8.3808           68            2            3      0.81774      0.95058     0.087933
		5.6517
		70       15.052      -13.924        -9.19           69            2            3      0.81773      0.95057     0.087933
		6.2996
		71       14.849      -13.938      -10.129           70            2            3      0.96108       1.1172      0.10335
		7.0611
		72       14.646      -13.952      -11.069           71            2            3      0.96108       1.1172      0.10335
		7.8227
		73       14.443      -13.966      -12.008           72            2            3      0.96108       1.1172      0.10335
		8.5842
		74        14.25      -13.527      -12.715           73            2            3      0.85415      0.99291     0.091849
		9.261
		75       14.057      -13.088      -13.422           74            2            3      0.85415      0.99291     0.091849
		9.9378
		76       13.864      -12.649      -14.129           75            2            3      0.85415      0.99291     0.091849
		10.6146
		77       13.671       -12.21      -14.835           76            2            3      0.85415      0.99291     0.091849
		11.2914
		78       13.448       -11.39      -14.928           77            2            3      0.85458      0.99341     0.091895
		11.9685
		79       13.226       -10.57       -15.02           78            2            3      0.85458      0.99341     0.091895
		12.6457
		80       13.003      -9.7506      -15.113           79            2            3      0.85458      0.99341     0.091895
		13.3228
		81       12.781      -8.9307      -15.205           80            2            3      0.85458       0.9934     0.091895
		14
		82       12.535      -11.308      -4.9301           32            2            4      0.85907       3.9668       1.4308
		0.59692
		83       12.727      -12.025      -5.3618           82            2            4      0.85907       3.2841      0.98182
		1.1938
		84       12.919      -12.743      -5.7935           83            2            4      0.85907       2.6014      0.61736
		1.7908
		85       13.112       -13.46      -6.2252           84            2            4      0.85906       1.9187      0.33744
		2.3877
		86       13.253      -13.877       -6.827           85            2            4      0.74542       1.3544      0.19582
		2.9056
		87       13.395      -14.293      -7.4287           86            2            4      0.74542       1.3544      0.19582
		3.4236
		88       13.536       -14.71      -8.0304           87            2            4      0.74542       1.3544      0.19582
		3.9415
		89       13.563       -14.76      -8.7216           88            2            4      0.69351       1.2601      0.18218
		4.4234
		90        13.59      -14.809      -9.4128           89            2            4      0.69352       1.2601      0.18219
		4.9053
		91       13.359      -14.786        -10.3           90            2            4      0.91715       1.6664      0.24093
		5.5426
		92       13.128      -14.763      -11.188           91            2            4      0.91715       1.6664      0.24093
		6.1798
		93       12.612      -14.715      -11.768           92            2            4      0.77784       1.4133      0.20434
		6.7203
		94       12.096      -14.667      -12.348           93            2            4      0.77784       1.4133      0.20434
		7.2608
		95        11.58      -14.619      -12.928           94            2            4      0.77785       1.4133      0.20434
		7.8013
		96       11.178      -14.503      -13.718           95            2            4      0.89463       1.6255      0.23502
		8.4229
		97       10.775      -14.387      -14.509           96            2            4      0.89463       1.6255      0.23502
		9.0445
		98       10.373      -14.271      -15.299           97            2            4      0.89463       1.6255      0.23502
		9.6662
		99       9.9702      -14.155       -16.09           98            2            4      0.89463       1.6255      0.23502
		10.2878
		100        9.5676       -14.039        -16.88            99             2             4       0.89463        1.6255       0.23502
		10.9094
		101         9.165       -13.923       -17.671           100             2             4       0.89464        1.6255       0.23502
		11.5311
		102        9.0203       -13.055        -17.79           101             2             4       0.88831         1.614       0.23336
		12.1483
		103        8.8755       -12.186        -17.91           102             2             4       0.88831         1.614       0.23336
		12.7655
		104        8.7308       -11.318       -18.029           103             2             4       0.88831         1.614       0.23336
		13.3828
		105        8.5861        -10.45       -18.149           104             2             4       0.88831         1.614       0.23336
		14
		106        8.3702       -13.358       -8.0345            25             2             5       0.69048        6.3677         3.793
		2.1311
		107         8.913       -13.781       -8.0929           106             2             5       0.69048        4.7385        2.1096
		2.2299
		108        9.4557       -14.204       -8.1514           107             2             5       0.69049        3.1093       0.92004
		2.3287
		109        10.057       -14.844       -8.3835           108             2             5       0.90804        2.7114       0.64426
		2.4587
		110        10.658       -15.483       -8.6157           109             2             5       0.90804        2.7114       0.64426
		2.5886
		111        10.515       -15.622       -9.4381           110             2             5        0.8463         2.527       0.60046
		2.7097
		112        10.372        -15.76       -10.261           111             2             5        0.8463         2.527       0.60046
		2.8308
		113        10.228       -15.899       -11.083           112             2             5        0.8463         2.527       0.60046
		2.9519
		114        10.085       -16.038       -11.906           113             2             5        0.8463         2.527       0.60046
		3.073
		115          10.2       -15.493       -12.531           114             2             5       0.83727           2.5       0.59405
		3.1928
		116        10.316       -14.949       -13.157           115             2             5       0.83727           2.5       0.59405
		3.3126
		117        10.432       -14.405       -13.783           116             2             5       0.83727           2.5       0.59405
		3.4324
		118        10.424       -14.061       -14.363           117             2             5       0.67443        2.0138       0.47851
		3.5289
		119        10.416       -13.717       -14.943           118             2             5       0.67443        2.0138       0.47851
		3.6254
		120        10.332       -13.001       -15.577           119             2             5       0.96057        2.8682       0.68153
		3.7628
		121        10.249       -12.284       -16.212           120             2             5       0.96057        2.8682       0.68153
		3.9003
		122        10.264        -11.42       -16.275           121             2             5       0.86733        2.5898       0.61538
		4.0244
		123         10.28       -10.555       -16.339           122             2             5       0.86733        2.5898       0.61538
		4.1485
		124        10.295       -9.6898       -16.403           123             2             5       0.86733        2.5898       0.61538
		4.2726
		125         10.31        -8.825       -16.467           124             2             5       0.86733        2.5898       0.61538
		4.3967
		126        10.326       -7.9601        -16.53           125             2             5       0.86733        2.5898       0.61538
		4.5208
		127        10.341       -7.0953       -16.594           126             2             5       0.86734        2.5898       0.61538
		4.6449
		128        10.112       -6.2144       -16.914           127             2             5       0.96472        2.8806       0.68448
		4.7829
		129        9.8832       -5.3335       -17.234           128             2             5       0.96472        2.8806       0.68448
		4.9209
		130        9.6542       -4.4526       -17.554           129             2             5       0.96472        2.8806       0.68448
		5.059
		131        9.4252       -3.5717       -17.873           130             2             5       0.96472        2.8806       0.68448
		5.197
		132        9.6998       -3.0416       -18.669           131             2             5       0.99493        2.9708       0.70591
		5.3394
		133        9.9743       -2.5116       -19.465           132             2             5       0.99493        2.9708       0.70591
		5.4817
		134        10.249       -1.9816       -20.261           133             2             5       0.99493        2.9708       0.70591
		5.6241
		135        10.201       -1.1242       -20.385           134             2             5        0.8675        2.5903        0.6155
		5.7482
		136        10.154      -0.26687       -20.508           135             2             5        0.8675        2.5903        0.6155
		5.8724
		137        10.106       0.59048       -20.632           136             2             5        0.8675        2.5903        0.6155
		5.9965
		138        10.058        1.4478       -20.755           137             2             5        0.8675        2.5903        0.6155
		6.1206
		139        10.011        2.3052       -20.879           138             2             5        0.8675        2.5903        0.6155
		6.2447
		140        9.8182        2.5906       -21.582           139             2             5       0.78354        2.3396       0.55593
		6.3569
		141        9.6256         2.876       -22.286           140             2             5       0.78354        2.3396       0.55593
		6.469
		142        9.4329        3.1613        -22.99           141             2             5       0.78354        2.3396       0.55593
		6.5811
		143        9.2402        3.4467       -23.694           142             2             5       0.78353        2.3396       0.55592
		6.6932
		144        9.0642        4.3309       -23.988           143             2             5       0.94844         2.832       0.67293
		6.8289
		145        8.8882        5.2151       -24.283           144             2             5       0.94844         2.832       0.67293
		6.9646
		146        8.7121        6.0993       -24.578           145             2             5       0.94844         2.832       0.67293
		7.1003
		147        8.5361        6.9835       -24.872           146             2             5       0.94844         2.832       0.67293
		7.236
		148        8.3601        7.8676       -25.167           147             2             5       0.94845         2.832       0.67293
		7.3717
		149        8.4184          8.48       -25.939           148             2             5       0.98728         2.948       0.70048
		7.513
		150        8.4768        9.0924       -26.711           149             2             5       0.98728         2.948       0.70048
		7.6543
		151        8.5351        9.7047       -27.483           150             2             5       0.98728         2.948       0.70048
		7.7955
		152        8.5934        10.317       -28.256           151             2             5       0.98728         2.948       0.70048
		7.9368
		153         8.686         11.16       -28.449           152             2             5       0.87008         2.598       0.61733
		8.0613
		154        8.7785        12.003       -28.643           153             2             5       0.87008         2.598       0.61733
		8.1858
		155        8.8711        12.847       -28.837           154             2             5       0.87008         2.598       0.61733
		8.3103
		156        8.9637         13.69        -29.03           155             2             5       0.87008         2.598       0.61733
		8.4348
		157        9.0562        14.533       -29.224           156             2             5       0.87008         2.598       0.61733
		8.5593
		158        9.0609        15.256       -29.862           157             2             5       0.96465        2.8804       0.68443
		8.6973
		159        9.0655        15.979       -30.501           158             2             5       0.96465        2.8804       0.68443
		8.8353
		160        9.0702        16.703       -31.139           159             2             5       0.96465        2.8804       0.68443
		8.9734
		161        9.0748        17.426       -31.777           160             2             5       0.96465        2.8804       0.68443
		9.1114
		162        9.0795        18.149       -32.416           161             2             5       0.96465        2.8804       0.68443
		9.2494
		163        9.0841        18.872       -33.054           162             2             5       0.96465        2.8804       0.68443
		9.3874
		164        9.0888        19.596       -33.692           163             2             5       0.96465        2.8804       0.68443
		9.5255
		165        9.0934        20.319       -34.331           164             2             5       0.96465        2.8804       0.68443
		9.6635
		166         9.098        21.042       -34.969           165             2             5       0.96466        2.8804       0.68443
		9.8015
		167        8.5444        21.016       -35.791           166             2             5       0.99145        2.8519       0.65229
		9.9434
		168        7.9907         20.99       -36.613           167             2             5       0.99145         2.631        0.5552
		10.0853
		169         7.437        20.965       -37.435           168             2             5       0.99145        2.4101       0.46594
		10.2271
		170        6.8834        20.939       -38.257           169             2             5       0.99144        2.1892        0.3845
		10.369
		171        6.8198        20.902       -39.112           170             2             5       0.85768        1.7971       0.29965
		10.4917
		172        6.7563        20.866       -39.966           171             2             5       0.85768        1.7971       0.29965
		10.6144
		173        6.6927         20.83       -40.821           172             2             5       0.85768        1.7971       0.29965
		10.7371
		174        6.6291        20.794       -41.676           173             2             5       0.85768        1.7971       0.29965
		10.8599
		175        6.5656        20.758        -42.53           174             2             5       0.85768        1.7971       0.29965
		10.9826
		176         6.502        20.722       -43.385           175             2             5       0.85769        1.7971       0.29965
		11.1053
		177        6.3491        20.754       -44.305           176             2             5       0.93315        1.9552       0.32602
		11.2388
		178        6.1963        20.786       -45.225           177             2             5       0.93315        1.9552       0.32602
		11.3723
		179        6.0434        20.818       -46.145           178             2             5       0.93315        1.9552       0.32602
		11.5059
		180        5.8905         20.85       -47.065           179             2             5       0.93315        1.9552       0.32602
		11.6394
		181        5.7376        20.882       -47.985           180             2             5       0.93315        1.9552       0.32602
		11.7729
		182        5.5847        20.914       -48.905           181             2             5       0.93315        1.9552       0.32602
		11.9065
		183        5.4319        20.946       -49.825           182             2             5       0.93316        1.9553       0.32602
		12.0399
		184        4.9932        21.139       -50.615           183             2             5       0.92431        1.9367       0.32293
		12.1722
		185        4.5545        21.331       -51.405           184             2             5       0.92431        1.9367       0.32293
		12.3045
		186        4.1158        21.524       -52.196           185             2             5       0.92431        1.9367       0.32293
		12.4367
		187        3.6771        21.717       -52.986           186             2             5       0.92431        1.9367       0.32293
		12.569
		188         4.014         21.53       -53.618           187             2             5       0.73954        1.5496       0.25838
		12.6748
		189         4.351        21.344       -54.249           188             2             5       0.73955        1.5496       0.25838
		12.7806
		190        4.1321        21.436       -55.166           189             2             5        0.9469        1.9841       0.33082
		12.9161
		191        3.9132        21.528       -56.082           190             2             5        0.9469        1.9841       0.33082
		13.0516
		192        3.6943         21.62       -56.999           191             2             5        0.9469        1.9841       0.33082
		13.187
		193        3.4753        21.712       -57.916           192             2             5        0.9469        1.9841       0.33082
		13.3226
		194        3.2564        21.804       -58.832           193             2             5        0.9469        1.9841       0.33082
		13.4581
		195        3.0375        21.897       -59.749           194             2             5        0.9469        1.9841       0.33082
		13.5935
		196        2.8186        21.989       -60.665           195             2             5        0.9469        1.9841       0.33082
		13.7291
		197        2.5997        22.081       -61.582           196             2             5        0.9469        1.9841       0.33082
		13.8645
		198        2.3808        22.173       -62.499           197             2             5       0.94689         1.984       0.33082
		14
		199        10.216       -3.3456       -18.359           131             2             6       0.95575        2.8538       0.67811
		5.6116
		200        11.008       -3.1196       -18.846           199             2             6       0.95575        2.8538       0.67811
		6.0261
		201        11.799       -2.8935       -19.332           200             2             6       0.95575        2.8538       0.67811
		6.4407
		202         12.59       -2.6675       -19.818           201             2             6       0.95575        2.8538       0.67811
		6.8552
		203        13.381       -2.4415       -20.304           202             2             6       0.95575        2.8538       0.67811
		7.2698
		204        13.623       -1.6299       -20.685           203             2             6       0.92843        2.7723       0.65873
		7.6725
		205        13.864      -0.81841       -21.066           204             2             6       0.92843        2.7723       0.65873
		8.0752
		206        14.106    -0.0068875       -21.447           205             2             6       0.92844        2.7723       0.65873
		8.4779
		207        14.347       0.80464       -21.828           206             2             6       0.92843        2.7723       0.65873
		8.8806
		208        14.589        1.6162       -22.208           207             2             6       0.92843        2.7723       0.65873
		9.2833
		209         14.83        2.4277       -22.589           208             2             6       0.92843        2.7723       0.65873
		9.686
		210        15.072        3.2392        -22.97           209             2             6       0.92843        2.7723       0.65873
		10.0887
		211        15.313        4.0507       -23.351           210             2             6       0.92843        2.7723       0.65873
		10.4914
		212        15.555        4.8623       -23.732           211             2             6       0.92843        2.7723       0.65873
		10.8941
		213        15.796        5.6738       -24.113           212             2             6       0.92844        2.7723       0.65874
		11.2968
		214        15.957        6.5118       -24.367           213             2             6       0.89034        2.6585       0.63171
		11.683
		215        16.118        7.3499       -24.621           214             2             6       0.89034        2.6585       0.63171
		12.0691
		216        16.279        8.1879       -24.875           215             2             6       0.89034        2.6585       0.63171
		12.4553
		217         16.44         9.026       -25.129           216             2             6       0.89034        2.6585       0.63171
		12.8414
		218        16.601         9.864       -25.383           217             2             6       0.89034        2.6585       0.63171
		13.2277
		219        16.762        10.702       -25.637           218             2             6       0.89034        2.6585       0.63171
		13.6138
		220        16.922         11.54       -25.891           219             2             6       0.89034        2.6585        0.6317
		14
		221        10.448       -6.5954       -17.317           127             2             7       0.88562        2.6444       0.62835
		4.771
		222        10.555       -6.0955       -18.041           221             2             7       0.88562        2.6444       0.62835
		4.8972
		223        10.661       -5.5956       -18.764           222             2             7       0.88562        2.6444       0.62835
		5.0234
		224        10.768       -5.0957       -19.487           223             2             7       0.88562        2.6444       0.62835
		5.1495
		225        10.875       -4.5957        -20.21           224             2             7       0.88562        2.6444       0.62835
		5.2757
		226        10.981       -4.0958       -20.933           225             2             7       0.88562        2.6444       0.62835
		5.4018
		227        11.088       -3.5959       -21.657           226             2             7       0.88562        2.6444       0.62835
		5.528
		228        11.194        -3.096        -22.38           227             2             7       0.88563        2.6444       0.62836
		5.6542
		229        11.271       -2.2912       -22.832           228             2             7       0.92607        2.7652       0.65705
		5.7861
		230        11.348       -1.4864       -23.283           229             2             7       0.92607        2.7652       0.65705
		5.918
		231        11.424      -0.68155       -23.735           230             2             7       0.92607        2.7652       0.65705
		6.0499
		232        11.501       0.12327       -24.187           231             2             7       0.92607        2.7652       0.65705
		6.1819
		233        11.577        0.9281       -24.638           232             2             7       0.92607        2.7652       0.65705
		6.3138
		234        11.654        1.7329        -25.09           233             2             7       0.92607        2.7652       0.65705
		6.4457
		235        11.731        2.5377       -25.542           234             2             7       0.92607        2.7652       0.65705
		6.5776
		236        11.807        3.3426       -25.993           235             2             7       0.92607        2.7652       0.65705
		6.7096
		237        11.884        4.1474       -26.445           236             2             7       0.92607        2.7652       0.65705
		6.8415
		238         11.96        4.9522       -26.896           237             2             7       0.92607        2.7652       0.65705
		6.9734
		239        12.037         5.757       -27.348           238             2             7       0.92607        2.7652       0.65705
		7.1053
		240        12.114        6.5619         -27.8           239             2             7       0.92608        2.7652       0.65706
		7.2373
		241        12.076        6.8475       -28.603           240             2             7       0.85321        2.5476       0.60536
		7.3588
		242        12.039        7.1331       -29.406           241             2             7       0.85321        2.5476       0.60536
		7.4803
		243        12.002        7.4187       -30.209           242             2             7       0.85321        2.5476       0.60536
		7.6019
		244        11.964        7.7043       -31.012           243             2             7       0.85321        2.5476       0.60536
		7.7234
		245        11.927        7.9899       -31.815           244             2             7       0.85322        2.5477       0.60537
		7.845
		246        12.117         8.763       -32.331           245             2             7       0.94858        2.8324       0.67302
		7.9801
		247        12.308        9.5361       -32.847           246             2             7       0.94858        2.8324       0.67302
		8.1153
		248        12.498        10.309       -33.362           247             2             7       0.94858        2.8324       0.67302
		8.2504
		249        12.688        11.082       -33.878           248             2             7       0.94858        2.8324       0.67302
		8.3855
		250        12.878        11.855       -34.394           249             2             7       0.94858        2.8324       0.67302
		8.5206
		251        13.069        12.629       -34.909           250             2             7       0.94858        2.8324       0.67302
		8.6558
		252        13.259        13.402       -35.425           251             2             7       0.94858        2.8324       0.67302
		8.7909
		253        13.449        14.175       -35.941           252             2             7       0.94858        2.8324       0.67302
		8.926
		254        13.639        14.948       -36.456           253             2             7       0.94858        2.8324       0.67302
		9.0612
		255         13.83        15.721       -36.972           254             2             7       0.94857        2.8324       0.67302
		9.1963
		256        14.048        16.311       -37.621           255             2             7       0.90344        2.6976         0.641
		9.325
		257        14.266        16.901       -38.269           256             2             7       0.90344        2.6976         0.641
		9.4537
		258        14.483         17.49       -38.918           257             2             7       0.90344        2.6976         0.641
		9.5824
		259        14.701         18.08       -39.567           258             2             7       0.90344        2.6976         0.641
		9.7111
		260        14.919         18.67       -40.216           259             2             7       0.90344        2.6976         0.641
		9.8398
		261        15.137         19.26       -40.864           260             2             7       0.90344        2.6976         0.641
		9.9685
		262        15.355        19.849       -41.513           261             2             7       0.90344        2.6976         0.641
		10.0972
		263        15.573        20.439       -42.162           262             2             7       0.90344        2.6976         0.641
		10.2259
		264        15.553        20.449       -43.133           263             2             7       0.97098        2.8993       0.68892
		10.3642
		265        15.533        20.458       -44.103           264             2             7       0.97098        2.8993       0.68892
		10.5025
		266        15.513        20.468       -45.074           265             2             7       0.97098        2.8993       0.68892
		10.6409
		267        15.493        20.477       -46.045           266             2             7       0.97098        2.8993       0.68892
		10.7792
		268        15.473        20.487       -47.016           267             2             7       0.97098        2.8993       0.68892
		10.9175
		269        15.452        20.496       -47.986           268             2             7       0.97099        2.8993       0.68893
		11.0558
		270        15.213        20.584       -48.953           269             2             7       0.99935         2.984       0.70905
		11.1982
		271        14.974        20.671       -49.919           270             2             7       0.99935         2.984       0.70905
		11.3406
		272        14.735        20.759       -50.885           271             2             7       0.99935         2.984       0.70905
		11.4829
		273        14.495        20.847       -51.852           272             2             7       0.99935         2.984       0.70905
		11.6252
		274        14.256        20.934       -52.818           273             2             7       0.99935         2.984       0.70905
		11.7676
		275        14.017        21.022       -53.784           274             2             7       0.99935         2.984       0.70905
		11.9101
		276        13.778         21.11       -54.751           275             2             7       0.99935         2.984       0.70905
		12.0524
		277        13.538        21.197       -55.717           276             2             7       0.99935         2.984       0.70905
		12.1948
		278        13.299        21.285       -56.683           277             2             7       0.99936         2.984       0.70905
		12.3372
		279        13.443        21.337       -57.583           278             2             7       0.91282        2.7256       0.64765
		12.4671
		280        13.588        21.389       -58.483           279             2             7       0.91282        2.7256       0.64765
		12.5972
		281        13.732        21.441       -59.383           280             2             7       0.91282        2.7256       0.64765
		12.7272
		282        13.876        21.493       -60.283           281             2             7       0.91282        2.7256       0.64765
		12.8573
		283         14.02        21.545       -61.182           282             2             7       0.91282        2.7256       0.64765
		12.9873
		284        14.164        21.597       -62.082           283             2             7       0.91282        2.7256       0.64765
		13.1174
		285        14.309        21.649       -62.982           284             2             7       0.91282        2.7256       0.64765
		13.2473
		286        14.453        21.701       -63.882           285             2             7        0.9128        2.7256       0.64764
		13.3774
		287        14.237        21.469       -64.697           286             2             7        0.8741          2.61       0.62018
		13.502
		288        14.022        21.237       -65.512           287             2             7        0.8741          2.61       0.62018
		13.6264
		289        13.807        21.005       -66.327           288             2             7        0.8741          2.61       0.62018
		13.7509
		290        13.591        20.774       -67.141           289             2             7        0.8741          2.61       0.62018
		13.8755
		291        13.376        20.542       -67.956           290             2             7        0.8741          2.61       0.62018
		14
		292          12.1        7.3456       -28.367           240             2             8       0.96757        2.8891        0.6865
		7.5245
		293        12.086        8.1293       -28.934           292             2             8       0.96757        2.8891        0.6865
		7.8117
		294        12.072         8.913       -29.502           293             2             8       0.96757        2.8891        0.6865
		8.099
		295        12.058        9.6967       -30.069           294             2             8       0.96757        2.8891        0.6865
		8.3862
		296        12.044         10.48       -30.636           295             2             8       0.96757        2.8891        0.6865
		8.6734
		297         12.03        11.264       -31.203           296             2             8       0.96757        2.8891        0.6865
		8.9606
		298        12.016        12.048       -31.771           297             2             8       0.96757        2.8891        0.6865
		9.2479
		299        12.002        12.832       -32.338           298             2             8       0.96757        2.8891        0.6865
		9.5351
		300        11.988        13.615       -32.905           299             2             8       0.96757        2.8891        0.6865
		9.8223
		301        11.974        14.399       -33.472           300             2             8       0.96757        2.8891        0.6865
		10.1096
		302         11.96        15.183        -34.04           301             2             8       0.96757        2.8891        0.6865
		10.3968
		303        11.946        15.966       -34.607           302             2             8       0.96757        2.8891        0.6865
		10.684
		304        11.932         16.75       -35.174           303             2             8       0.96757        2.8891        0.6865
		10.9713
		305        11.918        17.534       -35.742           304             2             8       0.96757        2.8891        0.6865
		11.2585
		306          12.2        18.394       -36.011           305             2             8       0.94436        2.8198       0.67003
		11.5389
		307        12.482        19.254       -36.281           306             2             8       0.94437        2.8198       0.67004
		11.8192
		308        12.764        20.114        -36.55           307             2             8       0.94437        2.8198       0.67004
		12.0995
		309        13.046        20.974        -36.82           308             2             8       0.94436        2.8198       0.67003
		12.3799
		310        13.465        20.901       -37.624           309             2             8       0.90959        2.7105       0.64275
		12.6499
		311        13.884        20.828       -38.428           310             2             8       0.90959        2.6995       0.63754
		12.9199
		312        14.303        20.755       -39.232           311             2             8       0.90959        2.6885       0.63236
		13.1899
		313        14.722        20.682       -40.036           312             2             8       0.90959        2.6775       0.62719
		13.46
		314        15.141        20.609        -40.84           313             2             8       0.90959        2.6665       0.62205
		13.73
		315        15.561        20.536       -41.644           314             2             8       0.90959        2.6555       0.61693
		14
		316        7.0374       -12.852       -8.3433            25             1             9       0.87526        7.7948        5.1363
		2.1075
		317        6.2473       -12.769       -8.7106           316             1             9       0.87526        6.3952        3.4619
		2.1827
		318        5.5827       -12.833       -9.2091           317             1             9       0.83322        5.0356        2.4012
		2.2543
		319        4.9181       -12.897       -9.7076           318             1             9       0.83322         4.617        2.0188
		2.3259
		320        4.2535       -12.961       -10.206           319             1             9       0.83322        4.1984        1.6696
		2.3975
		321        3.5889       -13.025       -10.705           320             1             9       0.83322        3.7798        1.3536
		2.4691
		322        2.9419       -13.434       -11.241           321             1             9       0.93448        3.9863        1.3532
		2.5493
		323         2.295       -13.842       -11.777           322             1             9       0.93448        3.9863        1.3532
		2.6296
		324         1.648       -14.251       -12.313           323             1             9       0.93448        3.9863        1.3532
		2.7099
		325        1.0011        -14.66        -12.85           324             1             9       0.93447        3.9863        1.3532
		2.7902
		326       0.53386       -15.376       -12.913           325             2             9       0.85737        3.6574        1.2416
		2.8758
		327      0.066654       -16.092       -12.977           326             2             9       0.85737        3.6574        1.2416
		2.9613
		328      -0.40055       -16.808       -13.041           327             2             9       0.85737        3.6574        1.2416
		3.0469
		329      -0.86776       -17.524       -13.105           328             2             9       0.85737        3.6574        1.2416
		3.1325
		330        -1.335        -18.24       -13.168           329             2             9       0.85737        3.6574        1.2416
		3.2181
		331       -1.3947       -19.195       -13.326           330             2             9       0.97005        4.0564        1.3489
		3.3149
		332       -1.4545       -20.151       -13.484           331             2             9       0.97005        3.8898        1.2404
		3.4118
		333       -1.5142       -21.106       -13.642           332             2             9       0.97005        3.7231        1.1364
		3.5086
		334        -1.574       -22.061         -13.8           333             2             9       0.97005        3.5565         1.037
		3.6054
		335       -1.6338       -23.016       -13.958           334             2             9       0.97005        3.3898        0.9421
		3.7023
		336       -1.6935       -23.972       -14.115           335             2             9       0.97005        3.2232       0.85177
		3.7991
		337       -1.7533       -24.927       -14.273           336             2             9       0.97006        3.0566       0.76599
		3.8959
		338       -1.8386       -25.755       -14.577           337             2             9       0.88574        2.7137       0.66163
		3.9844
		339       -1.9239       -26.582       -14.881           338             2             9       0.88574        2.7137       0.66163
		4.0728
		340       -2.0092        -27.41       -15.185           339             2             9       0.88574        2.7137       0.66163
		4.1612
		341       -2.0945       -28.237       -15.489           340             2             9       0.88574        2.7137       0.66164
		4.2496
		342       -2.2798       -28.874       -16.081           341             2             9       0.88871        2.7228       0.66385
		4.3383
		343       -2.4651       -29.511       -16.673           342             2             9       0.88871        2.7229       0.66386
		4.427
		344       -2.6503       -30.147       -17.264           343             2             9       0.88871        2.7229       0.66386
		4.5158
		345       -2.8356       -30.784       -17.856           344             2             9       0.88871        2.7229       0.66386
		4.6045
		346       -3.0208       -31.421       -18.448           345             2             9       0.88871        2.7229       0.66386
		4.6932
		347       -3.2061       -32.058       -19.039           346             2             9       0.88871        2.7228       0.66385
		4.7819
		348       -2.9986       -32.198       -19.832           347             2             9       0.83111         2.396       0.54762
		4.8649
		349       -2.7911       -32.339       -20.624           348             2             9       0.83111        2.0821       0.41373
		4.9478
		350       -2.5836        -32.48       -21.416           349             2             9       0.83111        1.7682        0.2986
		5.0308
		351       -2.3761       -32.621       -22.209           350             2             9       0.83111        1.4543       0.20225
		5.1138
		352       -1.9811       -32.676       -22.983           351             2             9       0.87066        1.3556       0.16796
		5.2007
		353        -1.586        -32.73       -23.757           352             2             9       0.87066        1.3556       0.16796
		5.2876
		354        -1.191       -32.785       -24.531           353             2             9       0.87066        1.3556       0.16796
		5.3745
		355      -0.79594        -32.84       -25.305           354             2             9       0.87066        1.3556       0.16796
		5.4614
		356      -0.40089       -32.895       -26.078           355             2             9       0.87065        1.3556       0.16796
		5.5483
		357       0.04221       -33.045       -26.889           356             2             9       0.93609        1.4575       0.18058
		5.6418
		358       0.48531       -33.196         -27.7           357             2             9       0.93609        1.4575       0.18058
		5.7352
		359       0.92841       -33.346       -28.511           358             2             9       0.93609        1.4575       0.18058
		5.8287
		360        1.3715       -33.497       -29.321           359             2             9       0.93609        1.4575       0.18058
		5.9221
		361        1.8146       -33.647       -30.132           360             2             9       0.93609        1.4575       0.18058
		6.0155
		362        2.0894       -33.954       -31.003           361             2             9       0.96324        1.4997       0.18582
		6.1117
		363        2.3643        -34.26       -31.874           362             2             9       0.96324        1.4997       0.18582
		6.2079
		364        2.6391       -34.566       -32.745           363             2             9       0.96324        1.4997       0.18582
		6.304
		365         2.914       -34.873       -33.616           364             2             9       0.96324        1.4997       0.18582
		6.4002
		366        3.1888       -35.179       -34.486           365             2             9       0.96324        1.4997       0.18582
		6.4963
		367        3.4636       -35.486       -35.357           366             2             9       0.96324        1.4997       0.18582
		6.5925
		368        3.7385       -35.792       -36.228           367             2             9       0.96324        1.4997       0.18582
		6.6886
		369        4.0133       -36.099       -37.099           368             2             9       0.96326        1.4998       0.18582
		6.7848
		370         4.372       -35.697       -37.787           369             2             9       0.87331        1.3597       0.16847
		6.872
		371        4.7307       -35.296       -38.475           370             2             9       0.87331        1.3597       0.16847
		6.9591
		372        5.0894       -34.895       -39.163           371             2             9       0.87331        1.3597       0.16847
		7.0463
		373         5.448       -34.494        -39.85           372             2             9       0.87331        1.3597       0.16847
		7.1335
		374        5.8067       -34.093       -40.538           373             2             9       0.87331        1.3597       0.16847
		7.2207
		375        6.1654       -33.692       -41.226           374             2             9       0.87331        1.3597       0.16847
		7.3079
		376        6.5241       -33.291       -41.914           375             2             9       0.87332        1.3597       0.16847
		7.395
		377        6.7432       -33.603       -42.792           376             2             9       0.95703        1.4901       0.18462
		7.4906
		378        6.9623       -33.916       -43.669           377             2             9       0.95703        1.4901       0.18462
		7.5861
		379        7.1814       -34.228       -44.547           378             2             9       0.95703        1.4901       0.18462
		7.6816
		380        7.4005       -34.541       -45.424           379             2             9       0.95703        1.4901       0.18462
		7.7772
		381        7.6196       -34.854       -46.302           380             2             9       0.95703        1.4901       0.18462
		7.8727
		382        7.8387       -35.166        -47.18           381             2             9       0.95703        1.4901       0.18462
		7.9682
		383        8.0578       -35.479       -48.057           382             2             9       0.95703        1.4901       0.18462
		8.0638
		384        8.2769       -35.791       -48.935           383             2             9       0.95703        1.4901       0.18462
		8.1593
		385         8.496       -36.104       -49.812           384             2             9       0.95702        1.4901       0.18462
		8.2548
		386        9.1547       -35.705       -50.313           385             2             9        0.9186        1.4302       0.17721
		8.3465
		387        9.8134       -35.305       -50.814           386             2             9        0.9186        1.4302       0.17721
		8.4382
		388        10.472       -34.906       -51.314           387             2             9        0.9186        1.4302       0.17721
		8.5299
		389        10.686           -35       -52.225           388             2             9       0.94003        1.4636       0.18134
		8.6238
		390          10.9       -35.093       -53.135           389             2             9       0.94003        1.4636       0.18134
		8.7176
		391        11.114       -35.187       -54.046           390             2             9       0.94003        1.4636       0.18134
		8.8115
		392        11.327        -35.28       -54.957           391             2             9       0.94003        1.4636       0.18134
		8.9053
		393        11.541       -35.374       -55.867           392             2             9       0.94003        1.4636       0.18134
		8.9991
		394        11.536       -35.321       -56.763           393             2             9       0.89711        1.3968       0.17306
		9.0887
		395        11.531       -35.269       -57.658           394             2             9       0.89711        1.3968       0.17306
		9.1782
		396        11.525       -35.217       -58.554           395             2             9       0.89711        1.3968       0.17306
		9.2678
		397         11.52       -35.164       -59.449           396             2             9       0.89711        1.3968       0.17306
		9.3573
		398        11.515       -35.112       -60.345           397             2             9       0.89711        1.3968       0.17306
		9.4469
		399         11.51        -35.06       -61.241           398             2             9       0.89711        1.3968       0.17306
		9.5364
		400        11.504       -35.007       -62.136           399             2             9        0.8971        1.3968       0.17306
		9.626
		401        12.106       -34.924       -62.754           400             2             9       0.86698        1.3499       0.16725
		9.7125
		402        12.708       -34.841       -63.373           401             2             9       0.86698        1.3499       0.16725
		9.7991
		403         13.31       -34.757       -63.991           402             2             9       0.86698        1.3499       0.16725
		9.8856
		404        13.912       -34.674        -64.61           403             2             9       0.86698        1.3499       0.16725
		9.9722
		405        14.514       -34.591       -65.228           404             2             9       0.86698        1.3499       0.16725
		10.0587
		406        15.116       -34.507       -65.847           405             2             9       0.86698        1.3499       0.16725
		10.1453
		407        15.718       -34.424       -66.465           406             2             9       0.86698        1.3499       0.16725
		10.2318
		408        15.781       -34.748       -67.316           407             2             9       0.91263        1.4209       0.17606
		10.3229
		409        15.845       -35.073       -68.166           408             2             9       0.91263        1.4209       0.17606
		10.414
		410        15.909       -35.397       -69.017           409             2             9       0.91263        1.4209       0.17606
		10.5051
		411        15.973       -35.721       -69.868           410             2             9       0.91263        1.4209       0.17606
		10.5962
		412        16.036       -36.045       -70.719           411             2             9       0.91263        1.4209       0.17606
		10.6873
		413          16.1       -36.369       -71.569           412             2             9       0.91263        1.4209       0.17606
		10.7784
		414        16.164       -36.694        -72.42           413             2             9       0.91263        1.4209       0.17606
		10.8695
		415        15.969       -36.219        -73.21           414             2             9       0.94195        1.4666       0.18171
		10.9636
		416        15.774       -35.744           -74           415             2             9       0.94195        1.4666       0.18171
		11.0576
		417        15.579        -35.27        -74.79           416             2             9       0.94195        1.4666       0.18171
		11.1516
		418        15.384       -34.795        -75.58           417             2             9       0.94195        1.4666       0.18171
		11.2457
		419        15.189       -34.321        -76.37           418             2             9       0.94195        1.4666       0.18171
		11.3397
		420        14.994       -33.846        -77.16           419             2             9       0.94195        1.4666       0.18171
		11.4337
		421        14.799       -33.371       -77.949           420             2             9       0.94194        1.4666       0.18171
		11.5277
		422        14.757       -33.388       -78.863           421             2             9       0.91489        1.4245       0.17649
		11.6191
		423        14.716       -33.404       -79.777           422             2             9       0.91489        1.4245       0.17649
		11.7104
		424        14.674        -33.42       -80.691           423             2             9       0.91489        1.4245       0.17649
		11.8017
		425        14.632       -33.437       -81.605           424             2             9       0.91489        1.4245       0.17649
		11.8931
		426         14.59       -33.453       -82.518           425             2             9       0.91489        1.4245       0.17649
		11.9844
		427        14.548       -33.469       -83.432           426             2             9       0.91489        1.4245       0.17649
		12.0757
		428        14.507       -33.486       -84.346           427             2             9       0.91489        1.4245       0.17649
		12.167
		429        14.465       -33.502        -85.26           428             2             9       0.91489        1.4245       0.17649
		12.2583
		430        14.423       -33.518       -86.174           429             2             9       0.91489        1.4245       0.17649
		12.3497
		431        14.381       -33.535       -87.087           430             2             9        0.9149        1.4245       0.17649
		12.441
		432        14.451       -33.153        -87.88           431             2             9       0.88246         1.374       0.17023
		12.5292
		433        14.521       -32.772       -88.673           432             2             9       0.88246         1.374       0.17023
		12.6172
		434         14.59        -32.39       -89.465           433             2             9       0.88246         1.374       0.17023
		12.7053
		435         14.66       -32.008       -90.258           434             2             9       0.88246         1.374       0.17023
		12.7934
		436        14.322        -31.78       -91.103           435             2             9       0.93873        1.4616       0.18109
		12.8872
		437        13.984       -31.552       -91.949           436             2             9       0.93873        1.4616       0.18109
		12.9808
		438        13.646       -31.323       -92.794           437             2             9       0.93873        1.4616       0.18109
		13.0745
		439        13.308       -31.095        -93.64           438             2             9       0.93873        1.4616       0.18109
		13.1682
		440         12.97       -30.867       -94.485           439             2             9       0.93873        1.4616       0.18109
		13.2619
		441        12.632       -30.638       -95.331           440             2             9       0.93873        1.4616       0.18109
		13.3557
		442        12.457       -30.962       -96.176           441             2             9       0.92214        1.4357       0.17789
		13.4477
		443        12.283       -31.286       -97.022           442             2             9       0.92214        1.4357       0.17789
		13.5397
		444        12.108        -31.61       -97.868           443             2             9       0.92214        1.4357       0.17789
		13.6318
		445        11.934       -31.933       -98.713           444             2             9       0.92214        1.4357       0.17789
		13.7238
		446        11.759       -32.257       -99.559           445             2             9       0.92214        1.4357       0.17789
		13.8159
		447        11.585       -32.581        -100.4           446             2             9       0.92214        1.4357       0.17789
		13.908
		448        11.411       -32.904       -101.25           447             2             9       0.92214        1.4357       0.17789
		14
		449       0.44757       -15.403       -13.103           325             1            10       0.96056        4.0976         1.391
		2.8727
		450      -0.10593       -16.146       -13.356           449             1            10       0.96056        4.0976         1.391
		2.9552
		451      -0.65943       -16.889       -13.609           450             1            10       0.96056        4.0976         1.391
		3.0377
		452       -1.2129       -17.633       -13.862           451             1            10       0.96056        4.0976         1.391
		3.1203
		453       -1.7664       -18.376       -14.114           452             1            10       0.96056        4.0976         1.391
		3.2028
		454       -2.3199       -19.119       -14.367           453             1            10       0.96056        4.0976         1.391
		3.2853
		455       -2.8734       -19.862        -14.62           454             1            10       0.96056        4.0976         1.391
		3.3678
		456       -3.3054       -20.509       -14.988           455             1            10       0.85974        3.4679        1.1052
		3.4417
		457       -3.7373       -21.155       -15.355           456             1            10       0.85974        3.0375        0.8482
		3.5155
		458       -4.1692       -21.801       -15.722           457             1            10       0.85974        2.6071       0.62523
		3.5894
		459       -4.6011       -22.448       -16.089           458             1            10       0.85974        2.1767       0.43627
		3.6633
		460       -5.0331       -23.094       -16.456           459             1            10       0.85974        1.7463        0.2813
		3.7371
		461       -5.2151       -23.684       -17.163           460             1            10       0.93846        1.6642       0.23486
		3.8177
		462        -5.397       -24.275       -17.869           461             1            10       0.93846        1.6642       0.23486
		3.8984
		463        -5.579       -24.865       -18.575           462             1            10       0.93846        1.6642       0.23486
		3.979
		464        -5.761       -25.455       -19.282           463             1            10       0.93846        1.6642       0.23486
		4.0596
		465        -5.943       -26.046       -19.988           464             1            10       0.93845        1.6642       0.23485
		4.1402
		466       -6.1526       -26.498       -20.677           465             1            10        0.8497        1.5068       0.21264
		4.2132
		467       -6.3622        -26.95       -21.365           466             1            10        0.8497        1.5068       0.21264
		4.2862
		468       -6.5718       -27.402       -22.053           467             1            10        0.8497        1.5068       0.21264
		4.3592
		469       -6.7815       -27.854       -22.741           468             1            10        0.8497        1.5068       0.21264
		4.4322
		470       -6.9911       -28.306       -23.429           469             1            10        0.8497        1.5068       0.21264
		4.5052
		471       -7.2007       -28.758       -24.118           470             1            10       0.84968        1.5068       0.21264
		4.5782
		472       -7.2909       -28.814       -25.084           471             1            10       0.97257        1.7247       0.24339
		4.6617
		473        -7.381        -28.87       -26.051           472             1            10       0.97257        1.7247       0.24339
		4.7453
		474       -7.4712       -28.926       -27.018           473             1            10       0.97257        1.7247       0.24339
		4.8289
		475       -7.3057       -28.951       -28.009           474             1            10        1.0049        1.7821       0.25149
		4.9152
		476       -7.1402       -28.975           -29           475             1            10        1.0049        1.7821       0.25149
		5.0015
		477       -6.9747           -29       -29.991           476             1            10        1.0049        1.7821        0.2515
		5.0878
		478       -6.6818       -29.111       -30.814           477             1            10       0.88067        1.5618       0.22039
		5.1635
		479       -6.3889       -29.223       -31.637           478             1            10       0.88067        1.5618       0.22039
		5.2392
		480        -6.096       -29.335        -32.46           479             1            10       0.88067        1.5618       0.22039
		5.3148
		481       -5.8031       -29.447       -33.283           480             1            10       0.88067        1.5617       0.22039
		5.3905
		482       -5.6625       -29.532       -34.247           481             1            10       0.97783         1.734       0.24471
		5.4745
		483       -5.5219       -29.617        -35.21           482             1            10       0.97783         1.734       0.24471
		5.5585
		484       -5.3814       -29.703       -36.174           483             1            10       0.97783         1.734       0.24471
		5.6425
		485       -5.2408       -29.788       -37.138           484             1            10       0.97783         1.734       0.24471
		5.7265
		486       -5.3705       -29.806       -37.822           485             1            10       0.69649        1.2351        0.1743
		5.7863
		487       -5.5003       -29.825       -38.506           486             1            10       0.69649        1.2351        0.1743
		5.8462
		488       -5.6301       -29.843        -39.19           487             1            10       0.69649        1.2351        0.1743
		5.906
		489       -5.6601       -30.111       -40.131           488             1            10       0.97796        1.7343       0.24474
		5.99
		490         -5.69       -30.378       -41.071           489             1            10       0.97796        1.7343       0.24474
		6.074
		491         -5.72       -30.645       -42.011           490             1            10       0.97796        1.7343       0.24474
		6.158
		492       -5.7499       -30.913       -42.951           491             1            10       0.97796        1.7343       0.24474
		6.2421
		493       -5.7799        -31.18       -43.891           492             1            10       0.97796        1.7343       0.24474
		6.3261
		494       -5.8098       -31.448       -44.832           493             1            10       0.97796        1.7343       0.24474
		6.4101
		495       -5.8398       -31.715       -45.772           494             1            10       0.97796        1.7343       0.24474
		6.4941
		496       -5.8697       -31.983       -46.712           495             1            10       0.97796        1.7343       0.24474
		6.5781
		497       -5.8997        -32.25       -47.652           496             1            10       0.97796        1.7343       0.24474
		6.6621
		498       -5.9297       -32.518       -48.592           497             1            10       0.97796        1.7343       0.24474
		6.7462
		499       -5.9596       -32.785       -49.533           498             1            10       0.97796        1.7343       0.24474
		6.8302
		500       -5.9896       -33.052       -50.473           499             1            10       0.97796        1.7343       0.24474
		6.9142
		501       -6.0195        -33.32       -51.413           500             1            10       0.97796        1.7343       0.24474
		6.9982
		502       -6.0495       -33.587       -52.353           501             1            10       0.97796        1.7343       0.24474
		7.0822
		503       -6.0794       -33.855       -53.293           502             1            10       0.97796        1.7343       0.24474
		7.1662
		504       -6.1094       -34.122       -54.234           503             1            10       0.97796        1.7343       0.24474
		7.2503
		505       -6.1394        -34.39       -55.174           504             1            10       0.97796        1.7343       0.24474
		7.3343
		506       -6.1693       -34.657       -56.114           505             1            10       0.97796        1.7343       0.24474
		7.4183
		507       -6.1993       -34.925       -57.054           506             1            10       0.97796        1.7343       0.24474
		7.5023
		508       -6.2292       -35.192       -57.994           507             1            10       0.97798        1.7343       0.24475
		7.5863
		509       -5.6197       -34.802       -58.617           508             1            10       0.95465         1.693       0.23891
		7.6683
		510       -5.0101       -34.412        -59.24           509             1            10       0.95465         1.693       0.23891
		7.7503
		511       -4.4006       -34.021       -59.862           510             1            10       0.95465         1.693       0.23891
		7.8323
		512        -3.791       -33.631       -60.485           511             1            10       0.95465         1.693       0.23891
		7.9144
		513       -3.1814       -33.241       -61.107           512             1            10       0.95465         1.693       0.23891
		7.9964
		514       -2.5719       -32.851        -61.73           513             1            10       0.95466         1.693       0.23891
		8.0784
		515       -3.2283       -32.931       -62.136           514             1            10       0.77602        1.3762       0.19421
		8.1451
		516       -3.8847       -33.012       -62.542           515             1            10       0.77602        1.3762       0.19421
		8.2117
		517        -4.541       -33.092       -62.948           516             1            10       0.77602        1.3762       0.19421
		8.2784
		518       -4.4868       -33.043       -63.935           517             1            10       0.98967        1.7551       0.24767
		8.3634
		519       -4.4326       -32.995       -64.922           518             1            10       0.98967        1.7551       0.24767
		8.4484
		520       -4.3784       -32.946       -65.909           519             1            10       0.98967        1.7551       0.24767
		8.5335
		521       -4.3242       -32.897       -66.896           520             1            10       0.98967        1.7551       0.24767
		8.6185
		522       -4.2699       -32.848       -67.883           521             1            10       0.98967        1.7551       0.24767
		8.7035
		523       -4.2157       -32.799        -68.87           522             1            10       0.98967        1.7551       0.24767
		8.7885
		524       -4.1615        -32.75       -69.857           523             1            10       0.98967        1.7551       0.24767
		8.8735
		525       -4.1073       -32.701       -70.844           524             1            10       0.98967        1.7551       0.24767
		8.9586
		526        -4.053       -32.653       -71.831           525             1            10       0.98967        1.7551       0.24767
		9.0436
		527       -3.9988       -32.604       -72.818           526             1            10       0.98967         1.755       0.24767
		9.1286
		528       -4.0712       -32.526       -73.755           527             1            10       0.94337        1.6729       0.23609
		9.2097
		529       -4.1436       -32.447       -74.692           528             1            10       0.94337        1.6729       0.23609
		9.2907
		530        -4.216       -32.369        -75.63           529             1            10       0.94337        1.6729       0.23609
		9.3717
		531       -4.2884       -32.291       -76.567           530             1            10       0.94337        1.6729       0.23609
		9.4528
		532       -4.3783       -32.286       -77.565           531             1            10        1.0017        1.7763       0.25067
		9.5388
		533       -4.4682       -32.281       -78.562           532             1            10        1.0017        1.7763       0.25067
		9.6249
		534        -4.558       -32.276        -79.56           533             1            10        1.0017        1.7763       0.25067
		9.7109
		535       -4.6479       -32.272       -80.557           534             1            10        1.0017        1.7763       0.25067
		9.797
		536       -4.7378       -32.267       -81.555           535             1            10        1.0017        1.7763       0.25067
		9.8831
		537       -4.8277       -32.262       -82.553           536             1            10        1.0017        1.7763       0.25067
		9.9691
		538       -5.0449        -32.06       -83.431           537             1            10       0.92725        1.6444       0.23205
		10.0488
		539        -5.262       -31.857        -84.31           538             1            10       0.92725        1.6444       0.23205
		10.1284
		540       -5.4792       -31.655       -85.188           539             1            10       0.92725        1.6444       0.23205
		10.2081
		541       -5.6964       -31.453       -86.067           540             1            10       0.92725        1.6444       0.23205
		10.2878
		542       -5.9136        -31.25       -86.945           541             1            10       0.92725        1.6444       0.23205
		10.3674
		543       -6.1307       -31.048       -87.823           542             1            10       0.92725        1.6444       0.23205
		10.4471
		544       -6.4468         -30.8       -88.659           543             1            10       0.92732        1.6445       0.23207
		10.5267
		545       -6.7628       -30.551       -89.495           544             1            10       0.92732        1.6445       0.23207
		10.6064
		546       -7.0788       -30.303        -90.33           545             1            10       0.92732        1.6445       0.23207
		10.6861
		547       -7.3948       -30.054       -91.166           546             1            10       0.92732        1.6445       0.23207
		10.7657
		548       -7.7108       -29.806       -92.002           547             1            10       0.92732        1.6445       0.23207
		10.8454
		549       -8.0269       -29.557       -92.837           548             1            10       0.92732        1.6445       0.23207
		10.9251
		550       -8.3429       -29.309       -93.673           549             1            10       0.92732        1.6445       0.23207
		11.0047
		551       -8.4237       -29.082        -94.64           550             1            10       0.99616        1.7666        0.2493
		11.0903
		552       -8.5045       -28.854       -95.606           551             1            10       0.99616        1.7666        0.2493
		11.1759
		553       -8.5854       -28.627       -96.573           552             1            10       0.99616        1.7666        0.2493
		11.2615
		554       -8.6662         -28.4       -97.539           553             1            10       0.99616        1.7666        0.2493
		11.347
		555        -8.747       -28.173       -98.506           554             1            10       0.99616        1.7666        0.2493
		11.4326
		556       -8.8279       -27.946       -99.472           555             1            10       0.99616        1.7666        0.2493
		11.5182
		557       -8.9087       -27.719       -100.44           556             1            10       0.99616        1.7666        0.2493
		11.6038
		558       -8.9895       -27.492       -101.41           557             1            10       0.99616        1.7666        0.2493
		11.6894
		559       -9.0704       -27.265       -102.37           558             1            10       0.99616        1.7666        0.2493
		11.7749
		560       -9.1512       -27.038       -103.34           559             1            10       0.99616        1.7666        0.2493
		11.8605
		561        -9.232       -26.811       -104.31           560             1            10       0.99616        1.7666        0.2493
		11.9461
		562       -9.3129       -26.584       -105.27           561             1            10       0.99616        1.7666        0.2493
		12.0317
		563       -9.3937       -26.357       -106.24           562             1            10       0.99616        1.7666        0.2493
		12.1172
		564       -9.4745        -26.13        -107.2           563             1            10       0.99616        1.7666        0.2493
		12.2029
		565       -9.5554       -25.902       -108.17           564             1            10       0.99616        1.7666        0.2493
		12.2884
		566       -9.6362       -25.675       -109.14           565             1            10       0.99616        1.7666        0.2493
		12.374
		567        -9.717       -25.448        -110.1           566             1            10       0.99616        1.7666        0.2493
		12.4596
		568       -9.7978       -25.221       -111.07           567             1            10       0.99616        1.7666        0.2493
		12.5451
		569       -9.8787       -24.994       -112.04           568             1            10       0.99616        1.7666        0.2493
		12.6308
		570       -9.9595       -24.767          -113           569             1            10       0.99616        1.7666        0.2493
		12.7163
		571        -10.04        -24.54       -113.97           570             1            10       0.99616        1.7666        0.2493
		12.8019
		572       -10.121       -24.313       -114.94           571             1            10       0.99617        1.7666        0.2493
		12.8875
		573       -10.202       -24.086        -115.9           572             1            10       0.99616        1.7666        0.2493
		12.973
		574       -10.283       -23.859       -116.87           573             1            10       0.99616        1.7666        0.2493
		13.0587
		575       -10.364       -23.632       -117.84           574             1            10       0.99616        1.7666        0.2493
		13.1442
		576       -10.444       -23.405        -118.8           575             1            10       0.99616        1.7666        0.2493
		13.2297
		577       -10.525       -23.178       -119.77           576             1            10       0.99616        1.7666        0.2493
		13.3154
		578       -10.606       -22.951       -120.74           577             1            10       0.99616        1.7666        0.2493
		13.4009
		579       -10.687       -22.723        -121.7           578             1            10       0.99616        1.7666        0.2493
		13.4866
		580       -10.768       -22.496       -122.67           579             1            10       0.99616        1.7666        0.2493
		13.5721
		581       -10.849       -22.269       -123.64           580             1            10       0.99616        1.7666        0.2493
		13.6576
		582       -10.929       -22.042        -124.6           581             1            10       0.99616        1.7666        0.2493
		13.7433
		583        -11.01       -21.815       -125.57           582             1            10       0.99616        1.7666        0.2493
		13.8288
		584       -11.091       -21.588       -126.54           583             1            10       0.99616        1.7666        0.2493
		13.9145
		585       -11.172       -21.361        -127.5           584             1            10       0.99616        1.7666        0.2493
		14
		586        5.7101       -12.692        -9.411           317             2            11       0.88608        5.5523        2.7686
		3.1593
		587        5.1728       -12.615       -10.111           586             2            11       0.88608        5.5523        2.7686
		4.1359
		588        4.6356       -12.538       -10.812           587             2            11       0.88608        5.5523        2.7686
		5.1125
		589        4.0984       -12.461       -11.512           588             2            11       0.88608        5.5523        2.7686
		6.0892
		590        3.5612       -12.384       -12.213           589             2            11       0.88609        5.5524        2.7687
		7.0658
		591        3.0099       -12.687       -12.751           590             2            11       0.82747        4.9414        2.3097
		7.9778
		592        2.4587       -12.989       -13.289           591             2            11       0.82747         4.362        1.8004
		8.8898
		593        1.9074       -13.291       -13.827           592             2            11       0.82747        3.7826        1.3545
		9.8018
		594        1.2274       -13.951       -13.919           593             2            11       0.95226        3.9843        1.3266
		10.8514
		595       0.54737       -14.611       -14.011           594             2            11       0.95226        3.9843        1.3266
		11.9009
		596      -0.13267       -15.272       -14.104           595             2            11       0.95226        3.9843        1.3266
		12.9505
		597       -0.8127       -15.932       -14.196           596             2            11       0.95226        3.9843        1.3266
		14

Total # of growing branch tips:
		11

tipID#    xg          yg          zg      sg.bhd.tp. ord  br#  tot.br.lgth. axs#
overlength  # of estblished points
time of establishing (-->)
		1        18.26      -15.671       -10.25           49            1            1       44.298            0
		0  0
		2       16.447      -14.227      -11.015           61            1            2       10.895            0
		0  0
		3       12.781      -8.9307      -15.205           81            1            3       17.668            0
		0  0
		4        8.5861        -10.45       -18.149           105             1             4        20.148             0
		0  0
		5        2.3808        22.173       -62.499           198             1             5         83.64             0
		0  0
		6        16.922         11.54       -25.891           220             1             6        20.295             0
		0  0
		7        13.376        20.542       -67.956           291             1             7         65.67             0
		0  0
		8        15.561        20.536       -41.644           315             1             8        22.781             0
		0  0
		9        11.411       -32.904       -101.25           448             1             9        121.12             0
		0  0
		10       -11.172       -21.361        -127.5           585             1            10        130.48             0
		0  0
		11       -0.8127       -15.932       -14.196           597             1            11        10.722             0
		0  0
