[1.46549439e-14 6.77626358e-19 7.80625564e-17 3.79470760e-19
 9.48676901e-19 3.79470760e-19 9.48676901e-19 0.00000000e+00
 5.82335151e-22],[1.87555501e-12 1.55982765e-11 1.74999568e-11 2.07801370e-11
 1.01342327e-11 2.09542425e-11 1.01325881e-11            nan
 1.73787404e-12],[7.77156117e-16 6.77626358e-20 5.20417043e-18 2.71050543e-20
 1.08420217e-19 2.71050543e-20 1.08420217e-19 0.00000000e+00
 5.29395592e-23],[9.60370338e-14 8.19104274e-13 9.39753092e-13 8.66490987e-13
 4.45312969e-13 8.73746745e-13 4.45240863e-13 0.00000000e+00
 1.25802101e-13]
[1.33226763e-14 6.77626358e-19 7.80625564e-17 3.79470760e-19
 9.48676901e-19 3.79470760e-19 9.48676901e-19 0.00000000e+00
 4.23516474e-22],[2.50004410e-12 1.55841454e-11 1.74998113e-11 2.12582157e-11
 1.00918592e-11 2.16164707e-11 1.00889307e-11            nan
 8.10572073e-13],[9.99200722e-16 6.77626358e-20 5.20417043e-18 2.71050543e-20
 1.08420217e-19 2.71050543e-20 1.08420217e-19 0.00000000e+00
 1.05879118e-22],[1.24948645e-13 8.18718274e-13 9.39745146e-13 8.86437991e-13
 4.43449840e-13 9.01382881e-13 4.43320918e-13 0.00000000e+00
 4.63148475e-14]
[1.09912079e-14 6.77626358e-19 7.80625564e-17 3.79470760e-19
 9.48676901e-19 3.79470760e-19 9.48676901e-19 0.00000000e+00
 4.23516474e-22],[2.59636199e-12 1.55693615e-11 1.74996702e-11 2.17460233e-11
 1.00509418e-11 2.22972000e-11 1.00471163e-11            nan
 1.06484923e-12],[1.11022302e-15 6.77626358e-20 5.20417043e-18 2.71050543e-20
 1.08420217e-19 2.71050543e-20 1.08420217e-19 0.00000000e+00
 2.11758237e-22],[1.38838132e-13 8.18340232e-13 9.39737444e-13 9.06774300e-13
 4.41652316e-13 9.29759368e-13 4.41484117e-13 0.00000000e+00
 3.13341157e-14]
[1.11022302e-14 6.77626358e-19 7.80625564e-17 3.79470760e-19
 9.48676901e-19 3.79470760e-19 9.48676901e-19 0.00000000e+00
 4.23516474e-22],[2.60994550e-12 1.55545234e-11 1.74995337e-11 2.22423849e-11
 1.00115295e-11 2.29942949e-11 1.00071925e-11            nan
 5.24636697e-13],[1.22124533e-15 6.77626358e-20 5.20417043e-18 2.71050543e-20
 1.08420217e-19 2.71050543e-20 1.08420217e-19 0.00000000e+00
 2.11758237e-22],[1.49660783e-13 8.17963975e-13 9.39729997e-13 9.27459423e-13
 4.39921582e-13 9.58802925e-13 4.39731231e-13 0.00000000e+00
 2.38528784e-14]
[1.12132525e-14 6.77626358e-19 7.80625564e-17 3.79470760e-19
 9.48676901e-19 3.79470760e-19 9.48676901e-19 0.00000000e+00
 0.00000000e+00],[2.75887361e-12 1.55397648e-11 1.74994008e-11 2.27501764e-11
 9.97333788e-12 2.37133823e-11 9.96877420e-12            nan
 0.00000000e+00],[1.22124533e-15 6.77626358e-20 5.20417043e-18 2.71050543e-20
 1.08420217e-19 2.71050543e-20 1.08420217e-19 0.00000000e+00
 0.00000000e+00],[1.50953108e-13 8.17589947e-13 9.39722747e-13 9.48616354e-13
 4.38244774e-13 9.88753715e-13 4.38044841e-13 0.00000000e+00
 0.00000000e+00]
[1.12132525e-14 6.77626358e-19 7.80625564e-17 3.79470760e-19
 9.48676901e-19 3.79470760e-19 9.48676901e-19 0.00000000e+00
 0.00000000e+00],[2.78412036e-12 1.55251689e-11 1.74992715e-11 2.32693683e-11
 9.93634385e-12 2.44545857e-11 9.93182226e-12            nan
 0.00000000e+00],[1.33226763e-15 6.77626358e-20 5.20417043e-18 2.71050543e-20
 1.08420217e-19 2.71050543e-20 1.08420217e-19 0.00000000e+00
 0.00000000e+00],[1.67222445e-13 8.17218457e-13 9.39715687e-13 9.70255851e-13
 4.36619922e-13 1.01964007e-12 4.36421997e-13 0.00000000e+00
 0.00000000e+00]
[1.08801856e-14 6.77626358e-19 7.80625564e-17 3.79470760e-19
 9.48676901e-19 3.79470760e-19 9.48676901e-19 0.00000000e+00
 0.00000000e+00],[2.95877182e-12 1.55108195e-11 1.74991455e-11 2.38002852e-11
 9.90049891e-12 2.52187170e-11 9.89626548e-12            nan
 0.00000000e+00],[1.66533454e-15 6.77626358e-20 5.20417043e-18 2.71050543e-20
 1.08420217e-19 2.71050543e-20 1.08420217e-19 0.00000000e+00
 0.00000000e+00],[2.05858079e-13 8.16851579e-13 9.39708812e-13 9.92388922e-13
 4.35045143e-13 1.05149123e-12 4.34859908e-13 0.00000000e+00
 0.00000000e+00]
[1.05471187e-14 6.77626358e-19 7.80625564e-17 3.79470760e-19
 9.48676901e-19 3.79470760e-19 9.48676901e-19 0.00000000e+00
 0.00000000e+00],[2.91640487e-12 1.54967494e-11 1.74990228e-11 2.43434592e-11
 9.86574317e-12 2.60070152e-11 9.86201945e-12            nan
 0.00000000e+00],[1.55431223e-15 6.77626358e-20 5.20417043e-18 2.71050543e-20
 1.08420217e-19 2.71050543e-20 1.08420217e-19 0.00000000e+00
 0.00000000e+00],[1.92136485e-13 8.16489612e-13 9.39702116e-13 1.01502682e-12
 4.33518642e-13 1.08433731e-12 4.33355932e-13 0.00000000e+00
 0.00000000e+00]
[1.18793864e-14 6.77626358e-19 7.80625564e-17 3.79470760e-19
 9.48676901e-19 3.79470760e-19 9.48676901e-19 0.00000000e+00
 0.00000000e+00],[2.86217611e-12 1.54829861e-11 1.74989034e-11 2.48989126e-11
 9.83205534e-12 2.68197241e-11 9.82904969e-12            nan
 0.00000000e+00],[1.55431223e-15 6.77626358e-20 5.20417043e-18 2.71050543e-20
 1.08420217e-19 2.71050543e-20 1.08420217e-19 0.00000000e+00
 0.00000000e+00],[1.92136920e-13 8.16132744e-13 9.39695595e-13 1.03818107e-12
 4.32038704e-13 1.11820940e-12 4.31907568e-13 0.00000000e+00
 0.00000000e+00]
[1.21014310e-14 6.77626358e-19 7.80625564e-17 3.79470760e-19
 9.48676901e-19 3.79470760e-19 9.48676901e-19 0.00000000e+00
 0.00000000e+00],[2.99731134e-12 1.54695433e-11 1.74987870e-11 2.54671100e-11
 9.79938586e-12 2.76579760e-11 9.79728678e-12            nan
 0.00000000e+00],[1.66533454e-15 6.77626358e-20 5.20417043e-18 2.71050543e-20
 1.08420217e-19 2.71050543e-20 1.08420217e-19 0.00000000e+00
 0.00000000e+00],[2.02399679e-13 8.15781090e-13 9.39689243e-13 1.06186344e-12
 4.30603691e-13 1.15313954e-12 4.30512443e-13 0.00000000e+00
 0.00000000e+00]
[1.13242749e-14 6.77626358e-19 7.80625564e-17 3.79470760e-19
 9.48676901e-19 3.79470760e-19 9.48676901e-19 0.00000000e+00
 0.00000000e+00],[3.12176989e-12 1.54564329e-11 1.74986736e-11 2.60481916e-11
 9.76770835e-12 2.85222645e-11 9.76669102e-12            nan
 0.00000000e+00],[1.88737914e-15 6.77626358e-20 5.20417043e-18 2.71050543e-20
 1.08420217e-19 2.71050543e-20 1.08420217e-19 0.00000000e+00
 0.00000000e+00],[2.29388621e-13 8.15434700e-13 9.39683056e-13 1.08608597e-12
 4.29212036e-13 1.18916079e-12 4.29168310e-13 0.00000000e+00
 0.00000000e+00]
[1.01030295e-14 6.77626358e-19 7.80625564e-17 3.79470760e-19
 9.48676901e-19 3.79470760e-19 9.48676901e-19 0.00000000e+00
 0.00000000e+00],[3.02568049e-12 1.54436579e-11 1.74985632e-11 2.66426344e-11
 9.73697814e-12 2.94137772e-11 9.73720077e-12            nan
 0.00000000e+00],[1.77635684e-15 6.77626358e-20 5.20417043e-18 2.71050543e-20
 1.08420217e-19 2.71050543e-20 1.08420217e-19 0.00000000e+00
 0.00000000e+00],[2.15896660e-13 8.15093636e-13 9.39677027e-13 1.11086099e-12
 4.27862241e-13 1.22630722e-12 4.27873033e-13 0.00000000e+00
 0.00000000e+00]
[1.02140518e-14 6.77626358e-19 7.80625564e-17 3.79470760e-19
 9.48676901e-19 3.79470760e-19 9.48676901e-19 0.00000000e+00
 0.00000000e+00],[3.14985488e-12 1.54312185e-11 1.74984556e-11 2.72506345e-11
 9.70716885e-12 3.03331421e-11 9.70877765e-12            nan
 0.00000000e+00],[1.77635684e-15 6.77626358e-20 5.20417043e-18 2.71050543e-20
 1.08420217e-19 2.71050543e-20 1.08420217e-19 0.00000000e+00
 0.00000000e+00],[2.22999470e-13 8.14757957e-13 9.39671154e-13 1.13620110e-12
 4.26552871e-13 1.26461398e-12 4.26624586e-13 0.00000000e+00
 0.00000000e+00]
[1.12132525e-14 6.77626358e-19 7.80625564e-17 3.79470760e-19
 9.48676901e-19 3.79470760e-19 9.48676901e-19 0.00000000e+00
 0.00000000e+00],[3.24111237e-12 1.54191118e-11 1.74983507e-11 2.78723495e-11
 9.67825671e-12 3.12809133e-11 9.68138671e-12            nan
 0.00000000e+00],[1.88737914e-15 6.77626358e-20 5.20417043e-18 2.71050543e-20
 1.08420217e-19 2.71050543e-20 1.08420217e-19 0.00000000e+00
 0.00000000e+00],[2.29391571e-13 8.14427712e-13 9.39665431e-13 1.16211918e-12
 4.25282555e-13 1.30411731e-12 4.25421041e-13 0.00000000e+00
 0.00000000e+00]
[9.88098492e-15 6.77626358e-19 7.80625564e-17 3.79470760e-19
 9.48676901e-19 3.79470760e-19 9.48676901e-19 0.00000000e+00
 0.00000000e+00],[3.18490649e-12 1.54073298e-11 1.74982486e-11 2.85082102e-11
 9.65020525e-12 3.22582213e-11 9.65497827e-12            nan
 0.00000000e+00],[1.66533454e-15 6.77626358e-20 5.20417043e-18 2.71050543e-20
 1.08420217e-19 2.71050543e-20 1.08420217e-19 0.00000000e+00
 0.00000000e+00],[2.05840641e-13 8.14102943e-13 9.39659853e-13 1.18862842e-12
 4.24049977e-13 1.34485459e-12 4.24260566e-13 0.00000000e+00
 0.00000000e+00]
[9.76996262e-15 6.77626358e-19 7.80625564e-17 3.79470760e-19
 9.48676901e-19 3.79470760e-19 9.48676901e-19 0.00000000e+00
 0.00000000e+00],[3.44384395e-12 1.53958629e-11 1.74981490e-11 2.91585005e-11
 9.62298734e-12 3.32659054e-11 9.62951439e-12            nan
 0.00000000e+00],[1.77635684e-15 6.77626358e-20 5.20417043e-18 2.71050543e-20
 1.08420217e-19 2.71050543e-20 1.08420217e-19 0.00000000e+00
 0.00000000e+00],[2.15897592e-13 8.13783684e-13 9.39654417e-13 1.21574229e-12
 4.22853878e-13 1.38686436e-12 4.23141421e-13 0.00000000e+00
 0.00000000e+00]
[1.02140518e-14 6.77626358e-19 7.80625564e-17 3.79470760e-19
 9.48676901e-19 3.79470760e-19 9.48676901e-19 0.00000000e+00
 0.00000000e+00],[3.38865791e-12 1.53846972e-11 1.74980519e-11 2.98237597e-11
 9.59656603e-12 3.43053623e-11 9.60494616e-12            nan
 0.00000000e+00],[1.88737914e-15 6.77626358e-20 5.20417043e-18 2.71050543e-20
 1.08420217e-19 2.71050543e-20 1.08420217e-19 0.00000000e+00
 0.00000000e+00],[2.33274811e-13 8.13469953e-13 9.39649118e-13 1.24347460e-12
 4.21693049e-13 1.43018637e-12 4.22061945e-13 0.00000000e+00
 0.00000000e+00]
[9.54791801e-15 6.77626358e-19 7.80625564e-17 3.79470760e-19
 9.48676901e-19 3.79470760e-19 9.48676901e-19 0.00000000e+00
 0.00000000e+00],[3.25412809e-12 1.53738218e-11 1.74979573e-11 3.05041384e-11
 9.57092351e-12 3.53771767e-11 9.58124774e-12            nan
 0.00000000e+00],[1.88737914e-15 6.77626358e-20 5.20417043e-18 2.71050543e-20
 1.08420217e-19 2.71050543e-20 1.08420217e-19 0.00000000e+00
 0.00000000e+00],[2.29389721e-13 8.13161747e-13 9.39643953e-13 1.27183944e-12
 4.20566332e-13 1.47486159e-12 4.21020560e-13 0.00000000e+00
 0.00000000e+00]
[9.10382880e-15 6.77626358e-19 7.80625564e-17 3.79470760e-19
 9.48676901e-19 3.79470760e-19 9.48676901e-19 0.00000000e+00
 0.00000000e+00],[3.28270413e-12 1.53632238e-11 1.74978651e-11 3.11999369e-11
 9.54603590e-12 3.64822611e-11 9.55838644e-12            nan
 0.00000000e+00],[1.99840144e-15 6.77626358e-20 5.20417043e-18 2.71050543e-20
 1.08420217e-19 2.71050543e-20 1.08420217e-19 0.00000000e+00
 0.00000000e+00],[2.42882190e-13 8.12859029e-13 9.39638917e-13 1.30085124e-12
 4.19472616e-13 1.52093231e-12 4.20015759e-13 0.00000000e+00
 0.00000000e+00]
[1.03250741e-14 6.77626358e-19 7.80625564e-17 3.79470760e-19
 9.48676901e-19 3.79470760e-19 9.48676901e-19 0.00000000e+00
 0.00000000e+00],[3.35013384e-12 1.53528895e-11 1.74977752e-11 3.19116038e-11
 9.52187486e-12 3.76218640e-11 9.53632484e-12            nan
 0.00000000e+00],[2.10942375e-15 6.77626358e-20 5.20417043e-18 2.71050543e-20
 1.08420217e-19 2.71050543e-20 1.08420217e-19 0.00000000e+00
 0.00000000e+00],[2.56374409e-13 8.12561707e-13 9.39634007e-13 1.33052475e-12
 4.18410833e-13 1.56844210e-12 4.19046107e-13 0.00000000e+00
 0.00000000e+00]
[9.99200722e-15 6.77626358e-19 7.80625564e-17 3.79470760e-19
 9.48676901e-19 3.79470760e-19 9.48676901e-19 0.00000000e+00
 0.00000000e+00],[3.44396864e-12 1.53428090e-11 1.74976875e-11 3.26395010e-11
 9.49841707e-12 3.87970635e-11 9.51503179e-12            nan
 0.00000000e+00],[2.22044605e-15 6.77626358e-20 5.20417043e-18 2.71050543e-20
 1.08420217e-19 2.71050543e-20 1.08420217e-19 0.00000000e+00
 0.00000000e+00],[2.69866347e-13 8.12269584e-13 9.39629219e-13 1.36087507e-12
 4.17379960e-13 1.61743592e-12 4.18110236e-13 0.00000000e+00
 0.00000000e+00]
[9.43689571e-15 6.77626358e-19 7.80625564e-17 3.79470760e-19
 9.48676901e-19 3.79470760e-19 9.48676901e-19 0.00000000e+00
 0.00000000e+00],[3.37743370e-12 1.53329788e-11 1.74976020e-11 3.33839987e-11
 9.47564015e-12 4.00089714e-11 9.49447757e-12            nan
 0.00000000e+00],[2.33146835e-15 6.77626358e-20 5.20417043e-18 2.71050543e-20
 1.08420217e-19 2.71050543e-20 1.08420217e-19 0.00000000e+00
 0.00000000e+00],[2.83357869e-13 8.11982240e-13 9.39624549e-13 1.39191763e-12
 4.16379010e-13 1.66796012e-12 4.17206839e-13 0.00000000e+00
 0.00000000e+00]
[1.06581410e-14 6.77626358e-19 7.80625564e-17 3.79470760e-19
 9.48676901e-19 3.79470760e-19 9.48676901e-19 0.00000000e+00
 0.00000000e+00],[3.41880226e-12 1.53234105e-11 1.74975185e-11 3.41454755e-11
 9.45352257e-12 4.12587344e-11 9.47463380e-12            nan
 0.00000000e+00],[2.44249065e-15 6.77626358e-20 5.20417043e-18 2.71050543e-20
 1.08420217e-19 2.71050543e-20 1.08420217e-19 0.00000000e+00
 0.00000000e+00],[2.96848591e-13 8.11698758e-13 9.39619994e-13 1.42366822e-12
 4.15407040e-13 1.72006250e-12 4.16334668e-13 0.00000000e+00
 0.00000000e+00]
[1.09912079e-14 6.77626358e-19 7.80625564e-17 3.79470760e-19
 9.48676901e-19 3.79470760e-19 9.48676901e-19 0.00000000e+00
 0.00000000e+00],[3.37646130e-12 1.53141409e-11 1.74974372e-11 3.49243186e-11
 9.43204364e-12 4.25475347e-11 9.45547337e-12            nan
 0.00000000e+00],[2.66453526e-15 6.77626358e-20 5.20417043e-18 2.71050543e-20
 1.08420217e-19 2.71050543e-20 1.08420217e-19 0.00000000e+00
 0.00000000e+00],[3.23830690e-13 8.11417537e-13 9.39615550e-13 1.45614299e-12
 4.14463139e-13 1.77379235e-12 4.15492532e-13 0.00000000e+00
 0.00000000e+00]
[1.12132525e-14 6.77626358e-19 7.80625564e-17 3.79470760e-19
 9.48676901e-19 3.79470760e-19 9.48676901e-19 0.00000000e+00
 0.00000000e+00],[3.35043617e-12 1.53051667e-11 1.74973578e-11 3.57209240e-11
 9.41118346e-12 4.38765917e-11 9.43697039e-12            nan
 0.00000000e+00],[2.55351296e-15 6.77626358e-20 5.20417043e-18 2.71050543e-20
 1.08420217e-19 2.71050543e-20 1.08420217e-19 0.00000000e+00
 0.00000000e+00],[3.10333076e-13 8.11139546e-13 9.39611215e-13 1.48935844e-12
 4.13546432e-13 1.82920050e-12 4.14679293e-13 0.00000000e+00
 0.00000000e+00]
[1.17683641e-14 6.77626358e-19 7.80625564e-17 3.79470760e-19
 9.48676901e-19 3.79470760e-19 9.48676901e-19 0.00000000e+00
 0.00000000e+00],[3.30670241e-12 1.52963460e-11 1.74972803e-11 3.65356966e-11
 9.39092289e-12 4.52471626e-11 9.41910007e-12            nan
 0.00000000e+00],[2.33146835e-15 6.77626358e-20 5.20417043e-18 2.71050543e-20
 1.08420217e-19 2.71050543e-20 1.08420217e-19 0.00000000e+00
 0.00000000e+00],[2.83345672e-13 8.10871243e-13 9.39606985e-13 1.52333149e-12
 4.12656079e-13 1.88633937e-12 4.13893862e-13 0.00000000e+00
 0.00000000e+00]
[1.02140518e-14 6.77626358e-19 7.80625564e-17 3.79470760e-19
 9.48676901e-19 3.79470760e-19 9.48676901e-19 0.00000000e+00
 0.00000000e+00],[3.30809251e-12 1.52875803e-11 1.74972047e-11 3.73690506e-11
 9.37124350e-12 4.66605441e-11 9.40183875e-12            nan
 0.00000000e+00],[2.33146835e-15 6.77626358e-20 5.20417043e-18 2.71050543e-20
 1.08420217e-19 2.71050543e-20 1.08420217e-19 0.00000000e+00
 0.00000000e+00],[2.83346207e-13 8.10613312e-13 9.39602857e-13 1.55807939e-12
 4.11791269e-13 1.94526303e-12 4.13135198e-13 0.00000000e+00
 0.00000000e+00]
[1.12132525e-14 6.77626358e-19 7.80625564e-17 3.79470760e-19
 9.48676901e-19 3.79470760e-19 9.48676901e-19 0.00000000e+00
 0.00000000e+00],[3.45596675e-12 1.52788448e-11 1.74971309e-11 3.82214097e-11
 9.35212754e-12 4.81180734e-11 9.38516375e-12            nan
 0.00000000e+00],[2.44249065e-15 6.77626358e-20 5.20417043e-18 2.71050543e-20
 1.08420217e-19 2.71050543e-20 1.08420217e-19 0.00000000e+00
 0.00000000e+00],[2.96840759e-13 8.10363240e-13 9.39598828e-13 1.59361983e-12
 4.10951223e-13 2.00602721e-12 4.12402304e-13 0.00000000e+00
 0.00000000e+00]
[9.88098492e-15 6.77626358e-19 7.80625564e-17 3.79470760e-19
 9.48676901e-19 3.79470760e-19 9.48676901e-19 0.00000000e+00
 0.00000000e+00],[3.40201850e-12 1.52701369e-11 1.74970589e-11 3.90932073e-11
 9.33355793e-12 4.96211292e-11 9.36905338e-12            nan
 0.00000000e+00],[2.22044605e-15 6.77626358e-20 5.20417043e-18 2.71050543e-20
 1.08420217e-19 2.71050543e-20 1.08420217e-19 0.00000000e+00
 0.00000000e+00],[2.69857524e-13 8.10119378e-13 9.39594896e-13 1.62997088e-12
 4.10135189e-13 2.06868940e-12 4.11694227e-13 0.00000000e+00
 0.00000000e+00]
[1.06581410e-14 6.77626358e-19 7.80625564e-17 3.79470760e-19
 9.48676901e-19 3.79470760e-19 9.48676901e-19 0.00000000e+00
 0.00000000e+00],[3.46919129e-12 1.52614557e-11 1.74969886e-11 3.99848865e-11
 9.31551821e-12 5.11711334e-11 9.35348688e-12            nan
 0.00000000e+00],[2.22044605e-15 6.77626358e-20 5.20417043e-18 2.71050543e-20
 1.08420217e-19 2.71050543e-20 1.08420217e-19 0.00000000e+00
 0.00000000e+00],[2.69860208e-13 8.09881018e-13 9.39591056e-13 1.66715102e-12
 4.09342445e-13 2.13330888e-12 4.11010055e-13 0.00000000e+00
 0.00000000e+00]
[9.88098492e-15 6.77626358e-19 7.80625564e-17 3.79470760e-19
 9.48676901e-19 3.79470760e-19 9.48676901e-19 0.00000000e+00
 0.00000000e+00],[3.59480632e-12 1.52527977e-11 1.74969199e-11 4.08969007e-11
 9.29799252e-12 5.27695525e-11 9.33844433e-12            nan
 0.00000000e+00],[1.88737914e-15 6.77626358e-20 5.20417043e-18 2.71050543e-20
 1.08420217e-19 2.71050543e-20 1.08420217e-19 0.00000000e+00
 0.00000000e+00],[2.29383785e-13 8.09647907e-13 9.39587307e-13 1.70517917e-12
 4.08572293e-13 2.19994679e-12 4.10348912e-13 0.00000000e+00
 0.00000000e+00]
[1.05471187e-14 6.77626358e-19 7.80625564e-17 3.79470760e-19
 9.48676901e-19 3.79470760e-19 9.48676901e-19 0.00000000e+00
 0.00000000e+00],[3.56514616e-12 1.52441559e-11 1.74968529e-11 4.18297134e-11
 9.28096556e-12 5.44178985e-11 9.32390668e-12            nan
 0.00000000e+00],[2.10942375e-15 6.77626358e-20 5.20417043e-18 2.71050543e-20
 1.08420217e-19 2.71050543e-20 1.08420217e-19 0.00000000e+00
 0.00000000e+00],[2.49934077e-13 8.09419963e-13 9.39583647e-13 1.74407466e-12
 4.07824062e-13 2.26866616e-12 4.09709960e-13 0.00000000e+00
 0.00000000e+00]
[1.01030295e-14 6.77626358e-19 7.80625564e-17 3.79470760e-19
 9.48676901e-19 3.79470760e-19 9.48676901e-19 0.00000000e+00
 0.00000000e+00],[3.53632843e-12 1.52355212e-11 1.74967874e-11 4.27837988e-11
 9.26442260e-12 5.61177307e-11 9.30985565e-12            nan
 0.00000000e+00],[2.10942375e-15 6.77626358e-20 5.20417043e-18 2.71050543e-20
 1.08420217e-19 2.71050543e-20 1.08420217e-19 0.00000000e+00
 0.00000000e+00],[2.63822692e-13 8.09197155e-13 9.39580071e-13 1.78385727e-12
 4.07097103e-13 2.33953200e-12 4.09092396e-13 0.00000000e+00
 0.00000000e+00]
[9.10382880e-15 6.77626358e-19 7.80625564e-17 3.79470760e-19
 9.48676901e-19 3.79470760e-19 9.48676901e-19 0.00000000e+00
 0.00000000e+00],[3.66226268e-12 1.52268827e-11 1.74967235e-11 4.37596420e-11
 9.24834940e-12 5.78706572e-11 9.29627371e-12            nan
 0.00000000e+00],[2.22044605e-15 6.77626358e-20 5.20417043e-18 2.71050543e-20
 1.08420217e-19 2.71050543e-20 1.08420217e-19 0.00000000e+00
 0.00000000e+00],[2.77712288e-13 8.08979459e-13 9.39576579e-13 1.82454723e-12
 4.06390790e-13 2.41261136e-12 4.08495451e-13 0.00000000e+00
 0.00000000e+00]
[9.21485110e-15 6.77626358e-19 7.80625564e-17 3.79470760e-19
 9.48676901e-19 3.79470760e-19 9.48676901e-19 0.00000000e+00
 0.00000000e+00],[3.48604500e-12 1.52182292e-11 1.74966610e-11 4.47577390e-11
 9.23273224e-12 5.96783361e-11 9.28314405e-12            nan
 0.00000000e+00],[2.33146835e-15 6.77626358e-20 5.20417043e-18 2.71050543e-20
 1.08420217e-19 2.71050543e-20 1.08420217e-19 0.00000000e+00
 0.00000000e+00],[2.91603003e-13 8.08766833e-13 9.39573167e-13 1.86616524e-12
 4.05704522e-13 2.48797337e-12 4.07918384e-13 0.00000000e+00
 0.00000000e+00]
[6.99440506e-15 6.77626358e-19 7.80625564e-17 3.79470760e-19
 9.48676901e-19 3.79470760e-19 9.48676901e-19 0.00000000e+00
 0.00000000e+00],[3.29328190e-12 1.52095495e-11 1.74966000e-11 4.57785971e-11
 9.21755788e-12 6.15424775e-11 9.27045054e-12            nan
 0.00000000e+00],[2.33146835e-15 6.77626358e-20 5.20417043e-18 2.71050543e-20
 1.08420217e-19 2.71050543e-20 1.08420217e-19 0.00000000e+00
 0.00000000e+00],[2.91608836e-13 8.08559209e-13 9.39569833e-13 1.90873246e-12
 4.05037715e-13 2.56568931e-12 4.07360487e-13 0.00000000e+00
 0.00000000e+00]
[6.99440506e-15 6.77626358e-19 7.80625564e-17 3.79470760e-19
 9.48676901e-19 3.79470760e-19 9.48676901e-19 0.00000000e+00
 0.00000000e+00],[3.42420343e-12 1.52008330e-11 1.74965403e-11 4.68227352e-11
 9.20281353e-12 6.34648449e-11 9.25817770e-12            nan
 0.00000000e+00],[2.33146835e-15 6.77626358e-20 5.20417043e-18 2.71050543e-20
 1.08420217e-19 2.71050543e-20 1.08420217e-19 0.00000000e+00
 0.00000000e+00],[2.91615426e-13 8.08356485e-13 9.39566575e-13 1.95227053e-12
 4.04389808e-13 2.64583272e-12 4.06821079e-13 0.00000000e+00
 0.00000000e+00]
[6.21724894e-15 6.77626358e-19 7.80625564e-17 3.79470760e-19
 9.48676901e-19 3.79470760e-19 9.48676901e-19 0.00000000e+00
 0.00000000e+00],[3.54933382e-12 1.51920705e-11 1.74964820e-11 4.78906840e-11
 9.18848682e-12 6.54472565e-11 9.24631067e-12            nan
 0.00000000e+00],[2.33146835e-15 6.77626358e-20 5.20417043e-18 2.71050543e-20
 1.08420217e-19 2.71050543e-20 1.08420217e-19 0.00000000e+00
 0.00000000e+00],[2.91622779e-13 8.08158521e-13 9.39563391e-13 1.99680160e-12
 4.03760258e-13 2.72847940e-12 4.06299507e-13 0.00000000e+00
 0.00000000e+00]
[6.43929354e-15 6.77626358e-19 7.80625564e-17 3.79470760e-19
 9.48676901e-19 3.79470760e-19 9.48676901e-19 0.00000000e+00
 0.00000000e+00],[3.76644811e-12 1.51832546e-11 1.74964250e-11 4.89829863e-11
 9.17456585e-12 6.74915878e-11 9.23483515e-12            nan
 0.00000000e+00],[2.44249065e-15 6.77626358e-20 5.20417043e-18 2.71050543e-20
 1.08420217e-19 2.71050543e-20 1.08420217e-19 0.00000000e+00
 0.00000000e+00],[3.05518072e-13 8.07965137e-13 9.39560278e-13 2.04234831e-12
 4.03148541e-13 2.81370753e-12 4.05795143e-13 0.00000000e+00
 0.00000000e+00]
[6.66133815e-15 6.77626358e-19 7.80625564e-17 3.79470760e-19
 9.48676901e-19 3.79470760e-19 9.48676901e-19 0.00000000e+00
 0.00000000e+00],[3.74147101e-12 1.51743803e-11 1.74963693e-11 5.01001974e-11
 9.16103908e-12 6.95997725e-11 9.22373745e-12            nan
 0.00000000e+00],[2.44249065e-15 6.77626358e-20 5.20417043e-18 2.71050543e-20
 1.08420217e-19 2.71050543e-20 1.08420217e-19 0.00000000e+00
 0.00000000e+00],[3.05527325e-13 8.07776106e-13 9.39557235e-13 2.08893383e-12
 4.02554150e-13 2.90159773e-12 4.05307386e-13 0.00000000e+00
 0.00000000e+00]
[5.88418203e-15 6.77626358e-19 7.80625564e-17 3.79470760e-19
 9.48676901e-19 3.79470760e-19 9.48676901e-19 0.00000000e+00
 0.00000000e+00],[3.58916598e-12 1.51654457e-11 1.74963149e-11 5.12428849e-11
 9.14789536e-12 7.17738047e-11 9.21300439e-12            nan
 0.00000000e+00],[2.22044605e-15 6.77626358e-20 5.20417043e-18 2.71050543e-20
 1.08420217e-19 2.71050543e-20 1.08420217e-19 0.00000000e+00
 0.00000000e+00],[2.77761162e-13 8.07591128e-13 9.39554259e-13 2.13658183e-12
 4.01976596e-13 2.99223316e-12 4.04835654e-13 0.00000000e+00
 0.00000000e+00]
[5.44009282e-15 6.77626358e-19 7.80625564e-17 3.79470760e-19
 9.48676901e-19 3.79470760e-19 9.48676901e-19 0.00000000e+00
 0.00000000e+00],[3.67176116e-12 1.51564517e-11 1.74962616e-11 5.24116298e-11
 9.13512394e-12 7.40157410e-11 9.20262328e-12            nan
 0.00000000e+00],[2.33146835e-15 6.77626358e-20 5.20417043e-18 2.71050543e-20
 1.08420217e-19 2.71050543e-20 1.08420217e-19 0.00000000e+00
 0.00000000e+00],[2.91659317e-13 8.07409887e-13 9.39551349e-13 2.18531656e-12
 4.01415406e-13 3.08569953e-12 4.04379392e-13 0.00000000e+00
 0.00000000e+00]
[5.32907052e-15 6.77626358e-19 7.80625564e-17 3.79470760e-19
 9.48676901e-19 3.79470760e-19 9.48676901e-19 0.00000000e+00
 0.00000000e+00],[3.68216021e-12 1.51474020e-11 1.74962095e-11 5.36070259e-11
 9.12271439e-12 7.63277019e-11 9.19258197e-12            nan
 0.00000000e+00],[2.44249065e-15 6.77626358e-20 5.20417043e-18 2.71050543e-20
 1.08420217e-19 2.71050543e-20 1.08420217e-19 0.00000000e+00
 0.00000000e+00],[3.05558966e-13 8.07232032e-13 9.39548502e-13 2.23516279e-12
 4.00870121e-13 3.18208527e-12 4.03938065e-13 0.00000000e+00
 0.00000000e+00]
[5.77315973e-15 6.77626358e-19 7.80625564e-17 3.79470760e-19
 9.48676901e-19 3.79470760e-19 9.48676901e-19 0.00000000e+00
 0.00000000e+00],[3.84726151e-12 1.51383037e-11 1.74961585e-11 5.48296809e-11
 9.11065665e-12 7.87118744e-11 9.18286873e-12            nan
 0.00000000e+00],[2.44249065e-15 6.77626358e-20 5.20417043e-18 2.71050543e-20
 1.08420217e-19 2.71050543e-20 1.08420217e-19 0.00000000e+00
 0.00000000e+00],[3.05570498e-13 8.07057180e-13 9.39545717e-13 2.28614587e-12
 4.00340299e-13 3.28148154e-12 4.03511157e-13 0.00000000e+00
 0.00000000e+00]
[5.77315973e-15 6.77626358e-19 7.80625564e-17 3.79470760e-19
 9.48676901e-19 3.79470760e-19 9.48676901e-19 0.00000000e+00
 0.00000000e+00],[3.84394508e-12 1.51291666e-11 1.74961086e-11 5.60802162e-11
 9.09894097e-12 8.11705135e-11 9.17347230e-12            nan
 0.00000000e+00],[2.22044605e-15 6.77626358e-20 5.20417043e-18 2.71050543e-20
 1.08420217e-19 2.71050543e-20 1.08420217e-19 0.00000000e+00
 0.00000000e+00],[2.77802114e-13 8.06884919e-13 9.39542992e-13 2.33829172e-12
 3.99825512e-13 3.38398238e-12 4.03098173e-13 0.00000000e+00
 0.00000000e+00]
[5.66213743e-15 6.77626358e-19 7.80625564e-17 3.79470760e-19
 9.48676901e-19 3.79470760e-19 9.48676901e-19 0.00000000e+00
 0.00000000e+00],[3.75122036e-12 1.51200037e-11 1.74960598e-11 5.73592672e-11
 9.08755793e-12 8.37059449e-11 9.16438183e-12            nan
 0.00000000e+00],[2.55351296e-15 6.77626358e-20 5.20417043e-18 2.71050543e-20
 1.08420217e-19 2.71050543e-20 1.08420217e-19 0.00000000e+00
 0.00000000e+00],[3.19484959e-13 8.06714819e-13 9.39540325e-13 2.39162687e-12
 3.99325347e-13 3.48968473e-12 4.02698637e-13 0.00000000e+00
 0.00000000e+00]
[4.44089210e-15 6.77626358e-19 7.80625564e-17 3.79470760e-19
 9.48676901e-19 3.79470760e-19 9.48676901e-19 0.00000000e+00
 0.00000000e+00],[3.76441185e-12 1.51108304e-11 1.74960120e-11 5.86674841e-11
 9.07649840e-12 8.63205666e-11 9.15558691e-12            nan
 0.00000000e+00],[2.44249065e-15 6.77626358e-20 5.20417043e-18 2.71050543e-20
 1.08420217e-19 2.71050543e-20 1.08420217e-19 0.00000000e+00
 0.00000000e+00],[3.05606299e-13 8.06546443e-13 9.39537715e-13 2.44617842e-12
 3.98839401e-13 3.59868857e-12 4.02312091e-13 0.00000000e+00
 0.00000000e+00]
[6.43929354e-15 6.77626358e-19 7.80625564e-17 3.79470760e-19
 9.48676901e-19 3.79470760e-19 9.48676901e-19 0.00000000e+00
 0.00000000e+00],[3.84849998e-12 1.51016645e-11 1.74959653e-11 6.00055318e-11
 9.06575355e-12 8.90168518e-11 9.14707748e-12            nan
 0.00000000e+00],[2.22044605e-15 6.77626358e-20 5.20417043e-18 2.71050543e-20
 1.08420217e-19 2.71050543e-20 1.08420217e-19 0.00000000e+00
 0.00000000e+00],[2.77834677e-13 8.06379357e-13 9.39535160e-13 2.50197411e-12
 3.98367286e-13 3.71109701e-12 4.01938093e-13 0.00000000e+00
 0.00000000e+00]
[4.88498131e-15 6.77626358e-19 7.80625564e-17 3.79470760e-19
 9.48676901e-19 3.79470760e-19 9.48676901e-19 0.00000000e+00
 0.00000000e+00],[3.84722174e-12 1.50925253e-11 1.74959195e-11 6.13740903e-11
 9.05531483e-12 9.17973506e-11 9.13884389e-12            nan
 0.00000000e+00],[2.22044605e-15 6.77626358e-20 5.20417043e-18 2.71050543e-20
 1.08420217e-19 2.71050543e-20 1.08420217e-19 0.00000000e+00
 0.00000000e+00],[2.77845175e-13 8.06213143e-13 9.39532657e-13 2.55904233e-12
 3.97908628e-13 3.82701638e-12 4.01576218e-13 0.00000000e+00
 0.00000000e+00]
[3.33066907e-15 6.77626358e-19 7.80625564e-17 3.79470760e-19
 9.48676901e-19 3.79470760e-19 9.48676901e-19 0.00000000e+00
 0.00000000e+00],[3.81679171e-12 1.50834334e-11 1.74958746e-11 6.27738552e-11
 9.04517395e-12 9.46646929e-11 9.13087681e-12            nan
 0.00000000e+00],[2.10942375e-15 6.77626358e-20 5.20417043e-18 2.71050543e-20
 1.08420217e-19 2.71050543e-20 1.08420217e-19 0.00000000e+00
 0.00000000e+00],[2.63962505e-13 8.06047405e-13 9.39530207e-13 2.61741208e-12
 3.97463061e-13 3.94655632e-12 4.01226057e-13 0.00000000e+00
 0.00000000e+00]
[4.32986980e-15 6.77626358e-19 7.80625564e-17 3.79470760e-19
 9.48676901e-19 3.79470760e-19 9.48676901e-19 0.00000000e+00
 0.00000000e+00],[4.13384620e-12 1.50744099e-11 1.74958307e-11 6.42055380e-11
 9.03532290e-12 9.76215908e-11 9.12316729e-12            nan
 0.00000000e+00],[2.10942375e-15 6.77626358e-20 5.20417043e-18 2.71050543e-20
 1.08420217e-19 2.71050543e-20 1.08420217e-19 0.00000000e+00
 0.00000000e+00],[2.87940573e-13 8.05881787e-13 9.39527807e-13 2.67711304e-12
 3.97030233e-13 4.06982988e-12 4.00887216e-13 0.00000000e+00
 0.00000000e+00]
[5.21804822e-15 6.77626358e-19 7.80625564e-17 3.79470760e-19
 9.48676901e-19 3.79470760e-19 9.48676901e-19 0.00000000e+00
 0.00000000e+00],[4.18438843e-12 1.50654759e-11 1.74957877e-11 6.56698662e-11
 9.02575390e-12 1.00670841e-10 9.11570668e-12            nan
 0.00000000e+00],[2.22044605e-15 6.77626358e-20 5.20417043e-18 2.71050543e-20
 1.08420217e-19 2.71050543e-20 1.08420217e-19 0.00000000e+00
 0.00000000e+00],[2.77873749e-13 8.05715973e-13 9.39525455e-13 2.73817557e-12
 3.96609803e-13 4.19695368e-12 4.00559315e-13 0.00000000e+00
 0.00000000e+00]
[4.77395901e-15 6.77626358e-19 7.80625564e-17 3.79470760e-19
 9.48676901e-19 3.79470760e-19 9.48676901e-19 0.00000000e+00
 0.00000000e+00],[4.40385875e-12 1.50566518e-11 1.74957455e-11 6.71675842e-11
 9.01645941e-12 1.03815327e-10 9.10848666e-12            nan
 0.00000000e+00],[2.55351296e-15 6.77626358e-20 5.20417043e-18 2.71050543e-20
 1.08420217e-19 2.71050543e-20 1.08420217e-19 0.00000000e+00
 0.00000000e+00],[3.19564215e-13 8.05549700e-13 9.39523151e-13 2.80063072e-12
 3.96201439e-13 4.32804794e-12 4.00241988e-13 0.00000000e+00
 0.00000000e+00]
[4.55191440e-15 6.77626358e-19 7.80625564e-17 3.79470760e-19
 9.48676901e-19 3.79470760e-19 9.48676901e-19 0.00000000e+00
 0.00000000e+00],[4.21458764e-12 1.50479564e-11 1.74957042e-11 6.86994531e-11
 9.00743214e-12 1.07058023e-10 9.10149920e-12            nan
 0.00000000e+00],[2.55351296e-15 6.77626358e-20 5.20417043e-18 2.71050543e-20
 1.08420217e-19 2.71050543e-20 1.08420217e-19 0.00000000e+00
 0.00000000e+00],[3.19572676e-13 8.05382762e-13 9.39520893e-13 2.86451024e-12
 3.95804820e-13 4.46323665e-12 3.99934884e-13 0.00000000e+00
 0.00000000e+00]
[4.44089210e-15 6.77626358e-19 7.80625564e-17 3.79470760e-19
 9.48676901e-19 3.79470760e-19 9.48676901e-19 0.00000000e+00
 0.00000000e+00],[4.34025343e-12 1.50394071e-11 1.74956637e-11 7.02662517e-11
 8.99866501e-12 1.10401996e-10 9.09473659e-12            nan
 0.00000000e+00],[2.66453526e-15 6.77626358e-20 5.20417043e-18 2.71050543e-20
 1.08420217e-19 2.71050543e-20 1.08420217e-19 0.00000000e+00
 0.00000000e+00],[3.33474916e-13 8.05215014e-13 9.39518680e-13 2.92984660e-12
 3.95419635e-13 4.60264767e-12 3.99637661e-13 0.00000000e+00
 0.00000000e+00]
[4.88498131e-15 6.77626358e-19 7.80625564e-17 3.79470760e-19
 9.48676901e-19 3.79470760e-19 9.48676901e-19 0.00000000e+00
 0.00000000e+00],[4.39685882e-12 1.50310188e-11 1.74956240e-11 7.18687762e-11
 8.99015115e-12 1.13850409e-10 9.08819135e-12            nan
 0.00000000e+00],[2.55351296e-15 6.77626358e-20 5.20417043e-18 2.71050543e-20
 1.08420217e-19 2.71050543e-20 1.08420217e-19 0.00000000e+00
 0.00000000e+00],[3.19586529e-13 8.05046367e-13 9.39516510e-13 2.99667304e-12
 3.95045584e-13 4.74641286e-12 3.99349992e-13 0.00000000e+00
 0.00000000e+00]
[5.10702591e-15 6.77626358e-19 7.80625564e-17 3.79470760e-19
 9.48676901e-19 3.79470760e-19 9.48676901e-19 0.00000000e+00
 0.00000000e+00],[4.34072419e-12 1.50228040e-11 1.74955851e-11 7.35078413e-11
 8.98188391e-12 1.17406522e-10 9.08185631e-12            nan
 0.00000000e+00],[2.55351296e-15 6.77626358e-20 5.20417043e-18 2.71050543e-20
 1.08420217e-19 2.71050543e-20 1.08420217e-19 0.00000000e+00
 0.00000000e+00],[3.19591861e-13 8.04876793e-13 9.39514382e-13 3.06502352e-12
 3.94682372e-13 4.89466817e-12 3.99071561e-13 0.00000000e+00
 0.00000000e+00]
[5.44009282e-15 6.77626358e-19 7.80625564e-17 3.79470760e-19
 9.48676901e-19 3.79470760e-19 9.48676901e-19 0.00000000e+00
 0.00000000e+00],[4.51821222e-12 1.50147721e-11 1.74955469e-11 7.51842798e-11
 8.97385684e-12 1.21073699e-10 9.07572453e-12            nan
 0.00000000e+00],[2.55351296e-15 6.77626358e-20 5.20417043e-18 2.71050543e-20
 1.08420217e-19 2.71050543e-20 1.08420217e-19 0.00000000e+00
 0.00000000e+00],[3.19596132e-13 8.04706317e-13 9.39512295e-13 3.13493279e-12
 3.94329716e-13 5.04755383e-12 3.98802065e-13 0.00000000e+00
 0.00000000e+00]
[5.10702591e-15 6.77626358e-19 7.80625564e-17 3.79470760e-19
 9.48676901e-19 3.79470760e-19 9.48676901e-19 0.00000000e+00
 0.00000000e+00],[4.71870175e-12 1.50069302e-11 1.74955094e-11 7.68989440e-11
 8.96606367e-12 1.24855408e-10 9.06978931e-12            nan
 0.00000000e+00],[2.44249065e-15 6.77626358e-20 5.20417043e-18 2.71050543e-20
 1.08420217e-19 2.71050543e-20 1.08420217e-19 0.00000000e+00
 0.00000000e+00],[3.05703738e-13 8.04534986e-13 9.39510248e-13 3.20643640e-12
 3.93987342e-13 5.20521442e-12 3.98541207e-13 0.00000000e+00
 0.00000000e+00]
[6.32827124e-15 6.77626358e-19 7.80625564e-17 3.79470760e-19
 9.48676901e-19 3.79470760e-19 9.48676901e-19 0.00000000e+00
 0.00000000e+00],[4.70340351e-12 1.49992824e-11 1.74954727e-11 7.86527054e-11
 8.95849832e-12 1.28755225e-10 9.06404422e-12            nan
 0.00000000e+00],[2.55351296e-15 6.77626358e-20 5.20417043e-18 2.71050543e-20
 1.08420217e-19 2.71050543e-20 1.08420217e-19 0.00000000e+00
 0.00000000e+00],[3.19601602e-13 8.04362919e-13 9.39508239e-13 3.27957069e-12
 3.93654981e-13 5.36779904e-12 3.98288706e-13 0.00000000e+00
 0.00000000e+00]
[5.66213743e-15 6.77626358e-19 7.80625564e-17 3.79470760e-19
 9.48676901e-19 3.79470760e-19 9.48676901e-19 0.00000000e+00
 0.00000000e+00],[4.73393898e-12 1.49918294e-11 1.74954366e-11 8.04464553e-11
 8.95115490e-12 1.32776838e-10 9.05848302e-12            nan
 0.00000000e+00],[2.55351296e-15 6.77626358e-20 5.20417043e-18 2.71050543e-20
 1.08420217e-19 2.71050543e-20 1.08420217e-19 0.00000000e+00
 0.00000000e+00],[3.19602918e-13 8.04190269e-13 9.39506268e-13 3.35437286e-12
 3.93332375e-13 5.53546144e-12 3.98044287e-13 0.00000000e+00
 0.00000000e+00]
[3.77475828e-15 6.77626358e-19 7.80625564e-17 3.79470760e-19
 9.48676901e-19 3.79470760e-19 9.48676901e-19 0.00000000e+00
 0.00000000e+00],[4.74824287e-12 1.49845693e-11 1.74954012e-11 8.22811053e-11
 8.94402769e-12 1.36924050e-10 9.05309971e-12            nan
 0.00000000e+00],[2.66453526e-15 6.77626358e-20 5.20417043e-18 2.71050543e-20
 1.08420217e-19 2.71050543e-20 1.08420217e-19 0.00000000e+00
 0.00000000e+00],[3.33499193e-13 8.04017215e-13 9.39504333e-13 3.43088093e-12
 3.93019271e-13 5.70836018e-12 3.97807686e-13 0.00000000e+00
 0.00000000e+00]
[5.32907052e-15 6.77626358e-19 7.80625564e-17 3.79470760e-19
 9.48676901e-19 3.79470760e-19 9.48676901e-19 0.00000000e+00
 0.00000000e+00],[4.74941794e-12 1.49774978e-11 1.74953664e-11 8.41575880e-11
 8.93711111e-12 1.41200783e-10 9.04788848e-12            nan
 0.00000000e+00],[2.66453526e-15 6.77626358e-20 5.20417043e-18 2.71050543e-20
 1.08420217e-19 2.71050543e-20 1.08420217e-19 0.00000000e+00
 0.00000000e+00],[3.33498905e-13 8.03843943e-13 9.39502434e-13 3.50913380e-12
 3.92715426e-13 5.88665877e-12 3.97578650e-13 0.00000000e+00
 0.00000000e+00]
[5.99520433e-15 6.77626358e-19 7.80625564e-17 3.79470760e-19
 9.48676901e-19 3.79470760e-19 9.48676901e-19 0.00000000e+00
 0.00000000e+00],[4.61503333e-12 1.49706086e-11 1.74953323e-11 8.60768570e-11
 8.93039978e-12 1.45611081e-10 9.04284375e-12            nan
 0.00000000e+00],[2.55351296e-15 6.77626358e-20 5.20417043e-18 2.71050543e-20
 1.08420217e-19 2.71050543e-20 1.08420217e-19 0.00000000e+00
 0.00000000e+00],[3.19602186e-13 8.03670646e-13 9.39500568e-13 3.58917124e-12
 3.92420602e-13 6.07052580e-12 3.97356930e-13 0.00000000e+00
 0.00000000e+00]
[5.77315973e-15 6.77626358e-19 7.80625564e-17 3.79470760e-19
 9.48676901e-19 3.79470760e-19 9.48676901e-19 0.00000000e+00
 0.00000000e+00],[4.47872369e-12 1.49638937e-11 1.74952988e-11 8.80398878e-11
 8.92388846e-12 1.50159115e-10 9.03796011e-12            nan
 0.00000000e+00],[2.33146835e-15 6.77626358e-20 5.20417043e-18 2.71050543e-20
 1.08420217e-19 2.71050543e-20 1.08420217e-19 0.00000000e+00
 0.00000000e+00],[2.91809331e-13 8.03497508e-13 9.39498737e-13 3.67103395e-12
 3.92134569e-13 6.26013515e-12 3.97142291e-13 0.00000000e+00
 0.00000000e+00]
[5.44009282e-15 6.77626358e-19 7.80625564e-17 3.79470760e-19
 9.48676901e-19 3.79470760e-19 9.48676901e-19 0.00000000e+00
 0.00000000e+00],[4.43954416e-12 1.49573443e-11 1.74952658e-11 9.00476780e-11
 8.91757205e-12 1.54849184e-10 9.03323234e-12            nan
 0.00000000e+00],[2.33146835e-15 6.77626358e-20 5.20417043e-18 2.71050543e-20
 1.08420217e-19 2.71050543e-20 1.08420217e-19 0.00000000e+00
 0.00000000e+00],[2.91807543e-13 8.03324694e-13 9.39496937e-13 3.75476354e-12
 3.91857103e-13 6.45566611e-12 3.96934502e-13 0.00000000e+00
 0.00000000e+00]
[5.77315973e-15 6.77626358e-19 7.80625564e-17 3.79470760e-19
 9.48676901e-19 3.79470760e-19 9.48676901e-19 0.00000000e+00
 0.00000000e+00],[4.42374436e-12 1.49509511e-11 1.74952335e-11 9.21012480e-11
 8.91144561e-12 1.59685725e-10 9.02865540e-12            nan
 0.00000000e+00],[2.22044605e-15 6.77626358e-20 5.20417043e-18 2.71050543e-20
 1.08420217e-19 2.71050543e-20 1.08420217e-19 0.00000000e+00
 0.00000000e+00],[2.87980765e-13 8.03152338e-13 9.39495169e-13 3.84040257e-12
 3.91587987e-13 6.65730356e-12 3.96733343e-13 0.00000000e+00
 0.00000000e+00]
[7.10542736e-15 6.77626358e-19 7.80625564e-17 3.79470760e-19
 9.48676901e-19 3.79470760e-19 9.48676901e-19 0.00000000e+00
 0.00000000e+00],[4.45236920e-12 1.49447052e-11 1.74952017e-11 9.42016414e-11
 8.90550434e-12 1.64673308e-10 9.02422443e-12            nan
 0.00000000e+00],[2.33146835e-15 6.77626358e-20 5.20417043e-18 2.71050543e-20
 1.08420217e-19 2.71050543e-20 1.08420217e-19 0.00000000e+00
 0.00000000e+00],[2.91802956e-13 8.02980517e-13 9.39493432e-13 3.92799459e-12
 3.91327009e-13 6.86523818e-12 3.96538599e-13 0.00000000e+00
 0.00000000e+00]
[8.88178420e-15 6.77626358e-19 7.80625564e-17 3.79470760e-19
 9.48676901e-19 3.79470760e-19 9.48676901e-19 0.00000000e+00
 0.00000000e+00],[4.34210649e-12 1.49386004e-11 1.74951704e-11 9.63499257e-11
 8.89974357e-12 1.69816652e-10 9.01993473e-12            nan
 0.00000000e+00],[2.33146835e-15 6.77626358e-20 5.20417043e-18 2.71050543e-20
 1.08420217e-19 2.71050543e-20 1.08420217e-19 0.00000000e+00
 0.00000000e+00],[2.91800230e-13 8.02809195e-13 9.39491724e-13 4.01758412e-12
 3.91073964e-13 7.07966657e-12 3.96350064e-13 0.00000000e+00
 0.00000000e+00]
[8.54871729e-15 6.77626358e-19 7.80625564e-17 3.79470760e-19
 9.48676901e-19 3.79470760e-19 9.48676901e-19 0.00000000e+00
 0.00000000e+00],[4.33009269e-12 1.49326361e-11 1.74951397e-11 9.85471926e-11
 8.89415876e-12 1.75120618e-10 9.01578176e-12            nan
 0.00000000e+00],[2.44249065e-15 6.77626358e-20 5.20417043e-18 2.71050543e-20
 1.08420217e-19 2.71050543e-20 1.08420217e-19 0.00000000e+00
 0.00000000e+00],[3.05692262e-13 8.02638109e-13 9.39490045e-13 4.10921669e-12
 3.90828654e-13 7.30079147e-12 3.96167538e-13 0.00000000e+00
 0.00000000e+00]
[7.66053887e-15 6.77626358e-19 7.80625564e-17 3.79470760e-19
 9.48676901e-19 3.79470760e-19 9.48676901e-19 0.00000000e+00
 0.00000000e+00],[4.48783654e-12 1.49268258e-11 1.74951095e-11 1.00794559e-10
 8.88874550e-12 1.80590221e-10 9.01176112e-12            nan
 0.00000000e+00],[2.33146835e-15 6.77626358e-20 5.20417043e-18 2.71050543e-20
 1.08420217e-19 2.71050543e-20 1.08420217e-19 0.00000000e+00
 0.00000000e+00],[2.91793511e-13 8.02466484e-13 9.39488394e-13 4.20293890e-12
 3.90590883e-13 7.52882195e-12 3.95990829e-13 0.00000000e+00
 0.00000000e+00]
[7.99360578e-15 6.77626358e-19 7.80625564e-17 3.79470760e-19
 9.48676901e-19 3.79470760e-19 9.48676901e-19 0.00000000e+00
 0.00000000e+00],[4.53088786e-12 1.49212057e-11 1.74950798e-11 1.03093167e-10
 8.88349951e-12 1.86230633e-10 9.00786859e-12            nan
 0.00000000e+00],[2.44249065e-15 6.77626358e-20 5.20417043e-18 2.71050543e-20
 1.08420217e-19 2.71050543e-20 1.08420217e-19 0.00000000e+00
 0.00000000e+00],[3.05683504e-13 8.02292838e-13 9.39486770e-13 4.29879838e-12
 3.90360464e-13 7.76397361e-12 3.95819750e-13 0.00000000e+00
 0.00000000e+00]
[8.54871729e-15 6.77626358e-19 7.80625564e-17 3.79470760e-19
 9.48676901e-19 3.79470760e-19 9.48676901e-19 0.00000000e+00
 0.00000000e+00],[4.65277823e-12 1.49157763e-11 1.74950505e-11 1.05444184e-10
 8.87841662e-12 1.92047185e-10 9.00410006e-12            nan
 0.00000000e+00],[2.66453526e-15 6.77626358e-20 5.20417043e-18 2.71050543e-20
 1.08420217e-19 2.71050543e-20 1.08420217e-19 0.00000000e+00
 0.00000000e+00],[3.33466573e-13 8.02118284e-13 9.39485173e-13 4.39684385e-12
 3.90137213e-13 8.00646878e-12 3.95654121e-13 0.00000000e+00
 0.00000000e+00]
[9.99200722e-15 6.77626358e-19 7.80625564e-17 3.79470760e-19
 9.48676901e-19 3.79470760e-19 9.48676901e-19 0.00000000e+00
 0.00000000e+00],[4.53144254e-12 1.49104110e-11 1.74950217e-11 1.07848805e-10
 8.87349277e-12 1.98045378e-10 9.00045158e-12            nan
 0.00000000e+00],[2.55351296e-15 6.77626358e-20 5.20417043e-18 2.71050543e-20
 1.08420217e-19 2.71050543e-20 1.08420217e-19 0.00000000e+00
 0.00000000e+00],[3.19567353e-13 8.01949518e-13 9.39483601e-13 4.49712515e-12
 3.89920953e-13 8.25653670e-12 3.95493769e-13 0.00000000e+00
 0.00000000e+00]
[1.05471187e-14 6.77626358e-19 7.80625564e-17 3.79470760e-19
 9.48676901e-19 3.79470760e-19 9.48676901e-19 0.00000000e+00
 0.00000000e+00],[4.57393156e-12 1.49050210e-11 1.74949934e-11 1.10308252e-10
 8.86872403e-12 2.04230881e-10 8.99691932e-12            nan
 0.00000000e+00],[2.66453526e-15 6.77626358e-20 5.20417043e-18 2.71050543e-20
 1.08420217e-19 2.71050543e-20 1.08420217e-19 0.00000000e+00
 0.00000000e+00],[3.33458694e-13 8.01787418e-13 9.39482054e-13 4.59969326e-12
 3.89711510e-13 8.51441380e-12 3.95338524e-13 0.00000000e+00
 0.00000000e+00]
[9.32587341e-15 6.77626358e-19 7.80625564e-17 3.79470760e-19
 9.48676901e-19 3.79470760e-19 9.48676901e-19 0.00000000e+00
 0.00000000e+00],[4.50537232e-12 1.48995841e-11 1.74949656e-11 1.12823773e-10
 8.86410654e-12 2.10609542e-10 8.99349958e-12            nan
 0.00000000e+00],[2.55351296e-15 6.77626358e-20 5.20417043e-18 2.71050543e-20
 1.08420217e-19 2.71050543e-20 1.08420217e-19 0.00000000e+00
 0.00000000e+00],[3.19563340e-13 8.01629615e-13 9.39480531e-13 4.70460031e-12
 3.89508715e-13 8.78034386e-12 3.95188225e-13 0.00000000e+00
 0.00000000e+00]
[9.54791801e-15 6.77626358e-19 7.80625564e-17 3.79470760e-19
 9.48676901e-19 3.79470760e-19 9.48676901e-19 0.00000000e+00
 0.00000000e+00],[4.55808789e-12 1.48940991e-11 1.74949381e-11 1.15396647e-10
 8.85963659e-12 2.17187390e-10 8.99018879e-12            nan
 0.00000000e+00],[2.44249065e-15 6.77626358e-20 5.20417043e-18 2.71050543e-20
 1.08420217e-19 2.71050543e-20 1.08420217e-19 0.00000000e+00
 0.00000000e+00],[3.14184792e-13 8.01474582e-13 9.39479032e-13 4.81189962e-12
 3.89312405e-13 9.05457826e-12 3.95042714e-13 0.00000000e+00
 0.00000000e+00]
[9.21485110e-15 6.77626358e-19 7.80625564e-17 3.79470760e-19
 9.48676901e-19 3.79470760e-19 9.48676901e-19 0.00000000e+00
 0.00000000e+00],[4.70997995e-12 1.48885670e-11 1.74949111e-11 1.18028181e-10
 8.85531055e-12 2.23970643e-10 8.98698349e-12            nan
 0.00000000e+00],[2.55351296e-15 6.77626358e-20 5.20417043e-18 2.71050543e-20
 1.08420217e-19 2.71050543e-20 1.08420217e-19 0.00000000e+00
 0.00000000e+00],[3.11856894e-13 8.01321730e-13 9.39477555e-13 4.92164574e-12
 3.89122420e-13 9.33737626e-12 3.94901840e-13 0.00000000e+00
 0.00000000e+00]
[9.54791801e-15 6.77626358e-19 7.80625564e-17 3.79470760e-19
 9.48676901e-19 3.79470760e-19 9.48676901e-19 0.00000000e+00
 0.00000000e+00],[4.74774523e-12 1.48829864e-11 1.74948845e-11 1.20719712e-10
 8.85112489e-12 2.30965713e-10 8.98388033e-12            nan
 0.00000000e+00],[2.66453526e-15 6.77626358e-20 5.20417043e-18 2.71050543e-20
 1.08420217e-19 2.71050543e-20 1.08420217e-19 0.00000000e+00
 0.00000000e+00],[3.25422571e-13 8.01170921e-13 9.39476101e-13 5.03389442e-12
 3.88938605e-13 9.62900516e-12 3.94765455e-13 0.00000000e+00
 0.00000000e+00]
[9.99200722e-15 6.77626358e-19 7.80625564e-17 3.79470760e-19
 9.48676901e-19 3.79470760e-19 9.48676901e-19 0.00000000e+00
 0.00000000e+00],[4.71989270e-12 1.48773528e-11 1.74948583e-11 1.23472607e-10
 8.84707617e-12 2.38179213e-10 8.98087609e-12            nan
 0.00000000e+00],[2.88657986e-15 6.77626358e-20 5.20417043e-18 2.71050543e-20
 1.08420217e-19 2.71050543e-20 1.08420217e-19 0.00000000e+00
 0.00000000e+00],[3.52549339e-13 8.01022189e-13 9.39474668e-13 5.14870274e-12
 3.88760809e-13 9.92974064e-12 3.94633417e-13 0.00000000e+00
 0.00000000e+00]
[9.43689571e-15 6.77626358e-19 7.80625564e-17 3.79470760e-19
 9.48676901e-19 3.79470760e-19 9.48676901e-19 0.00000000e+00
 0.00000000e+00],[4.75994328e-12 1.48716595e-11 1.74948324e-11 1.26288265e-10
 8.84316104e-12 2.45617959e-10 8.97796764e-12            nan
 0.00000000e+00],[2.55351296e-15 6.77626358e-20 5.20417043e-18 2.71050543e-20
 1.08420217e-19 2.71050543e-20 1.08420217e-19 0.00000000e+00
 0.00000000e+00],[3.14198713e-13 8.00875614e-13 9.39473256e-13 5.26612904e-12
 3.88588886e-13 1.02398669e-11 3.94505589e-13 0.00000000e+00
 0.00000000e+00]
[8.77076189e-15 6.77626358e-19 7.80625564e-17 3.79470760e-19
 9.48676901e-19 3.79470760e-19 9.48676901e-19 0.00000000e+00
 0.00000000e+00],[4.78738153e-12 1.48658984e-11 1.74948070e-11 1.29168115e-10
 8.83937626e-12 2.53288983e-10 8.97515195e-12            nan
 0.00000000e+00],[2.44249065e-15 6.77626358e-20 5.20417043e-18 2.71050543e-20
 1.08420217e-19 2.71050543e-20 1.08420217e-19 0.00000000e+00
 0.00000000e+00],[3.01110628e-13 8.00731281e-13 9.39471864e-13 5.38623299e-12
 3.88422692e-13 1.05596772e-11 3.94381839e-13 0.00000000e+00
 0.00000000e+00]
[9.65894031e-15 6.77626358e-19 7.80625564e-17 3.79470760e-19
 9.48676901e-19 3.79470760e-19 9.48676901e-19 0.00000000e+00
 0.00000000e+00],[5.11090140e-12 1.48600607e-11 1.74947819e-11 1.32113620e-10
 8.83571865e-12 2.61199534e-10 8.97242611e-12            nan
 0.00000000e+00],[2.33146835e-15 6.77626358e-20 5.20417043e-18 2.71050543e-20
 1.08420217e-19 2.71050543e-20 1.08420217e-19 0.00000000e+00
 0.00000000e+00],[3.14206211e-13 8.00589253e-13 9.39470492e-13 5.50907564e-12
 3.88262088e-13 1.08894737e-11 3.94262037e-13 0.00000000e+00
 0.00000000e+00]
[8.65973959e-15 6.77626358e-19 7.80625564e-17 3.79470760e-19
 9.48676901e-19 3.79470760e-19 9.48676901e-19 0.00000000e+00
 0.00000000e+00],[5.20720747e-12 1.48541376e-11 1.74947571e-11 1.35126277e-10
 8.83218514e-12 2.69357090e-10 8.96978728e-12            nan
 0.00000000e+00],[2.33146835e-15 6.77626358e-20 5.20417043e-18 2.71050543e-20
 1.08420217e-19 2.71050543e-20 1.08420217e-19 0.00000000e+00
 0.00000000e+00],[3.14210174e-13 8.00449565e-13 9.39469139e-13 5.63471942e-12
 3.88106939e-13 1.12295681e-11 3.94146059e-13 0.00000000e+00
 0.00000000e+00]
[8.54871729e-15 6.77626358e-19 7.80625564e-17 3.79470760e-19
 9.48676901e-19 3.79470760e-19 9.48676901e-19 0.00000000e+00
 0.00000000e+00],[5.24542383e-12 1.48481209e-11 1.74947327e-11 1.38207616e-10
 8.82877272e-12 2.77769358e-10 8.96723272e-12            nan
 0.00000000e+00],[2.33146835e-15 6.77626358e-20 5.20417043e-18 2.71050543e-20
 1.08420217e-19 2.71050543e-20 1.08420217e-19 0.00000000e+00
 0.00000000e+00],[3.27306551e-13 8.00312215e-13 9.39467805e-13 5.76322818e-12
 3.87957113e-13 1.15802818e-11 3.94033786e-13 0.00000000e+00
 0.00000000e+00]
[8.88178420e-15 6.77626358e-19 7.80625564e-17 3.79470760e-19
 9.48676901e-19 3.79470760e-19 9.48676901e-19 0.00000000e+00
 0.00000000e+00],[5.31389640e-12 1.48420036e-11 1.74947086e-11 1.41359201e-10
 8.82547847e-12 2.86444289e-10 8.96475980e-12            nan
 0.00000000e+00],[2.55351296e-15 6.77626358e-20 5.20417043e-18 2.71050543e-20
 1.08420217e-19 2.71050543e-20 1.08420217e-19 0.00000000e+00
 0.00000000e+00],[3.40403436e-13 8.00177155e-13 9.39466489e-13 5.89466722e-12
 3.87812481e-13 1.19419463e-11 3.93925100e-13 0.00000000e+00
 0.00000000e+00]
[9.10382880e-15 6.77626358e-19 7.80625564e-17 3.79470760e-19
 9.48676901e-19 3.79470760e-19 9.48676901e-19 0.00000000e+00
 0.00000000e+00],[5.36894984e-12 1.48357804e-11 1.74946849e-11 1.44582633e-10
 8.82229954e-12 2.95390079e-10 8.96236594e-12            nan
 0.00000000e+00],[2.66453526e-15 6.77626358e-20 5.20417043e-18 2.71050543e-20
 1.08420217e-19 2.71050543e-20 1.08420217e-19 0.00000000e+00
 0.00000000e+00],[3.53500839e-13 8.00044295e-13 9.39465191e-13 6.02910334e-12
 3.87672919e-13 1.23149034e-11 3.93819889e-13 0.00000000e+00
 0.00000000e+00]
[9.43689571e-15 6.77626358e-19 7.80625564e-17 3.79470760e-19
 9.48676901e-19 3.79470760e-19 9.48676901e-19 0.00000000e+00
 0.00000000e+00],[5.40905730e-12 1.48294478e-11 1.74946615e-11 1.47879549e-10
 8.81923316e-12 3.04615183e-10 8.96004867e-12            nan
 0.00000000e+00],[2.44249065e-15 6.77626358e-20 5.20417043e-18 2.71050543e-20
 1.08420217e-19 2.71050543e-20 1.08420217e-19 0.00000000e+00
 0.00000000e+00],[3.79691579e-13 7.99913495e-13 9.39463909e-13 6.16660486e-12
 3.87538304e-13 1.26995054e-11 3.93718044e-13 0.00000000e+00
 0.00000000e+00]
[9.99200722e-15 6.77626358e-19 7.80625564e-17 3.79470760e-19
 9.48676901e-19 3.79470760e-19 9.48676901e-19 0.00000000e+00
 0.00000000e+00],[5.39852761e-12 1.48230054e-11 1.74946383e-11 1.51251623e-10
 8.81627662e-12 3.14128317e-10 8.95780560e-12            nan
 0.00000000e+00],[2.44249065e-15 6.77626358e-20 5.20417043e-18 2.71050543e-20
 1.08420217e-19 2.71050543e-20 1.08420217e-19 0.00000000e+00
 0.00000000e+00],[3.66604198e-13 7.99784536e-13 9.39462644e-13 6.30724164e-12
 3.87408519e-13 1.30961159e-11 3.93619461e-13 0.00000000e+00
 0.00000000e+00]
[9.54791801e-15 6.77626358e-19 7.80625564e-17 3.79470760e-19
 9.48676901e-19 3.79470760e-19 9.48676901e-19 0.00000000e+00
 0.00000000e+00],[5.25973310e-12 1.48164556e-11 1.74946155e-11 1.54700567e-10
 8.81342731e-12 3.23938468e-10 8.95563440e-12            nan
 0.00000000e+00],[2.55351296e-15 6.77626358e-20 5.20417043e-18 2.71050543e-20
 1.08420217e-19 2.71050543e-20 1.08420217e-19 0.00000000e+00
 0.00000000e+00],[3.79702943e-13 7.99657176e-13 9.39461395e-13 6.45108515e-12
 3.87283446e-13 1.35051095e-11 3.93524036e-13 0.00000000e+00
 0.00000000e+00]
[9.21485110e-15 6.77626358e-19 7.80625564e-17 3.79470760e-19
 9.48676901e-19 3.79470760e-19 9.48676901e-19 0.00000000e+00
 0.00000000e+00],[5.43730047e-12 1.48098030e-11 1.74945929e-11 1.58228134e-10
 8.81068265e-12 3.34054907e-10 8.95353282e-12            nan
 0.00000000e+00],[2.66453526e-15 6.77626358e-20 5.20417043e-18 2.71050543e-20
 1.08420217e-19 2.71050543e-20 1.08420217e-19 0.00000000e+00
 0.00000000e+00],[4.32082384e-13 7.99531140e-13 9.39460162e-13 6.59820849e-12
 3.87162975e-13 1.39268726e-11 3.93431671e-13 0.00000000e+00
 0.00000000e+00]
[9.54791801e-15 6.77626358e-19 7.80625564e-17 3.79470760e-19
 9.48676901e-19 3.79470760e-19 9.48676901e-19 0.00000000e+00
 0.00000000e+00],[5.39979500e-12 1.48030554e-11 1.74945707e-11 1.61836113e-10
 8.80804016e-12 3.44487190e-10 8.95149869e-12            nan
 0.00000000e+00],[2.77555756e-15 6.77626358e-20 5.20417043e-18 2.71050543e-20
 1.08420217e-19 2.71050543e-20 1.08420217e-19 0.00000000e+00
 0.00000000e+00],[4.18995455e-13 7.99406110e-13 9.39458944e-13 6.74868640e-12
 3.87046996e-13 1.43618039e-11 3.93342270e-13 0.00000000e+00
 0.00000000e+00]
[1.05471187e-14 6.77626358e-19 7.80625564e-17 3.79470760e-19
 9.48676901e-19 3.79470760e-19 9.48676901e-19 0.00000000e+00
 0.00000000e+00],[5.57676043e-12 1.47962233e-11 1.74945487e-11 1.65526338e-10
 8.80549740e-12 3.55245172e-10 8.94952992e-12            nan
 0.00000000e+00],[2.88657986e-15 6.77626358e-20 5.20417043e-18 2.71050543e-20
 1.08420217e-19 2.71050543e-20 1.08420217e-19 0.00000000e+00
 0.00000000e+00],[4.19001947e-13 7.99281739e-13 9.39457741e-13 6.90259535e-12
 3.86935400e-13 1.48103141e-11 3.93255742e-13 0.00000000e+00
 0.00000000e+00]
[1.06581410e-14 6.77626358e-19 7.80625564e-17 3.79470760e-19
 9.48676901e-19 3.79470760e-19 9.48676901e-19 0.00000000e+00
 0.00000000e+00],[5.69543341e-12 1.47893202e-11 1.74945270e-11 1.69300682e-10
 8.80305200e-12 3.66339017e-10 8.94762445e-12            nan
 0.00000000e+00],[2.88657986e-15 6.77626358e-20 5.20417043e-18 2.71050543e-20
 1.08420217e-19 2.71050543e-20 1.08420217e-19 0.00000000e+00
 0.00000000e+00],[4.97572492e-13 7.99157658e-13 9.39456552e-13 7.06001353e-12
 3.86828086e-13 1.52728269e-11 3.93171997e-13 0.00000000e+00
 0.00000000e+00]
[1.13242749e-14 6.77626358e-19 7.80625564e-17 3.79470760e-19
 9.48676901e-19 3.79470760e-19 9.48676901e-19 0.00000000e+00
 0.00000000e+00],[5.72606403e-12 1.47823616e-11 1.74945055e-11 1.73161061e-10
 8.80070166e-12 3.77779203e-10 8.94578033e-12            nan
 0.00000000e+00],[3.10862447e-15 6.77626358e-20 5.20417043e-18 2.71050543e-20
 1.08420217e-19 2.71050543e-20 1.08420217e-19 0.00000000e+00
 0.00000000e+00],[4.71391669e-13 7.99033486e-13 9.39455377e-13 7.22102092e-12
 3.86724950e-13 1.57497794e-11 3.93090947e-13 0.00000000e+00
 0.00000000e+00]
[1.14352972e-14 6.77626358e-19 7.80625564e-17 3.79470760e-19
 9.48676901e-19 3.79470760e-19 9.48676901e-19 0.00000000e+00
 0.00000000e+00],[5.87407770e-12 1.47753653e-11 1.74944843e-11 1.77109436e-10
 8.79844413e-12 3.89576538e-10 8.94399563e-12            nan
 0.00000000e+00],[2.99760217e-15 6.77626358e-20 5.20417043e-18 2.71050543e-20
 1.08420217e-19 2.71050543e-20 1.08420217e-19 0.00000000e+00
 0.00000000e+00],[4.97587576e-13 7.98908844e-13 9.39454216e-13 7.38569933e-12
 3.86625895e-13 1.62416220e-11 3.93012509e-13 0.00000000e+00
 0.00000000e+00]
[1.02140518e-14 6.77626358e-19 7.80625564e-17 3.79470760e-19
 9.48676901e-19 3.79470760e-19 9.48676901e-19 0.00000000e+00
 0.00000000e+00],[5.80695237e-12 1.47683507e-11 1.74944633e-11 1.81147812e-10
 8.79627721e-12 4.01742162e-10 8.94226853e-12            nan
 0.00000000e+00],[3.10862447e-15 6.77626358e-20 5.20417043e-18 2.71050543e-20
 1.08420217e-19 2.71050543e-20 1.08420217e-19 0.00000000e+00
 0.00000000e+00],[4.84500292e-13 7.98783363e-13 9.39453068e-13 7.55413242e-12
 3.86530824e-13 1.67488193e-11 3.92936603e-13 0.00000000e+00
 0.00000000e+00]
[8.99280650e-15 6.77626358e-19 7.80625564e-17 3.79470760e-19
 9.48676901e-19 3.79470760e-19 9.48676901e-19 0.00000000e+00
 0.00000000e+00],[5.73623520e-12 1.47613384e-11 1.74944425e-11 1.85278238e-10
 8.79419877e-12 4.14287568e-10 8.94059722e-12            nan
 0.00000000e+00],[2.99760217e-15 6.77626358e-20 5.20417043e-18 2.71050543e-20
 1.08420217e-19 2.71050543e-20 1.08420217e-19 0.00000000e+00
 0.00000000e+00],[4.97602013e-13 7.98656700e-13 9.39451932e-13 7.72640577e-12
 3.86439643e-13 1.72718503e-11 3.92863148e-13 0.00000000e+00
 0.00000000e+00]
[8.88178420e-15 6.77626358e-19 7.80625564e-17 3.79470760e-19
 9.48676901e-19 3.79470760e-19 9.48676901e-19 0.00000000e+00
 0.00000000e+00],[5.74864302e-12 1.47543493e-11 1.74944220e-11 1.89502813e-10
 8.79220673e-12 4.27224601e-10 8.93897997e-12            nan
 0.00000000e+00],[2.99760217e-15 6.77626358e-20 5.20417043e-18 2.71050543e-20
 1.08420217e-19 2.71050543e-20 1.08420217e-19 0.00000000e+00
 0.00000000e+00],[5.10703874e-13 7.98528542e-13 9.39450809e-13 7.90260688e-12
 3.86352260e-13 1.78112090e-11 3.92792070e-13 0.00000000e+00
 0.00000000e+00]
[9.54791801e-15 6.77626358e-19 7.80625564e-17 3.79470760e-19
 9.48676901e-19 3.79470760e-19 9.48676901e-19 0.00000000e+00
 0.00000000e+00],[5.69737259e-12 1.47474043e-11 1.74944017e-11 1.93823680e-10
 8.79029906e-12 4.40565481e-10 8.93741512e-12            nan
 0.00000000e+00],[2.99760217e-15 6.77626358e-20 5.20417043e-18 2.71050543e-20
 1.08420217e-19 2.71050543e-20 1.08420217e-19 0.00000000e+00
 0.00000000e+00],[4.71425252e-13 7.98398622e-13 9.39449699e-13 8.08282527e-12
 3.86268587e-13 1.83674048e-11 3.92723294e-13 0.00000000e+00
 0.00000000e+00]
[8.32667268e-15 6.77626358e-19 7.80625564e-17 3.79470760e-19
 9.48676901e-19 3.79470760e-19 9.48676901e-19 0.00000000e+00
 0.00000000e+00],[5.60026047e-12 1.47405238e-11 1.74943816e-11 1.98243035e-10
 8.78847378e-12 4.54322803e-10 8.93590102e-12            nan
 0.00000000e+00],[2.77555756e-15 6.77626358e-20 5.20417043e-18 2.71050543e-20
 1.08420217e-19 2.71050543e-20 1.08420217e-19 0.00000000e+00
 0.00000000e+00],[4.84526607e-13 7.98266721e-13 9.39448600e-13 8.26715248e-12
 3.86188536e-13 1.89409630e-11 3.92656750e-13 0.00000000e+00
 0.00000000e+00]
[8.21565038e-15 6.77626358e-19 7.80625564e-17 3.79470760e-19
 9.48676901e-19 3.79470760e-19 9.48676901e-19 0.00000000e+00
 0.00000000e+00],[5.64154830e-12 1.47337268e-11 1.74943618e-11 2.02763121e-10
 8.78672896e-12 4.68509559e-10 8.93443613e-12            nan
 0.00000000e+00],[2.88657986e-15 6.77626358e-20 5.20417043e-18 2.71050543e-20
 1.08420217e-19 2.71050543e-20 1.08420217e-19 0.00000000e+00
 0.00000000e+00],[4.71437080e-13 7.98132678e-13 9.39447512e-13 8.45568216e-12
 3.86112023e-13 1.95324250e-11 3.92592367e-13 0.00000000e+00
 0.00000000e+00]
[7.66053887e-15 6.77626358e-19 7.80625564e-17 3.79470760e-19
 9.48676901e-19 3.79470760e-19 9.48676901e-19 0.00000000e+00
 0.00000000e+00],[5.71171262e-12 1.47270308e-11 1.74943421e-11 2.07386233e-10
 8.78506273e-12 4.83139144e-10 8.93301890e-12            nan
 0.00000000e+00],[2.88657986e-15 6.77626358e-20 5.20417043e-18 2.71050543e-20
 1.08420217e-19 2.71050543e-20 1.08420217e-19 0.00000000e+00
 0.00000000e+00],[4.45251359e-13 7.97996389e-13 9.39446435e-13 8.64851007e-12
 3.86038965e-13 2.01423494e-11 3.92530080e-13 0.00000000e+00
 0.00000000e+00]
[7.43849426e-15 6.77626358e-19 7.80625564e-17 3.79470760e-19
 9.48676901e-19 3.79470760e-19 9.48676901e-19 0.00000000e+00
 0.00000000e+00],[5.57388646e-12 1.47204511e-11 1.74943226e-11 2.12114718e-10
 8.78347325e-12 4.98225368e-10 8.93164787e-12            nan
 0.00000000e+00],[2.99760217e-15 6.77626358e-20 5.20417043e-18 2.71050543e-20
 1.08420217e-19 2.71050543e-20 1.08420217e-19 0.00000000e+00
 0.00000000e+00],[4.58352133e-13 7.97857813e-13 9.39445370e-13 8.84573415e-12
 3.85969281e-13 2.07713121e-11 3.92469823e-13 0.00000000e+00
 0.00000000e+00]
[7.21644966e-15 6.77626358e-19 7.80625564e-17 3.79470760e-19
 9.48676901e-19 3.79470760e-19 9.48676901e-19 0.00000000e+00
 0.00000000e+00],[5.62652686e-12 1.47140004e-11 1.74943033e-11 2.16950977e-10
 8.78195874e-12 5.13782475e-10 8.93032160e-12            nan
 0.00000000e+00],[2.99760217e-15 6.77626358e-20 5.20417043e-18 2.71050543e-20
 1.08420217e-19 2.71050543e-20 1.08420217e-19 0.00000000e+00
 0.00000000e+00],[4.58357058e-13 7.97716964e-13 9.39444315e-13 9.04745457e-12
 3.85902893e-13 2.14199067e-11 3.92411534e-13 0.00000000e+00
 0.00000000e+00]
[7.43849426e-15 6.77626358e-19 7.80625564e-17 3.79470760e-19
 9.48676901e-19 3.79470760e-19 9.48676901e-19 0.00000000e+00
 0.00000000e+00],[5.67747208e-12 1.47076890e-11 1.74942842e-11 2.21897466e-10
 8.78051745e-12 5.29825150e-10 8.92903873e-12            nan
 0.00000000e+00],[2.88657986e-15 6.77626358e-20 5.20417043e-18 2.71050543e-20
 1.08420217e-19 2.71050543e-20 1.08420217e-19 0.00000000e+00
 0.00000000e+00],[4.58361783e-13 7.97573911e-13 9.39443270e-13 9.25377380e-12
 3.85839724e-13 2.20887457e-11 3.92355151e-13 0.00000000e+00
 0.00000000e+00]
[7.99360578e-15 6.77626358e-19 7.80625564e-17 3.79470760e-19
 9.48676901e-19 3.79470760e-19 9.48676901e-19 0.00000000e+00
 0.00000000e+00],[5.80070167e-12 1.47015247e-11 1.74942653e-11 2.26956696e-10
 8.77914768e-12 5.46368535e-10 8.92779790e-12            nan
 0.00000000e+00],[3.10862447e-15 6.77626358e-20 5.20417043e-18 2.71050543e-20
 1.08420217e-19 2.71050543e-20 1.08420217e-19 0.00000000e+00
 0.00000000e+00],[4.84558684e-13 7.97428745e-13 9.39442235e-13 9.46479661e-12
 3.85779700e-13 2.27784603e-11 3.92300617e-13 0.00000000e+00
 0.00000000e+00]
[6.32827124e-15 6.77626358e-19 7.80625564e-17 3.79470760e-19
 9.48676901e-19 3.79470760e-19 9.48676901e-19 0.00000000e+00
 0.00000000e+00],[5.75810597e-12 1.46955124e-11 1.74942466e-11 2.32131235e-10
 8.77784777e-12 5.63428246e-10 8.92659782e-12            nan
 0.00000000e+00],[3.10862447e-15 6.77626358e-20 5.20417043e-18 2.71050543e-20
 1.08420217e-19 2.71050543e-20 1.08420217e-19 0.00000000e+00
 0.00000000e+00],[4.97659623e-13 7.97281628e-13 9.39441209e-13 9.68063019e-12
 3.85722747e-13 2.34897016e-11 3.92247873e-13 0.00000000e+00
 0.00000000e+00]
[5.77315973e-15 6.77626358e-19 7.80625564e-17 3.79470760e-19
 9.48676901e-19 3.79470760e-19 9.48676901e-19 0.00000000e+00
 0.00000000e+00],[5.93445295e-12 1.46896538e-11 1.74942280e-11 2.37423710e-10
 8.77661612e-12 5.81020382e-10 8.92543723e-12            nan
 0.00000000e+00],[3.10862447e-15 6.77626358e-20 5.20417043e-18 2.71050543e-20
 1.08420217e-19 2.71050543e-20 1.08420217e-19 0.00000000e+00
 0.00000000e+00],[5.10760671e-13 7.97132758e-13 9.39440193e-13 9.90138414e-12
 3.85668794e-13 2.42231408e-11 3.92196865e-13 0.00000000e+00
 0.00000000e+00]
[5.10702591e-15 6.77626358e-19 7.80625564e-17 3.79470760e-19
 9.48676901e-19 3.79470760e-19 9.48676901e-19 0.00000000e+00
 0.00000000e+00],[5.74350102e-12 1.46839484e-11 1.74942096e-11 2.42836808e-10
 8.77545113e-12 5.99161544e-10 8.92431493e-12            nan
 0.00000000e+00],[3.21964677e-15 6.77626358e-20 5.20417043e-18 2.71050543e-20
 1.08420217e-19 2.71050543e-20 1.08420217e-19 0.00000000e+00
 0.00000000e+00],[5.10765302e-13 7.96982357e-13 9.39439186e-13 1.01271706e-11
 3.85617772e-13 2.49794701e-11 3.92147540e-13 0.00000000e+00
 0.00000000e+00]
[5.99520433e-15 6.77626358e-19 7.80625564e-17 3.79470760e-19
 9.48676901e-19 3.79470760e-19 9.48676901e-19 0.00000000e+00
 0.00000000e+00],[5.77301934e-12 1.46783931e-11 1.74941914e-11 2.48373276e-10
 8.77435128e-12 6.17868852e-10 8.92322971e-12            nan
 0.00000000e+00],[3.10862447e-15 6.77626358e-20 5.20417043e-18 2.71050543e-20
 1.08420217e-19 2.71050543e-20 1.08420217e-19 0.00000000e+00
 0.00000000e+00],[4.97673186e-13 7.96830656e-13 9.39438188e-13 1.03581042e-11
 3.85569613e-13 2.57594032e-11 3.92099844e-13 0.00000000e+00
 0.00000000e+00]
[3.33066907e-15 6.77626358e-19 7.80625564e-17 3.79470760e-19
 9.48676901e-19 3.79470760e-19 9.48676901e-19 0.00000000e+00
 0.00000000e+00],[5.79526824e-12 1.46729830e-11 1.74941733e-11 2.54035926e-10
 8.77331506e-12 6.37159956e-10 8.92218046e-12            nan
 0.00000000e+00],[2.99760217e-15 6.77626358e-20 5.20417043e-18 2.71050543e-20
 1.08420217e-19 2.71050543e-20 1.08420217e-19 0.00000000e+00
 0.00000000e+00],[5.36967891e-13 7.96677889e-13 9.39437198e-13 1.05943021e-11
 3.85524251e-13 2.65636760e-11 3.92053730e-13 0.00000000e+00
 0.00000000e+00]
[4.99600361e-15 6.77626358e-19 7.80625564e-17 3.79470760e-19
 9.48676901e-19 3.79470760e-19 9.48676901e-19 0.00000000e+00
 0.00000000e+00],[5.83472703e-12 1.46677115e-11 1.74941553e-11 2.59827632e-10
 8.77234100e-12 6.57053057e-10 8.92116605e-12            nan
 0.00000000e+00],[3.33066907e-15 6.77626358e-20 5.20417043e-18 2.71050543e-20
 1.08420217e-19 2.71050543e-20 1.08420217e-19 0.00000000e+00
 0.00000000e+00],[5.50069456e-13 7.96524283e-13 9.39436217e-13 1.08358845e-11
 3.85481622e-13 2.73930473e-11 3.92009146e-13 0.00000000e+00
 0.00000000e+00]
[3.77475828e-15 6.77626358e-19 7.80625564e-17 3.79470760e-19
 9.48676901e-19 3.79470760e-19 9.48676901e-19 0.00000000e+00
 0.00000000e+00],[5.71364904e-12 1.46625711e-11 1.74941376e-11 2.65751332e-10
 8.77142768e-12 6.77566919e-10 8.92018542e-12            nan
 0.00000000e+00],[3.10862447e-15 6.77626358e-20 5.20417043e-18 2.71050543e-20
 1.08420217e-19 2.71050543e-20 1.08420217e-19 0.00000000e+00
 0.00000000e+00],[5.63171215e-13 7.96370045e-13 9.39435244e-13 1.10829738e-11
 3.85441663e-13 2.82482996e-11 3.91966048e-13 0.00000000e+00
 0.00000000e+00]
[4.55191440e-15 6.77626358e-19 7.80625564e-17 3.79470760e-19
 9.48676901e-19 3.79470760e-19 9.48676901e-19 0.00000000e+00
 0.00000000e+00],[5.64763433e-12 1.46575539e-11 1.74941199e-11 2.71810034e-10
 8.77057370e-12 6.98720894e-10 8.91923753e-12            nan
 0.00000000e+00],[3.10862447e-15 6.77626358e-20 5.20417043e-18 2.71050543e-20
 1.08420217e-19 2.71050543e-20 1.08420217e-19 0.00000000e+00
 0.00000000e+00],[5.50078934e-13 7.96215349e-13 9.39434279e-13 1.13356957e-11
 3.85404312e-13 2.91302395e-11 3.91924388e-13 0.00000000e+00
 0.00000000e+00]
[4.88498131e-15 6.77626358e-19 7.80625564e-17 3.79470760e-19
 9.48676901e-19 3.79470760e-19 9.48676901e-19 0.00000000e+00
 0.00000000e+00],[5.60582167e-12 1.46526525e-11 1.74941024e-11 2.78006813e-10
 8.76977771e-12 7.20534933e-10 8.91832138e-12            nan
 0.00000000e+00],[3.21964677e-15 6.77626358e-20 5.20417043e-18 2.71050543e-20
 1.08420217e-19 2.71050543e-20 1.08420217e-19 0.00000000e+00
 0.00000000e+00],[5.63180843e-13 7.96060308e-13 9.39433321e-13 1.15941783e-11
 3.85369510e-13 3.00396990e-11 3.91884123e-13 0.00000000e+00
 0.00000000e+00]
[3.66373598e-15 6.77626358e-19 7.80625564e-17 3.79470760e-19
 9.48676901e-19 3.79470760e-19 9.48676901e-19 0.00000000e+00
 0.00000000e+00],[5.70102500e-12 1.46478617e-11 1.74940850e-11 2.84344813e-10
 8.76903837e-12 7.43029609e-10 8.91743598e-12            nan
 0.00000000e+00],[3.10862447e-15 6.77626358e-20 5.20417043e-18 2.71050543e-20
 1.08420217e-19 2.71050543e-20 1.08420217e-19 0.00000000e+00
 0.00000000e+00],[5.76282882e-13 7.95904926e-13 9.39432371e-13 1.18585529e-11
 3.85337198e-13 3.09775357e-11 3.91845210e-13 0.00000000e+00
 0.00000000e+00]
[6.10622664e-15 6.77626358e-19 7.80625564e-17 3.79470760e-19
 9.48676901e-19 3.79470760e-19 9.48676901e-19 0.00000000e+00
 0.00000000e+00],[5.83749654e-12 1.46431815e-11 1.74940678e-11 2.90827252e-10
 8.76835439e-12 7.66226134e-10 8.91658040e-12            nan
 0.00000000e+00],[3.44169138e-15 6.77626358e-20 5.20417043e-18 2.71050543e-20
 1.08420217e-19 2.71050543e-20 1.08420217e-19 0.00000000e+00
 0.00000000e+00],[5.63190035e-13 7.95748970e-13 9.39431429e-13 1.21289537e-11
 3.85307320e-13 3.19446342e-11 3.91807607e-13 0.00000000e+00
 0.00000000e+00]
[5.77315973e-15 6.77626358e-19 7.80625564e-17 3.79470760e-19
 9.48676901e-19 3.79470760e-19 9.48676901e-19 0.00000000e+00
 0.00000000e+00],[5.90531537e-12 1.46386251e-11 1.74940507e-11 2.97457419e-10
 8.76772450e-12 7.90146380e-10 8.91575372e-12            nan
 0.00000000e+00],[3.55271368e-15 6.77626358e-20 5.20417043e-18 2.71050543e-20
 1.08420217e-19 2.71050543e-20 1.08420217e-19 0.00000000e+00
 0.00000000e+00],[5.50096503e-13 7.95591691e-13 9.39430493e-13 1.24055181e-11
 3.85279819e-13 3.29419062e-11 3.91771275e-13 0.00000000e+00
 0.00000000e+00]
[5.77315973e-15 6.77626358e-19 7.80625564e-17 3.79470760e-19
 9.48676901e-19 3.79470760e-19 9.48676901e-19 0.00000000e+00
 0.00000000e+00],[5.87756616e-12 1.46342271e-11 1.74940337e-11 3.04238679e-10
 8.76714747e-12 8.14812898e-10 8.91495506e-12            nan
 0.00000000e+00],[3.33066907e-15 6.77626358e-20 5.20417043e-18 2.71050543e-20
 1.08420217e-19 2.71050543e-20 1.08420217e-19 0.00000000e+00
 0.00000000e+00],[5.63197081e-13 7.95431623e-13 9.39429564e-13 1.26883864e-11
 3.85254642e-13 3.39702920e-11 3.91736173e-13 0.00000000e+00
 0.00000000e+00]
[5.99520433e-15 6.77626358e-19 7.80625564e-17 3.79470760e-19
 9.48676901e-19 3.79470760e-19 9.48676901e-19 0.00000000e+00
 0.00000000e+00],[5.79534012e-12 1.46299890e-11 1.74940168e-11 3.11174473e-10
 8.76662210e-12 8.40248941e-10 8.91418355e-12            nan
 0.00000000e+00],[3.33066907e-15 6.77626358e-20 5.20417043e-18 2.71050543e-20
 1.08420217e-19 2.71050543e-20 1.08420217e-19 0.00000000e+00
 0.00000000e+00],[5.76297466e-13 7.95269910e-13 9.39428642e-13 1.29777021e-11
 3.85231735e-13 3.50307610e-11 3.91702265e-13 0.00000000e+00
 0.00000000e+00]
[5.99520433e-15 6.77626358e-19 7.80625564e-17 3.79470760e-19
 9.48676901e-19 3.79470760e-19 9.48676901e-19 0.00000000e+00
 0.00000000e+00],[5.71786030e-12 1.46257937e-11 1.74940001e-11 3.18268318e-10
 8.76614721e-12 8.66478484e-10 8.91343836e-12            nan
 0.00000000e+00],[3.44169138e-15 6.77626358e-20 5.20417043e-18 2.71050543e-20
 1.08420217e-19 2.71050543e-20 1.08420217e-19 0.00000000e+00
 0.00000000e+00],[5.50106904e-13 7.95113328e-13 9.39427726e-13 1.32736122e-11
 3.85211047e-13 3.61243130e-11 3.91669514e-13 0.00000000e+00
 0.00000000e+00]
[6.43929354e-15 6.77626358e-19 7.80625564e-17 3.79470760e-19
 9.48676901e-19 3.79470760e-19 9.48676901e-19 0.00000000e+00
 0.00000000e+00],[5.85097271e-12 1.46215581e-11 1.74939834e-11 3.25523812e-10
 8.76572164e-12 8.93526245e-10 8.91271869e-12            nan
 0.00000000e+00],[3.33066907e-15 6.77626358e-20 5.20417043e-18 2.71050543e-20
 1.08420217e-19 2.71050543e-20 1.08420217e-19 0.00000000e+00
 0.00000000e+00],[5.50113320e-13 7.94962818e-13 9.39426817e-13 1.35762669e-11
 3.85192527e-13 3.72519784e-11 3.91637885e-13 0.00000000e+00
 0.00000000e+00]
[7.66053887e-15 6.77626358e-19 7.80625564e-17 3.79470760e-19
 9.48676901e-19 3.79470760e-19 9.48676901e-19 0.00000000e+00
 0.00000000e+00],[5.86410698e-12 1.46172608e-11 1.74939669e-11 3.32944636e-10
 8.76534427e-12 9.21417712e-10 8.91202375e-12            nan
 0.00000000e+00],[3.55271368e-15 6.77626358e-20 5.20417043e-18 2.71050543e-20
 1.08420217e-19 2.71050543e-20 1.08420217e-19 0.00000000e+00
 0.00000000e+00],[5.63218184e-13 7.94816038e-13 9.39425913e-13 1.38858197e-11
 3.85176126e-13 3.84148200e-11 3.91607342e-13 0.00000000e+00
 0.00000000e+00]
[8.54871729e-15 6.77626358e-19 7.80625564e-17 3.79470760e-19
 9.48676901e-19 3.79470760e-19 9.48676901e-19 0.00000000e+00
 0.00000000e+00],[5.81158690e-12 1.46129005e-11 1.74939505e-11 3.40534554e-10
 8.76501401e-12 9.50179166e-10 8.91135279e-12            nan
 0.00000000e+00],[3.33066907e-15 6.77626358e-20 5.20417043e-18 2.71050543e-20
 1.08420217e-19 2.71050543e-20 1.08420217e-19 0.00000000e+00
 0.00000000e+00],[5.50126747e-13 7.94671484e-13 9.39425016e-13 1.42024277e-11
 3.85161796e-13 3.96139335e-11 3.91577854e-13 0.00000000e+00
 0.00000000e+00]
[7.66053887e-15 6.77626358e-19 7.80625564e-17 3.79470760e-19
 9.48676901e-19 3.79470760e-19 9.48676901e-19 0.00000000e+00
 0.00000000e+00],[5.86524481e-12 1.46084785e-11 1.74939342e-11 3.48297415e-10
 8.76472979e-12 9.79837701e-10 8.91070508e-12            nan
 0.00000000e+00],[3.21964677e-15 6.77626358e-20 5.20417043e-18 2.71050543e-20
 1.08420217e-19 2.71050543e-20 1.08420217e-19 0.00000000e+00
 0.00000000e+00],[5.50133284e-13 7.94528593e-13 9.39424124e-13 1.45262517e-11
 3.85149489e-13 4.08504486e-11 3.91549387e-13 0.00000000e+00
 0.00000000e+00]
[8.32667268e-15 6.77626358e-19 7.80625564e-17 3.79470760e-19
 9.48676901e-19 3.79470760e-19 9.48676901e-19 0.00000000e+00
 0.00000000e+00],[6.07799041e-12 1.46039936e-11 1.74939180e-11 3.56237156e-10
 8.76449056e-12 1.01042125e-09 8.91007990e-12            nan
 0.00000000e+00],[3.33066907e-15 6.77626358e-20 5.20417043e-18 2.71050543e-20
 1.08420217e-19 2.71050543e-20 1.08420217e-19 0.00000000e+00
 0.00000000e+00],[5.76336927e-13 7.94387250e-13 9.39423238e-13 1.48574559e-11
 3.85139161e-13 4.21255299e-11 3.91521910e-13 0.00000000e+00
 0.00000000e+00]
[8.32667268e-15 6.77626358e-19 7.80625564e-17 3.79470760e-19
 9.48676901e-19 3.79470760e-19 9.48676901e-19 0.00000000e+00
 0.00000000e+00],[6.04975345e-12 1.45994421e-11 1.74939019e-11 3.64357804e-10
 8.76429530e-12 1.04195863e-09 8.90947656e-12            nan
 0.00000000e+00],[3.44169138e-15 6.77626358e-20 5.20417043e-18 2.71050543e-20
 1.08420217e-19 2.71050543e-20 1.08420217e-19 0.00000000e+00
 0.00000000e+00],[5.63245096e-13 7.94247513e-13 9.39422357e-13 1.51962085e-11
 3.85130766e-13 4.34403786e-11 3.91495394e-13 0.00000000e+00
 0.00000000e+00]
[8.65973959e-15 6.77626358e-19 7.80625564e-17 3.79470760e-19
 9.48676901e-19 3.79470760e-19 9.48676901e-19 0.00000000e+00
 0.00000000e+00],[6.11907877e-12 1.45948180e-11 1.74938859e-11 3.72663477e-10
 8.76414302e-12 1.07447952e-09 8.90889440e-12            nan
 0.00000000e+00],[3.66373598e-15 6.77626358e-20 5.20417043e-18 2.71050543e-20
 1.08420217e-19 2.71050543e-20 1.08420217e-19 0.00000000e+00
 0.00000000e+00],[5.76350857e-13 7.94109487e-13 9.39421482e-13 1.55426813e-11
 3.85124260e-13 4.47962328e-11 3.91469808e-13 0.00000000e+00
 0.00000000e+00]
[8.21565038e-15 6.77626358e-19 7.80625564e-17 3.79470760e-19
 9.48676901e-19 3.79470760e-19 9.48676901e-19 0.00000000e+00
 0.00000000e+00],[5.87230580e-12 1.45901140e-11 1.74938700e-11 3.81158385e-10
 8.76403274e-12 1.10801456e-09 8.90833277e-12            nan
 0.00000000e+00],[3.55271368e-15 6.77626358e-20 5.20417043e-18 2.71050543e-20
 1.08420217e-19 2.71050543e-20 1.08420217e-19 0.00000000e+00
 0.00000000e+00],[5.76358094e-13 7.93973277e-13 9.39420612e-13 1.58970501e-11
 3.85119602e-13 4.61943691e-11 3.91445124e-13 0.00000000e+00
 0.00000000e+00]
[8.99280650e-15 6.77626358e-19 7.80625564e-17 3.79470760e-19
 9.48676901e-19 3.79470760e-19 9.48676901e-19 0.00000000e+00
 0.00000000e+00],[5.88166301e-12 1.45853222e-11 1.74938542e-11 3.89846836e-10
 8.76396353e-12 1.14259530e-09 8.90779104e-12            nan
 0.00000000e+00],[3.66373598e-15 6.77626358e-20 5.20417043e-18 2.71050543e-20
 1.08420217e-19 2.71050543e-20 1.08420217e-19 0.00000000e+00
 0.00000000e+00],[5.63266350e-13 7.93838971e-13 9.39419747e-13 1.62594947e-11
 3.85116748e-13 4.76361039e-11 3.91421315e-13 0.00000000e+00
 0.00000000e+00]
[1.04360964e-14 6.77626358e-19 7.80625564e-17 3.79470760e-19
 9.48676901e-19 3.79470760e-19 9.48676901e-19 0.00000000e+00
 0.00000000e+00],[5.90113405e-12 1.45804346e-11 1.74938385e-11 3.98733234e-10
 8.76393443e-12 1.17825430e-09 8.90726860e-12            nan
 0.00000000e+00],[3.88578059e-15 6.77626358e-20 5.20417043e-18 2.71050543e-20
 1.08420217e-19 2.71050543e-20 1.08420217e-19 0.00000000e+00
 0.00000000e+00],[5.37075118e-13 7.93706624e-13 9.39418886e-13 1.66301990e-11
 3.85115659e-13 4.91227941e-11 3.91398354e-13 0.00000000e+00
 0.00000000e+00]
[1.04360964e-14 6.77626358e-19 7.80625564e-17 3.79470760e-19
 9.48676901e-19 3.79470760e-19 9.48676901e-19 0.00000000e+00
 0.00000000e+00],[5.87043403e-12 1.45754438e-11 1.74938229e-11 4.07822083e-10
 8.76394456e-12 1.21502511e-09 8.90676487e-12            nan
 0.00000000e+00],[3.55271368e-15 6.77626358e-20 5.20417043e-18 2.71050543e-20
 1.08420217e-19 2.71050543e-20 1.08420217e-19 0.00000000e+00
 0.00000000e+00],[5.37082570e-13 7.93576252e-13 9.39418031e-13 1.70093510e-11
 3.85116295e-13 5.06558389e-11 3.91376215e-13 0.00000000e+00
 0.00000000e+00]
[8.21565038e-15 6.77626358e-19 7.80625564e-17 3.79470760e-19
 9.48676901e-19 3.79470760e-19 9.48676901e-19 0.00000000e+00
 0.00000000e+00],[5.81740401e-12 1.45703434e-11 1.74938073e-11 4.17117992e-10
 8.76399303e-12 1.25294233e-09 8.90627928e-12            nan
 0.00000000e+00],[3.66373598e-15 6.77626358e-20 5.20417043e-18 2.71050543e-20
 1.08420217e-19 2.71050543e-20 1.08420217e-19 0.00000000e+00
 0.00000000e+00],[5.37090271e-13 7.93447831e-13 9.39417180e-13 1.73971431e-11
 3.85118617e-13 5.22366809e-11 3.91354873e-13 0.00000000e+00
 0.00000000e+00]
[8.99280650e-15 6.77626358e-19 7.80625564e-17 3.79470760e-19
 9.48676901e-19 3.79470760e-19 9.48676901e-19 0.00000000e+00
 0.00000000e+00],[5.77983257e-12 1.45651286e-11 1.74937918e-11 4.26625671e-10
 8.76407897e-12 1.29204164e-09 8.90581126e-12            nan
 0.00000000e+00],[3.66373598e-15 6.77626358e-20 5.20417043e-18 2.71050543e-20
 1.08420217e-19 2.71050543e-20 1.08420217e-19 0.00000000e+00
 0.00000000e+00],[5.23998254e-13 7.93321286e-13 9.39416334e-13 1.77937720e-11
 3.85122587e-13 5.38668074e-11 3.91334303e-13 0.00000000e+00
 0.00000000e+00]
[8.99280650e-15 6.77626358e-19 7.80625564e-17 3.79470760e-19
 9.48676901e-19 3.79470760e-19 9.48676901e-19 0.00000000e+00
 0.00000000e+00],[5.80873846e-12 1.45597964e-11 1.74937765e-11 4.36349939e-10
 8.76420154e-12 1.33235981e-09 8.90536028e-12            nan
 0.00000000e+00],[3.66373598e-15 6.77626358e-20 5.20417043e-18 2.71050543e-20
 1.08420217e-19 2.71050543e-20 1.08420217e-19 0.00000000e+00
 0.00000000e+00],[5.10906058e-13 7.93196494e-13 9.39415492e-13 1.81994389e-11
 3.85128168e-13 5.55477517e-11 3.91314483e-13 0.00000000e+00
 0.00000000e+00]
[9.88098492e-15 6.77626358e-19 7.80625564e-17 3.79470760e-19
 9.48676901e-19 3.79470760e-19 9.48676901e-19 0.00000000e+00
 0.00000000e+00],[5.81203959e-12 1.45543468e-11 1.74937612e-11 4.46295724e-10
 8.76435992e-12 1.37393475e-09 8.90492583e-12            nan
 0.00000000e+00],[3.99680289e-15 6.77626358e-20 5.20417043e-18 2.71050543e-20
 1.08420217e-19 2.71050543e-20 1.08420217e-19 0.00000000e+00
 0.00000000e+00],[5.00545979e-13 7.93073250e-13 9.39414654e-13 1.86143494e-11
 3.85135324e-13 5.72810946e-11 3.91295389e-13 0.00000000e+00
 0.00000000e+00]
[8.99280650e-15 6.77626358e-19 7.80625564e-17 3.79470760e-19
 9.48676901e-19 3.79470760e-19 9.48676901e-19 0.00000000e+00
 0.00000000e+00],[5.81202242e-12 1.45487820e-11 1.74937459e-11 4.56468066e-10
 8.76455330e-12 1.41680556e-09 8.90450740e-12            nan
 0.00000000e+00],[3.88578059e-15 6.77626358e-20 5.20417043e-18 2.71050543e-20
 1.08420217e-19 2.71050543e-20 1.08420217e-19 0.00000000e+00
 0.00000000e+00],[5.10922060e-13 7.92951329e-13 9.39413820e-13 1.90387141e-11
 3.85144019e-13 5.90684660e-11 3.91276999e-13 0.00000000e+00
 0.00000000e+00]
[8.99280650e-15 6.77626358e-19 7.80625564e-17 3.79470760e-19
 9.48676901e-19 3.79470760e-19 9.48676901e-19 0.00000000e+00
 0.00000000e+00],[5.76272623e-12 1.45431068e-11 1.74937308e-11 4.66872118e-10
 8.76478089e-12 1.46101253e-09 8.90410450e-12            nan
 0.00000000e+00],[4.10782519e-15 6.77626358e-20 5.20417043e-18 2.71050543e-20
 1.08420217e-19 2.71050543e-20 1.08420217e-19 0.00000000e+00
 0.00000000e+00],[5.14482711e-13 7.92830465e-13 9.39412991e-13 1.94727480e-11
 3.85154220e-13 6.09115461e-11 3.91259292e-13 0.00000000e+00
 0.00000000e+00]
[8.21565038e-15 6.77626358e-19 7.80625564e-17 3.79470760e-19
 9.48676901e-19 3.79470760e-19 9.48676901e-19 0.00000000e+00
 0.00000000e+00],[5.72289061e-12 1.45373287e-11 1.74937157e-11 4.77513154e-10
 8.76504193e-12 1.50659721e-09 8.90371666e-12            nan
 0.00000000e+00],[4.10782519e-15 6.77626358e-20 5.20417043e-18 2.71050543e-20
 1.08420217e-19 2.71050543e-20 1.08420217e-19 0.00000000e+00
 0.00000000e+00],[5.14500299e-13 7.92710354e-13 9.39412165e-13 1.99166714e-11
 3.85165893e-13 6.28120674e-11 3.91242246e-13 0.00000000e+00
 0.00000000e+00]
[1.04360964e-14 6.77626358e-19 7.80625564e-17 3.79470760e-19
 9.48676901e-19 3.79470760e-19 9.48676901e-19 0.00000000e+00
 0.00000000e+00],[5.99173007e-12 1.45314580e-11 1.74937007e-11 4.88396563e-10
 8.76533567e-12 1.55360244e-09 8.90334342e-12            nan
 0.00000000e+00],[4.32986980e-15 6.77626358e-20 5.20417043e-18 2.71050543e-20
 1.08420217e-19 2.71050543e-20 1.08420217e-19 0.00000000e+00
 0.00000000e+00],[5.42330247e-13 7.92590657e-13 9.39411343e-13 2.03707092e-11
 3.85179004e-13 6.47718156e-11 3.91225842e-13 0.00000000e+00
 0.00000000e+00]
[1.06581410e-14 6.77626358e-19 7.80625564e-17 3.79470760e-19
 9.48676901e-19 3.79470760e-19 9.48676901e-19 0.00000000e+00
 0.00000000e+00],[6.04510515e-12 1.45255075e-11 1.74936858e-11 4.99527860e-10
 8.76566138e-12 1.60207237e-09 8.90298433e-12            nan
 0.00000000e+00],[4.21884749e-15 6.77626358e-20 5.20417043e-18 2.71050543e-20
 1.08420217e-19 2.71050543e-20 1.08420217e-19 0.00000000e+00
 0.00000000e+00],[5.28443300e-13 7.92471015e-13 9.39410525e-13 2.08350918e-11
 3.85193521e-13 6.67926320e-11 3.91210060e-13 0.00000000e+00
 0.00000000e+00]
[1.05471187e-14 6.77626358e-19 7.80625564e-17 3.79470760e-19
 9.48676901e-19 3.79470760e-19 9.48676901e-19 0.00000000e+00
 0.00000000e+00],[6.19470066e-12 1.45194923e-11 1.74936709e-11 5.10912683e-10
 8.76601834e-12 1.65205253e-09 8.90263896e-12            nan
 0.00000000e+00],[4.32986980e-15 6.77626358e-20 5.20417043e-18 2.71050543e-20
 1.08420217e-19 2.71050543e-20 1.08420217e-19 0.00000000e+00
 0.00000000e+00],[5.42369225e-13 7.92351055e-13 9.39409710e-13 2.13100544e-11
 3.85209414e-13 6.88764147e-11 3.91194881e-13 0.00000000e+00
 0.00000000e+00]
[1.13242749e-14 6.77626358e-19 7.80625564e-17 3.79470760e-19
 9.48676901e-19 3.79470760e-19 9.48676901e-19 0.00000000e+00
 0.00000000e+00],[6.12556536e-12 1.45134296e-11 1.74936561e-11 5.22556799e-10
 8.76640585e-12 1.70358985e-09 8.90230690e-12            nan
 0.00000000e+00],[4.21884749e-15 6.77626358e-20 5.20417043e-18 2.71050543e-20
 1.08420217e-19 2.71050543e-20 1.08420217e-19 0.00000000e+00
 0.00000000e+00],[5.28481143e-13 7.92230405e-13 9.39408899e-13 2.17958379e-11
 3.85226650e-13 7.10251205e-11 3.91180287e-13 0.00000000e+00
 0.00000000e+00]
