1.1338057304911674e-06
2.2676114609823348e-06
3.401417191473502e-06
4.5352229219646696e-06
5.669028652455837e-06
6.802834382947005e-06
7.936640113438172e-06
9.070445843929339e-06
1.0204251574420507e-05
1.1338057304911674e-05
1.2471863035402842e-05
1.360566876589401e-05
1.4739474496385177e-05
1.5873280226876343e-05
1.700708595736751e-05
1.8140891687858678e-05
1.9274697418349846e-05
2.0408503148841013e-05
2.154230887933218e-05
2.267611460982335e-05
2.3809920340314516e-05
2.4943726070805684e-05
2.607753180129685e-05
2.721133753178802e-05
2.8345143262279187e-05
2.9478948992770354e-05
3.061275472326152e-05
3.1746560453752686e-05
3.2880366184243854e-05
3.401417191473502e-05
3.514797764522619e-05
3.6281783375717356e-05
3.7415589106208524e-05
3.854939483669969e-05
3.968320056719086e-05
4.081700629768203e-05
4.1950812028173194e-05
4.308461775866436e-05
4.421842348915553e-05
4.53522292196467e-05
4.6486034950137865e-05
4.761984068062903e-05
4.87536464111202e-05
4.988745214161137e-05
5.1021257872102535e-05
5.21550636025937e-05
5.328886933308487e-05
5.442267506357604e-05
5.5556480794067206e-05
5.669028652455837e-05
5.782409225504954e-05
5.895789798554071e-05
6.0091703716031876e-05
6.122550944652304e-05
6.23593151770142e-05
6.349312090750536e-05
6.462692663799652e-05
6.576073236848768e-05
6.689453809897884e-05
6.802834382947e-05
6.916214955996116e-05
7.029595529045232e-05
7.142976102094348e-05
7.256356675143465e-05
7.36973724819258e-05
7.483117821241697e-05
7.596498394290813e-05
7.709878967339929e-05
7.823259540389045e-05
7.936640113438161e-05
8.050020686487277e-05
8.163401259536393e-05
8.276781832585509e-05
8.390162405634625e-05
8.503542978683741e-05
8.616923551732858e-05
8.730304124781974e-05
8.84368469783109e-05
8.957065270880206e-05
9.070445843929322e-05
9.183826416978438e-05
9.297206990027554e-05
9.41058756307667e-05
9.523968136125786e-05
9.637348709174902e-05
9.750729282224018e-05
9.864109855273134e-05
9.97749042832225e-05
0.00010090871001371367
0.00010204251574420483
0.00010317632147469599
0.00010431012720518715
0.00010544393293567831
0.00010657773866616947
0.00010771154439666063
0.00010884535012715179
0.00010997915585764295
0.00011111296158813411
0.00011224676731862527
0.00011338057304911643
0.0001145143787796076
0.00011564818451009876
0.00011678199024058992
0.00011791579597108108
0.00011904960170157224
0.0001201834074320634
0.00012131721316255456
0.00012245101889304572
0.0001235848246235369
0.00012471863035402807
0.00012585243608451924
0.00012698624181501042
0.0001281200475455016
0.00012925385327599277
0.00013038765900648394
0.00013152146473697512
0.0001326552704674663
0.00013378907619795747
0.00013492288192844864
0.00013605668765893981
0.000137190493389431
0.00013832429911992216
0.00013945810485041334
0.0001405919105809045
0.00014172571631139569
0.00014285952204188686
0.00014399332777237803
0.0001451271335028692
0.00014626093923336038
0.00014739474496385156
0.00014852855069434273
0.0001496623564248339
0.00015079616215532508
0.00015192996788581626
0.00015306377361630743
0.0001541975793467986
0.00015533138507728978
0.00015646519080778095
0.00015759899653827213
0.0001587328022687633
0.00015986660799925448
0.00016100041372974565
0.00016213421946023682
0.000163268025190728
