4.987440598219423e-13
9.974881196438845e-13
1.4962321794658268e-12
1.994976239287769e-12
2.493720299109711e-12
2.992464358931653e-12
3.4912084187535952e-12
3.989952478575537e-12
4.488696538397479e-12
4.987440598219421e-12
5.4861846580413634e-12
5.9849287178633055e-12
6.4836727776852475e-12
6.98241683750719e-12
7.481160897329132e-12
7.979904957151075e-12
8.478649016973017e-12
8.97739307679496e-12
9.476137136616903e-12
9.974881196438846e-12
1.0473625256260789e-11
1.0972369316082732e-11
1.1471113375904675e-11
1.1969857435726617e-11
1.246860149554856e-11
1.2967345555370503e-11
1.3466089615192446e-11
1.3964833675014389e-11
1.4463577734836332e-11
1.4962321794658273e-11
1.5461065854480214e-11
1.5959809914302156e-11
1.6458553974124097e-11
1.6957298033946038e-11
1.745604209376798e-11
1.795478615358992e-11
1.8453530213411862e-11
1.8952274273233803e-11
1.9451018333055744e-11
1.9949762392877686e-11
2.0448506452699627e-11
2.0947250512521568e-11
2.144599457234351e-11
2.194473863216545e-11
2.2443482691987392e-11
2.2942226751809333e-11
2.3440970811631274e-11
2.3939714871453216e-11
2.4438458931275157e-11
2.4937202991097098e-11
2.543594705091904e-11
2.593469111074098e-11
2.6433435170562922e-11
2.6932179230384863e-11
2.7430923290206804e-11
2.7929667350028745e-11
2.8428411409850687e-11
2.8927155469672628e-11
2.942589952949457e-11
2.9924643589316514e-11
3.042338764913846e-11
3.09221317089604e-11
3.142087576878235e-11
3.191961982860429e-11
3.2418363888426236e-11
3.291710794824818e-11
3.3415852008070125e-11
3.391459606789207e-11
3.4413340127714014e-11
3.491208418753596e-11
3.54108282473579e-11
3.590957230717985e-11
3.640831636700179e-11
3.6907060426823736e-11
3.740580448664568e-11
3.7904548546467625e-11
3.840329260628957e-11
3.8902036666111514e-11
3.940078072593346e-11
3.9899524785755403e-11
4.039826884557735e-11
4.089701290539929e-11
4.139575696522124e-11
4.189450102504318e-11
4.2393245084865126e-11
4.289198914468707e-11
4.3390733204509015e-11
4.388947726433096e-11
4.4388221324152904e-11
4.488696538397485e-11
4.538570944379679e-11
4.588445350361874e-11
4.638319756344068e-11
4.6881941623262626e-11
4.738068568308457e-11
4.7879429742906515e-11
4.837817380272846e-11
4.8876917862550404e-11
4.937566192237235e-11
4.987440598219429e-11
5.037315004201624e-11
5.087189410183818e-11
5.1370638161660126e-11
5.186938222148207e-11
5.2368126281304015e-11
5.286687034112596e-11
5.3365614400947904e-11
5.386435846076985e-11
5.4363102520591793e-11
5.486184658041374e-11
5.536059064023568e-11
5.5859334700057627e-11
5.635807875987957e-11
5.6856822819701516e-11
5.735556687952346e-11
5.7854310939345405e-11
5.835305499916735e-11
5.88517990589893e-11
5.935054311881124e-11
5.984928717863318e-11
6.034803123845513e-11
6.084677529827707e-11
6.134551935809902e-11
6.184426341792096e-11
6.23430074777429e-11
6.284175153756485e-11
6.33404955973868e-11
6.383923965720874e-11
6.433798371703068e-11
6.483672777685263e-11
6.533547183667457e-11
6.583421589649652e-11
6.633295995631846e-11
6.68317040161404e-11
6.733044807596235e-11
6.78291921357843e-11
6.832793619560624e-11
6.882668025542818e-11
6.932542431525013e-11
6.982416837507207e-11
7.032291243489402e-11
7.082165649471596e-11
7.13204005545379e-11
7.181914461435985e-11
