55.940754486000515
92.31989336900006
114.67408197600162
134.12997227300002
151.03157233599995
168.2502870419994
183.0463207799985
197.727817736999
212.39316647799933
226.9063770569992
241.4362961859988
256.19950483700086
272.7235785080011
287.4254472549983
303.2519878870007
320.6587894410004
337.78844958600166
352.853432797001
369.6955161820006
384.2891688489981
398.5769589160009
413.0221238129998
426.95999786800166
441.03224557299836
457.21083316300064
471.6137123039989
485.382037211999
500.09068340199883
514.9193815750004
531.0136267249982
545.2925208669985
559.4147463679983
573.9807825419994
588.1926875319987
602.9170642880017
617.3316542540015
632.5617688220009
647.4391893889988
662.667055812999
679.2301433409993
694.8569247640007
713.0365366229998
727.9599156129989
742.9284198759997
757.7736345090016
772.3981018199993
787.0802422640008
801.7112302569985
816.5289864820006
831.3761178579989
846.2865435790009
860.5333766459989
875.6983728909981
890.6186545249984
907.3929249370012
925.637016998
942.8915364919994
960.2813464710016
979.8271880169996
1013.1899245979985
1036.6309423659986
1059.1573270980007
1077.4764032060011
1092.190073144
1107.4856745370016
1122.7017570880016
1137.7410699819993
1153.4893401459994
1167.605328220001
1181.5364724739993
1195.342631309999
1209.1552419
1222.9254307320007
1236.9820063379993
1250.8094209250012
1264.7697951890004
1278.419026861
1292.9541369530016
1306.7286458929993
1320.53999913
1334.5256692219991
1348.850529203999
1362.8864526219986
1376.9059758229996
1391.0224689669994
1405.9350746579985
1420.7003882499994
1434.9007490119984
1450.1241396219993
1464.448822639999
1478.8824723959988
1493.1047457349996
1507.3913623020017
1521.5557035409984
1536.0358174380017
1550.2943975300004
1564.5093753069996
1578.7200020189994
1593.5135657850005
1608.1488937700015
1622.5022071899984
1636.6485296520004
1650.987220979001
1665.0131797020003
1678.8925731540003
1692.761748877001
1706.7310966190016
1720.7117905609994
1734.598828495
1748.9536517419983
1762.8089177170004
1776.9268317210008
1790.813372247001
1804.6229309990013
1818.4087139069998
1832.5851231250017
1846.464646381999
1860.201878101001
1873.9625593780002
1887.837364160001
1901.95926942
1915.7345659390012
1929.4512256739981
1943.2699308230003
1957.2156250879998
1970.924199904999
1984.6527664269997
1998.4345927469985
2012.541097696001
2026.4894833260005
2041.366410999999
2057.1714534210005
2072.316100911001
2088.1382549709997
2103.19406247
2117.6999735479985
2132.855473634001
2147.936262919
2165.5269208600002
2182.5180478119983
2198.9619348019987
2219.0378132020014
2233.856086912001
2250.246243202
