9.137341161450059e-07
9.137341161450059e-07
9.137341161450059e-07
9.137341161450059e-07
9.137341161450059e-07
9.137341161450059e-07
9.137341161450059e-07
9.137341161450059e-07
9.137341161450059e-07
9.137341161450059e-07
9.137341161450059e-07
9.137341161450059e-07
9.137341161450059e-07
9.137341161450059e-07
9.137341161450059e-07
9.137341161450059e-07
9.137341161450059e-07
9.137341161450059e-07
9.137341161450059e-07
9.137341161450059e-07
9.137341161450059e-07
9.137341161450059e-07
9.137341161450059e-07
9.137341161450059e-07
9.137341161450059e-07
9.137341161450059e-07
9.137341161450059e-07
9.137341161450059e-07
9.137341161450059e-07
9.137341161450059e-07
9.137341161450059e-07
9.137341161450059e-07
9.137341161450059e-07
9.137341161450059e-07
9.137341161450059e-07
9.137341161450059e-07
9.137341161450059e-07
9.137341161450059e-07
9.137341161450059e-07
9.137341161450059e-07
9.137341161450059e-07
9.137341161450059e-07
9.137341161450059e-07
9.137341161450059e-07
9.137341161450059e-07
9.137341161450059e-07
9.137341161450059e-07
9.137341161450059e-07
9.137341161450059e-07
9.137341161450059e-07
9.137341161450059e-07
9.137341161450059e-07
9.137341161450059e-07
