3.641104711714222e-13
7.282209423428444e-13
1.0923314135142667e-12
1.4564418846856889e-12
1.8205523558571113e-12
2.1846628270285337e-12
2.548773298199956e-12
2.9128837693713786e-12
3.276994240542801e-12
3.6411047117142235e-12
4.005215182885646e-12
4.369325654057068e-12
4.733436125228491e-12
5.097546596399913e-12
5.4616570675713356e-12
5.825767538742758e-12
6.1898780099141804e-12
6.553988481085603e-12
6.918098952257025e-12
7.282209423428447e-12
7.646319894599869e-12
8.01043036577129e-12
8.374540836942712e-12
8.738651308114133e-12
9.102761779285555e-12
9.466872250456977e-12
9.830982721628398e-12
1.019509319279982e-11
1.0559203663971241e-11
1.0923314135142663e-11
1.1287424606314085e-11
1.1651535077485506e-11
1.2015645548656928e-11
1.237975601982835e-11
1.2743866490999771e-11
1.3107976962171193e-11
1.3472087433342614e-11
1.3836197904514036e-11
1.4200308375685458e-11
1.456441884685688e-11
1.4928529318028302e-11
1.5292639789199724e-11
1.5656750260371146e-11
1.6020860731542567e-11
1.638497120271399e-11
1.674908167388541e-11
1.7113192145056832e-11
1.7477302616228254e-11
1.7841413087399675e-11
1.8205523558571097e-11
1.856963402974252e-11
1.893374450091394e-11
1.9297854972085362e-11
