50.81672940499993
89.18019538799854
111.1591051180003
129.81299439800205
148.03315253899927
164.1863429330042
179.79639481999766
195.46625767899968
210.82228549799765
226.0952116749977
241.4526860449987
256.93267215500236
275.3628061700001
295.3663602520028
316.2877958850004
336.93981026200345
352.170420016002
367.0999896670037
381.57084290400235
400.1135059349981
419.0951419690027
442.19177540999954
466.412101670001
481.74076395000156
499.2393571950015
515.8418776629987
530.8035140240027
546.2294355659978
561.4290133899995
576.6419933680008
597.3370383389993
621.1548915460007
645.6436783840036
666.0110224989985
685.5748000360036
705.2137707299989
726.0480569920037
746.6545017340031
767.1721577740027
788.6826596289975
809.4262451350005
830.0352121169999
851.0621461929986
871.4934454800023
890.9915649500035
910.5939803220026
931.661856054001
952.4500485079989
973.7595005519979
994.5535661169997
1014.949064348999
1041.9469307780018
1065.0400279290043
