5.151174646540307e-06
1.0302349293080613e-05
1.545352393962092e-05
2.0604698586161227e-05
2.5755873232701534e-05
3.090704787924184e-05
3.605822252578214e-05
4.120939717232245e-05
4.636057181886275e-05
5.1511746465403055e-05
5.666292111194336e-05
6.181409575848366e-05
6.696527040502397e-05
7.211644505156427e-05
7.726761969810458e-05
8.241879434464488e-05
8.756996899118518e-05
9.272114363772549e-05
9.787231828426579e-05
0.0001030234929308061
0.0001081746675773464
0.0001133258422238867
0.00011847701687042701
0.00012362819151696733
0.00012877936616350764
0.00013393054081004796
0.00013908171545658828
0.0001442328901031286
0.00014938406474966892
0.00015453523939620923
0.00015968641404274955
0.00016483758868928987
0.00016998876333583019
0.0001751399379823705
0.00018029111262891082
0.00018544228727545114
0.00019059346192199146
0.00019574463656853177
0.0002008958112150721
0.0002060469858616124
0.00021119816050815273
0.00021634933515469305
0.00022150050980123336
0.00022665168444777368
0.000231802859094314
0.00023695403374085432
0.00024210520838739463
0.0002472563830339349
0.0002524075576804752
0.0002575587323270155
0.0002627099069735558
0.0002678610816200961
0.0002730122562666364
