9.137341161450059e-07
1.8274682322900118e-06
2.7412023484350176e-06
3.6549364645800237e-06
4.568670580725029e-06
5.482404696870035e-06
6.396138813015041e-06
7.309872929160047e-06
8.223607045305053e-06
9.137341161450059e-06
1.0051075277595065e-05
1.096480939374007e-05
1.1878543509885077e-05
1.2792277626030083e-05
1.3706011742175089e-05
1.4619745858320095e-05
1.55334799744651e-05
1.6447214090610105e-05
1.736094820675511e-05
1.8274682322900117e-05
1.9188416439045123e-05
2.010215055519013e-05
2.1015884671335135e-05
2.192961878748014e-05
2.2843352903625147e-05
2.3757087019770153e-05
2.467082113591516e-05
2.5584555252060165e-05
2.649828936820517e-05
2.7412023484350177e-05
2.8325757600495183e-05
2.923949171664019e-05
3.0153225832785195e-05
3.10669599489302e-05
3.1980694065075204e-05
3.289442818122021e-05
3.3808162297365216e-05
3.472189641351022e-05
3.563563052965523e-05
3.6549364645800234e-05
3.746309876194524e-05
3.8376832878090246e-05
3.929056699423525e-05
4.020430111038026e-05
4.1118035226525264e-05
4.203176934267027e-05
4.2945503458815276e-05
4.385923757496028e-05
4.477297169110529e-05
4.5686705807250294e-05
4.66004399233953e-05
4.7514174039540306e-05
4.842790815568531e-05
