3.641104711714222e-13
3.641104711714222e-13
3.641104711714222e-13
3.641104711714222e-13
3.641104711714222e-13
3.641104711714222e-13
3.641104711714222e-13
3.641104711714222e-13
3.641104711714222e-13
3.641104711714222e-13
3.641104711714222e-13
3.641104711714222e-13
3.641104711714222e-13
3.641104711714222e-13
3.641104711714222e-13
3.641104711714222e-13
3.641104711714222e-13
3.641104711714222e-13
3.641104711714222e-13
3.641104711714222e-13
3.641104711714222e-13
3.641104711714222e-13
3.641104711714222e-13
3.641104711714222e-13
3.641104711714222e-13
3.641104711714222e-13
3.641104711714222e-13
3.641104711714222e-13
3.641104711714222e-13
3.641104711714222e-13
3.641104711714222e-13
3.641104711714222e-13
3.641104711714222e-13
3.641104711714222e-13
3.641104711714222e-13
3.641104711714222e-13
3.641104711714222e-13
3.641104711714222e-13
3.641104711714222e-13
3.641104711714222e-13
3.641104711714222e-13
3.641104711714222e-13
3.641104711714222e-13
3.641104711714222e-13
3.641104711714222e-13
3.641104711714222e-13
3.641104711714222e-13
3.641104711714222e-13
3.641104711714222e-13
3.641104711714222e-13
3.641104711714222e-13
3.641104711714222e-13
3.641104711714222e-13
