1.5765166949677223e-14,6.776263578034403e-19,7.806255641895632e-17,3.7947076036992655e-19,9.486769009248164e-19,3.7947076036992655e-19,9.486769009248164e-19,0.0,4.764560328305439e-22,1.9836227177325365e-12,1.5599209032495615e-11,1.7499956772230676e-11,2.0780128130290722e-11,1.0134233619192472e-11,2.0954225630414212e-11,1.0132589302843944e-11,nan,1.680731330895202e-12
8.881784197001252e-16,6.776263578034403e-20,5.204170427930421e-18,2.710505431213761e-20,1.0842021724855044e-19,2.710505431213761e-20,1.0842021724855044e-19,0.0,5.293955920339377e-23,1.097567749046834e-13,8.191042740448747e-13,9.39753091782504e-13,8.664909873976681e-13,4.453129689078391e-13,8.737467454320614e-13,4.4524086338756134e-13,0.0,1.0292899151243527e-13
1.2989609388114332e-14,6.776263578034403e-19,7.806255641895632e-17,3.7947076036992655e-19,9.486769009248164e-19,3.7947076036992655e-19,9.486769009248164e-19,0.0,1.164670302474663e-21,2.023729772804627e-12,1.5586004171476333e-11,1.7499811318499622e-11,2.1258208952786637e-11,1.0091859913501384e-11,2.1616457300969403e-11,1.0088931609284486e-11,nan,1.991738590851559e-12
9.992007221626409e-16,6.776263578034403e-20,5.204170427930421e-18,2.710505431213761e-20,1.0842021724855044e-19,2.710505431213761e-20,1.0842021724855044e-19,0.0,1.0587911840678754e-22,1.2351665914718864e-13,8.187184312919464e-13,9.397451462482881e-13,8.864374002783238e-13,4.43449896974374e-13,9.01381759462512e-13,4.4332099309266575e-13,0.0,1.273657027533488e-13
1.4210854715202004e-14,6.776263578034403e-19,7.806255641895632e-17,3.7947076036992655e-19,9.486769009248164e-19,3.7947076036992655e-19,9.486769009248164e-19,0.0,2.117582368135751e-22,2.2012948743899016e-12,1.5572136521646205e-11,1.749967018326522e-11,2.174612408730068e-11,1.0050932836949836e-11,2.2297391692209875e-11,1.0047104382506166e-11,nan,4.0713764977522304e-13
1.2212453270876722e-15,6.776263578034403e-20,5.204170427930421e-18,2.710505431213761e-20,1.0842021724855044e-19,2.710505431213761e-20,1.0842021724855044e-19,0.0,2.117582368135751e-22,1.4905301890134382e-13,8.18340791292565e-13,9.397374446513265e-13,9.067738553118102e-13,4.416523561099998e-13,9.29758516062972e-13,4.4148417047162527e-13,0.0,1.5665308911213077e-14
1.3988810110276972e-14,6.776263578034403e-19,7.806255641895632e-17,3.7947076036992655e-19,9.486769009248164e-19,3.7947076036992655e-19,9.486769009248164e-19,0.0,6.352747104407253e-22,2.201273477276475e-12,1.5558207218750693e-11,1.7499533646918282e-11,2.2242628687873882e-11,1.0011508782291018e-11,2.2994762086073958e-11,1.0007165404792447e-11,nan,3.815441799295331e-13
9.992007221626409e-16,6.776263578034403e-20,5.204170427930421e-18,2.710505431213761e-20,1.0842021724855044e-19,2.710505431213761e-20,1.0842021724855044e-19,0.0,2.117582368135751e-22,1.2096948902130997e-13,8.179651649503513e-13,9.397299975034603e-13,9.274589689044659e-13,4.399216208273504e-13,9.588020463815843e-13,4.397312823076691e-13,0.0,3.57782776358652e-14
1.4432899320127035e-14,6.776263578034403e-19,7.806255641895632e-17,3.7947076036992655e-19,9.486769009248164e-19,3.7947076036992655e-19,9.486769009248164e-19,0.0,0.0,2.2271665198627763e-12,1.5544349901435245e-11,1.74994006722801e-11,2.2750614166182535e-11,9.97330256101874e-12,2.3714228124872684e-11,9.96872841345843e-12,nan,0.0
1.1102230246251565e-15,6.776263578034403e-20,5.204170427930421e-18,2.710505431213761e-20,1.0842021724855044e-19,2.710505431213761e-20,1.0842021724855044e-19,0.0,0.0,1.3551398629018015e-13,8.175919691684839e-13,9.397227468019319e-13,9.486158889075947e-13,4.382448123789562e-13,9.887528082577903e-13,4.3804489054673673e-13,0.0,0.0
1.3100631690576847e-14,6.776263578034403e-19,7.806255641895632e-17,3.7947076036992655e-19,9.486769009248164e-19,3.7947076036992655e-19,9.486769009248164e-19,0.0,0.0,2.1244338937335615e-12,1.5530652446589454e-11,1.7499271306425016e-11,2.3269816907628397e-11,9.936309619267409e-12,2.4455458010300842e-11,9.931778196942967e-12,nan,0.0
1.2212453270876722e-15,6.776263578034403e-20,5.204170427930421e-18,2.710505431213761e-20,1.0842021724855044e-19,2.710505431213761e-20,1.0842021724855044e-19,0.0,0.0,1.490691807869371e-13,8.172215747117504e-13,9.397156867629042e-13,9.702553761225518e-13,4.366199588224454e-13,1.0196391397327065e-12,4.3642204453434033e-13,0.0,0.0
1.3433698597964394e-14,6.776263578034403e-19,7.806255641895632e-17,3.7947076036992655e-19,9.486769009248164e-19,3.7947076036992655e-19,9.486769009248164e-19,0.0,0.0,2.324029088997082e-12,1.5517195075212494e-11,1.7499145363428832e-11,2.3800745031752803e-11,9.90046573308405e-12,2.5219616705181785e-11,9.896223056819828e-12,nan,0.0
1.3322676295501878e-15,6.776263578034403e-20,5.204170427930421e-18,2.710505431213761e-20,1.0842021724855044e-19,2.710505431213761e-20,1.0842021724855044e-19,0.0,0.0,1.6262375248053769e-13,8.16856002603352e-13,9.397088117685073e-13,9.92388436798453e-13,4.3504517894513755e-13,1.0514902639440689e-12,4.348599535137465e-13,0.0,0.0
1.2989609388114332e-14,6.776263578034403e-19,7.806255641895632e-17,3.7947076036992655e-19,9.486769009248164e-19,3.7947076036992655e-19,9.486769009248164e-19,0.0,0.0,2.328292008746543e-12,1.550401081949511e-11,1.749902268243484e-11,2.4343930637556634e-11,9.865711022173856e-12,2.6007943138439637e-11,9.861978595540511e-12,nan,0.0
1.2212453270876722e-15,6.776263578034403e-20,5.204170427930421e-18,2.710505431213761e-20,1.0842021724855044e-19,2.710505431213761e-20,1.0842021724855044e-19,0.0,0.0,1.477690610730708e-13,8.164955516094975e-13,9.3970211637739e-13,1.0150263281799301e-12,4.335186771073835e-13,1.0843363167610175e-12,4.333559760245982e-13,0.0,0.0
1.2878587085651816e-14,6.776263578034403e-19,7.806255641895632e-17,3.7947076036992655e-19,9.486769009248164e-19,3.7947076036992655e-19,9.486769009248164e-19,0.0,0.0,2.261982778310007e-12,1.5491127497970646e-11,1.74989032212525e-11,2.4899396129257158e-11,9.832024183122047e-12,2.6820681199128846e-11,9.829010336794472e-12,nan,0.0
1.2212453270876722e-15,6.776263578034403e-20,5.204170427930421e-18,2.710505431213761e-20,1.0842021724855044e-19,2.710505431213761e-20,1.0842021724855044e-19,0.0,0.0,1.5101855829611684e-13,8.161404068511563e-13,9.396955953104496e-13,1.0381805642297583e-12,4.320387384365794e-13,1.1182083752870244e-12,4.3190761013815243e-13,0.0,0.0
1.1213252548714081e-14,6.776263578034403e-19,7.806255641895632e-17,3.7947076036992655e-19,9.486769009248164e-19,3.7947076036992655e-19,9.486769009248164e-19,0.0,0.0,2.219107184724388e-12,1.54785591281029e-11,1.7498786843984497e-11,2.546760615724516e-11,9.799355683739488e-12,2.76589631046809e-11,9.797248868032031e-12,nan,0.0
1.1102230246251565e-15,6.776263578034403e-20,5.204170427930421e-18,2.710505431213761e-20,1.0842021724855044e-19,2.710505431213761e-20,1.0842021724855044e-19,0.0,0.0,1.399236970394768e-13,8.157906812228699e-13,9.396892434456242e-13,1.0618629214819382e-12,4.30603724342602e-13,1.1531384872526328e-12,4.3051248445293907e-13,0.0,0.0
1.1657341758564144e-14,6.776263578034403e-19,7.806255641895632e-17,3.7947076036992655e-19,9.486769009248164e-19,3.7947076036992655e-19,9.486769009248164e-19,0.0,0.0,2.2968196561553148e-12,1.546631767708328e-11,1.7498673488908847e-11,2.604870076808443e-11,9.767679124812405e-12,2.8523282697382775e-11,9.766654486965178e-12,nan,0.0
1.2212453270876722e-15,6.776263578034403e-20,5.204170427930421e-18,2.710505431213761e-20,1.0842021724855044e-19,2.710505431213761e-20,1.0842021724855044e-19,0.0,0.0,1.5101012335263715e-13,8.154464236930706e-13,9.396830558132133e-13,1.0860854450282619e-12,4.2921206832985064e-13,1.189159701325769e-12,4.291683497824752e-13,0.0,0.0
1.2989609388114332e-14,6.776263578034403e-19,7.806255641895632e-17,3.7947076036992655e-19,9.486769009248164e-19,3.7947076036992655e-19,9.486769009248164e-19,0.0,0.0,2.354572834635325e-12,1.5454406504195683e-11,1.749856304455569e-11,2.664315709066217e-11,9.736949837688276e-12,2.941482741291046e-11,9.737165558875341e-12,nan,0.0
1.4432899320127035e-15,6.776263578034403e-20,5.204170427930421e-18,2.710505431213761e-20,1.0842021724855044e-19,2.710505431213761e-20,1.0842021724855044e-19,0.0,0.0,1.7464753248305544e-13,8.151076957238841e-13,9.396770275906941e-13,1.110860454641577e-12,4.2786227208323384e-13,1.2263060983682804e-12,4.278730714736035e-13,0.0,0.0
1.3211653993039363e-14,6.776263578034403e-19,7.806255641895632e-17,3.7947076036992655e-19,9.486769009248164e-19,3.7947076036992655e-19,9.486769009248164e-19,0.0,0.0,2.515929059747593e-12,1.5442825933141353e-11,1.7498455432626444e-11,2.7251171182998398e-11,9.707141459702802e-12,3.03342253595997e-11,9.708743708565096e-12,nan,0.0
1.5543122344752192e-15,6.776263578034403e-20,5.204170427930421e-18,2.710505431213761e-20,1.0842021724855044e-19,2.710505431213761e-20,1.0842021724855044e-19,0.0,0.0,1.880840755779479e-13,8.147745523865355e-13,9.396711540984405e-13,1.1362005510383605e-12,4.2655290180739574e-13,1.2646128236681512e-12,4.2662462230018234e-13,0.0,0.0
1.4210854715202004e-14,6.776263578034403e-19,7.806255641895632e-17,3.7947076036992655e-19,9.486769009248164e-19,3.7947076036992655e-19,9.486769009248164e-19,0.0,0.0,2.4802817027456194e-12,1.5431573428348345e-11,1.7498350595616058e-11,2.7872900767790405e-11,9.678230197654654e-12,3.128203073576131e-11,9.68135398558944e-12,nan,0.0
1.7763568394002505e-15,6.776263578034403e-20,5.204170427930421e-18,2.710505431213761e-20,1.0842021724855044e-19,2.710505431213761e-20,1.0842021724855044e-19,0.0,0.0,2.1495527689130906e-13,8.144470419088301e-13,9.396654307954792e-13,1.1621186222839619e-12,4.2528258480025814e-13,1.3041161201778546e-12,4.254210758823171e-13,0.0,0.0
1.2878587085651816e-14,6.776263578034403e-19,7.806255641895632e-17,3.7947076036992655e-19,9.486769009248164e-19,3.7947076036992655e-19,9.486769009248164e-19,0.0,0.0,2.449622755132779e-12,1.542064098352095e-11,1.7498248436530766e-11,2.8508776625788204e-11,9.65017960854971e-12,3.225937392902652e-11,9.654946704516385e-12,nan,0.0
1.6653345369377348e-15,6.776263578034403e-20,5.204170427930421e-18,2.710505431213761e-20,1.0842021724855044e-19,2.710505431213761e-20,1.0842021724855044e-19,0.0,0.0,2.0152217483984965e-13,8.141252051201011e-13,9.396598532753525e-13,1.188627850343723e-12,4.2405000624354315e-13,1.3448533627902273e-12,4.242606005861965e-13,0.0,0.0
1.176836406102666e-14,6.776263578034403e-19,7.806255641895632e-17,3.7947076036992655e-19,9.486769009248164e-19,3.7947076036992655e-19,9.486769009248164e-19,0.0,0.0,2.533294135766844e-12,1.541001929065317e-11,1.7498148883451798e-11,2.9159082623228084e-11,9.62296254631368e-12,3.326709438897088e-11,9.629483953177854e-12,nan,0.0
1.5543122344752192e-15,6.776263578034403e-20,5.204170427930421e-18,2.710505431213761e-20,1.0842021724855044e-19,2.710505431213761e-20,1.0842021724855044e-19,0.0,0.0,1.8808859440726038e-13,8.138090729016602e-13,9.396544172621253e-13,1.2157417177832888e-12,4.2285390619439467e-13,1.386863093684212e-12,4.231414538639338e-13,0.0,0.0
1.2878587085651816e-14,6.776263578034403e-19,7.806255641895632e-17,3.7947076036992655e-19,9.486769009248164e-19,3.7947076036992655e-19,9.486769009248164e-19,0.0,0.0,2.806894063848243e-12,1.539969462263789e-11,1.7498051820444513e-11,2.982435819063247e-11,9.59654207045088e-12,3.430658884253854e-11,9.604916796590393e-12,nan,0.0
1.6653345369377348e-15,6.776263578034403e-20,5.204170427930421e-18,2.710505431213761e-20,1.0842021724855044e-19,2.710505431213761e-20,1.0842021724855044e-19,0.0,0.0,2.0152456305265093e-13,8.134986615870027e-13,9.396491186065282e-13,1.2434740146214962e-12,4.2169307676353195e-13,1.4301850587738474e-12,4.220619769966873e-13,0.0,0.0
1.354472090042691e-14,6.776263578034403e-19,7.806255641895632e-17,3.7947076036992655e-19,9.486769009248164e-19,3.7947076036992655e-19,9.486769009248164e-19,0.0,0.0,2.754826445418611e-12,1.538965618577922e-11,1.7497957209955362e-11,3.050475382346901e-11,9.570900360543247e-12,3.537844195001885e-11,9.581219409630252e-12,nan,0.0
1.7763568394002505e-15,6.776263578034403e-20,5.204170427930421e-18,2.710505431213761e-20,1.0842021724855044e-19,2.710505431213761e-20,1.0842021724855044e-19,0.0,0.0,2.149604419058216e-13,8.131939658010509e-13,9.39643953282245e-13,1.2718388453393022e-12,4.205663594665616e-13,1.4748602452949034e-12,4.210205902077993e-13,0.0,0.0
1.454392162258955e-14,6.776263578034403e-19,7.806255641895632e-17,3.7947076036992655e-19,9.486769009248164e-19,3.7947076036992655e-19,9.486769009248164e-19,0.0,0.0,2.929613559759644e-12,1.53798911140723e-11,1.7497864986371524e-11,3.12005698681308e-11,9.546013550574966e-12,3.648356633098183e-11,9.558359103034297e-12,nan,0.0
1.887379141862766e-15,6.776263578034403e-20,5.204170427930421e-18,2.710505431213761e-20,1.0842021724855044e-19,2.710505431213761e-20,1.0842021724855044e-19,0.0,0.0,2.2839622078900163e-13,8.128949466677348e-13,9.396389173823453e-13,1.3008506360482942e-12,4.1947264273615934e-13,1.5209309205646448e-12,4.2001578811578967e-13,0.0,0.0
1.587618925213974e-14,6.776263578034403e-19,7.806255641895632e-17,3.7947076036992655e-19,9.486769009248164e-19,3.7947076036992655e-19,9.486769009248164e-19,0.0,0.0,3.06283857409829e-12,1.5370385987691014e-11,1.749777506314707e-11,3.191225502914642e-11,9.521853294353489e-12,3.76232104699842e-11,9.536298455146643e-12,nan,0.0
1.887379141862766e-15,6.776263578034403e-20,5.204170427930421e-18,2.710505431213761e-20,1.0842021724855044e-19,2.710505431213761e-20,1.0842021724855044e-19,0.0,0.0,2.283967856829484e-13,8.126015095499513e-13,9.396340071159293e-13,1.3305241418223695e-12,4.184108595838194e-13,1.568440671951295e-12,4.190461354998212e-13,0.0,0.0
1.5765166949677223e-14,6.776263578034403e-19,7.806255641895632e-17,3.7947076036992655e-19,9.486769009248164e-19,3.7947076036992655e-19,9.486769009248164e-19,0.0,0.0,2.9919783654221736e-12,1.5361130913564088e-11,1.7497687372932473e-11,3.264017121192765e-11,9.498396281246207e-12,3.87984525644976e-11,9.515006322525627e-12,nan,0.0
1.9984014443252818e-15,6.776263578034403e-20,5.204170427930421e-18,2.710505431213761e-20,1.0842021724855044e-19,2.710505431213761e-20,1.0842021724855044e-19,0.0,0.0,2.418323073368161e-13,8.123134553266466e-13,9.396292188050946e-13,1.3608744541961826e-12,4.1737998540076977e-13,1.6174344480909088e-12,4.1811026335275e-13,0.0,0.0
1.6431300764452317e-14,6.776263578034403e-19,7.806255641895632e-17,3.7947076036992655e-19,9.486769009248164e-19,3.7947076036992655e-19,9.486769009248164e-19,0.0,0.0,3.1005431653119603e-12,1.5352122544418017e-11,1.749760185031558e-11,3.3384688586186366e-11,9.47562011805614e-12,4.001040448618813e-11,9.494452984149888e-12,nan,0.0
2.1094237467877974e-15,6.776263578034403e-20,5.204170427930421e-18,2.710505431213761e-20,1.0842021724855044e-19,2.710505431213761e-20,1.0842021724855044e-19,0.0,0.0,2.552676720536286e-13,8.120303624787936e-13,9.396245488826028e-13,1.391917008833797e-12,4.163790358884711e-13,1.6679586013905097e-12,4.1720686519911003e-13,0.0,0.0
1.587618925213974e-14,6.776263578034403e-19,7.806255641895632e-17,3.7947076036992655e-19,9.486769009248164e-19,3.7947076036992655e-19,9.486769009248164e-19,0.0,0.0,3.141184693349702e-12,1.5343372818828716e-11,1.7497518431686992e-11,3.414618578746479e-11,9.453503285043377e-12,4.1260212834136795e-11,9.474610063228937e-12,nan,0.0
2.1094237467877974e-15,6.776263578034403e-20,5.204170427930421e-18,2.710505431213761e-20,1.0842021724855044e-19,2.710505431213761e-20,1.0842021724855044e-19,0.0,0.0,2.5526763166197147e-13,8.117513136569563e-13,9.396199938909624e-13,1.423667593370603e-12,4.1540706510987223e-13,1.7200609318574817e-12,4.1633469365740604e-13,0.0,0.0
1.609823385706477e-14,6.776263578034403e-19,7.806255641895632e-17,3.7947076036992655e-19,9.486769009248164e-19,3.7947076036992655e-19,9.486769009248164e-19,0.0,0.0,3.3577012695411533e-12,1.5334918814570757e-11,1.7497437055116493e-11,3.492505007301823e-11,9.432025093008742e-12,4.254906001416572e-11,9.455450454137727e-12,nan,0.0
2.1094237467877974e-15,6.776263578034403e-20,5.204170427930421e-18,2.710505431213761e-20,1.0842021724855044e-19,2.710505431213761e-20,1.0842021724855044e-19,0.0,0.0,2.5526714433332934e-13,8.114747106928998e-13,9.396155504809298e-13,1.4561423554334447e-12,4.14463163653279e-13,1.7737907322966994e-12,4.1549255722789964e-13,0.0,0.0
1.609823385706477e-14,6.776263578034403e-19,7.806255641895632e-17,3.7947076036992655e-19,9.486769009248164e-19,3.7947076036992655e-19,9.486769009248164e-19,0.0,0.0,3.3588027914169714e-12,1.532675756854477e-11,1.7497357660854748e-11,3.5721677426977926e-11,9.411165641370532e-12,4.3878165344230096e-11,9.43694825408256e-12,nan,0.0
1.9984014443252818e-15,6.776263578034403e-20,5.204170427930421e-18,2.710505431213761e-20,1.0842021724855044e-19,2.710505431213761e-20,1.0842021724855044e-19,0.0,0.0,2.4183117472442674e-13,8.112015187514831e-13,9.396112153814859e-13,1.4893578108669241e-12,4.135464569012995e-13,1.8291988349210726e-12,4.146793172887166e-13,0.0,0.0
1.7763568394002505e-14,6.776263578034403e-19,7.806255641895632e-17,3.7947076036992655e-19,9.486769009248164e-19,3.7947076036992655e-19,9.486769009248164e-19,0.0,0.0,3.4857433841957426e-12,1.531874601294054e-11,1.749728019205885e-11,3.6536472841661995e-11,9.390905783561943e-12,4.5248786217847684e-11,9.419078699159969e-12,nan,0.0
2.1094237467877974e-15,6.776263578034403e-20,5.204170427930421e-18,2.710505431213761e-20,1.0842021724855044e-19,2.710505431213761e-20,1.0842021724855044e-19,0.0,0.0,2.5526555809622224e-13,8.109381815461291e-13,9.396069853720954e-13,1.5233308521655136e-12,4.1265610339774246e-13,1.8863376594190342e-12,4.1389388528458524e-13,0.0,0.0
1.7430501486614958e-14,6.776263578034403e-19,7.806255641895632e-17,3.7947076036992655e-19,9.486769009248164e-19,3.7947076036992655e-19,9.486769009248164e-19,0.0,0.0,3.4687775386948344e-12,1.5310785317163084e-11,1.7497204593234086e-11,3.7369850563351195e-11,9.371227093081403e-12,4.666221929836385e-11,9.401818104470839e-12,nan,0.0
2.220446049250313e-15,6.776263578034403e-20,5.204170427930421e-18,2.710505431213761e-20,1.0842021724855044e-19,2.710505431213761e-20,1.0842021724855044e-19,0.0,0.0,2.687004787201023e-13,8.106853716813413e-13,9.396028573728298e-13,1.55807875700891e-12,4.1179129330591185e-13,1.945261262510554e-12,4.1313522009384594e-13,0.0,0.0
1.787459069646502e-14,6.776263578034403e-19,7.806255641895632e-17,3.7947076036992655e-19,9.486769009248164e-19,3.7947076036992655e-19,9.486769009248164e-19,0.0,0.0,3.3344714723651976e-12,1.530285054509064e-11,1.7497130809948413e-11,3.822223429168662e-11,9.352111830005065e-12,4.8119801743396677e-11,9.385143807987518e-12,nan,0.0
2.220446049250313e-15,6.776263578034403e-20,5.204170427930421e-18,2.710505431213761e-20,1.0842021724855044e-19,2.710505431213761e-20,1.0842021724855044e-19,0.0,0.0,2.6870094120632803e-13,8.104405755934546e-13,9.39598828420861e-13,1.593619197013401e-12,4.109512469527774e-13,2.00602538905206e-12,4.12402325560592e-13,0.0,0.0
1.887379141862766e-14,6.776263578034403e-19,7.806255641895632e-17,3.7947076036992655e-19,9.486769009248164e-19,3.7947076036992655e-19,9.486769009248164e-19,0.0,0.0,3.5393187936582963e-12,1.5294939160976948e-11,1.7497058789202905e-11,3.909405738656655e-11,9.333542909447629e-12,4.962291246786453e-11,9.369034117902334e-12,nan,0.0
2.4424906541753444e-15,6.776263578034403e-20,5.204170427930421e-18,2.710505431213761e-20,1.0842021724855044e-19,2.710505431213761e-20,1.0842021724855044e-19,0.0,0.0,2.9557203283463196e-13,8.102021422768224e-13,9.395948956344956e-13,1.6299702467172286e-12,4.1013521345347123e-13,2.0686875247403965e-12,4.116942481798964e-13,0.0,0.0
1.9984014443252818e-14,6.776263578034403e-19,7.806255641895632e-17,3.7947076036992655e-19,9.486769009248164e-19,3.7947076036992655e-19,9.486769009248164e-19,0.0,0.0,3.675687081385385e-12,1.5287050473067794e-11,1.7496988479550187e-11,3.998576308422511e-11,9.315503871871653e-12,5.117297344702077e-11,9.353468263206503e-12,nan,0.0
2.3314683517128287e-15,6.776263578034403e-20,5.204170427930421e-18,2.710505431213761e-20,1.0842021724855044e-19,2.710505431213761e-20,1.0842021724855044e-19,0.0,0.0,2.821382641820047e-13,8.099693631143673e-13,9.395910562098168e-13,1.667150392772106e-12,4.0934246941083594e-13,2.1333069504614256e-12,4.110100749250778e-13,0.0,0.0
2.020605904817785e-14,6.776263578034403e-19,7.806255641895632e-17,3.7947076036992655e-19,9.486769009248164e-19,3.7947076036992655e-19,9.486769009248164e-19,0.0,0.0,3.728390931262337e-12,1.527918081083603e-11,1.7496919831086698e-11,4.089780472026703e-11,9.29797885505755e-12,5.277145106040948e-11,9.338426347268787e-12,nan,0.0
2.220446049250313e-15,6.776263578034403e-20,5.204170427930421e-18,2.710505431213761e-20,1.0842021724855044e-19,2.710505431213761e-20,1.0842021724855044e-19,0.0,0.0,2.687046804843538e-13,8.097419820381532e-13,9.395873074221096e-13,1.7051785433400514e-12,4.0857231768524843e-13,2.199944798333799e-12,4.103489312068577e-13,0.0,0.0
2.0761170560490427e-14,6.776263578034403e-19,7.806255641895632e-17,3.7947076036992655e-19,9.486769009248164e-19,3.7947076036992655e-19,9.486769009248164e-19,0.0,0.0,3.658965547433966e-12,1.5271323278406984e-11,1.749685279540956e-11,4.183064595853576e-11,9.280952567595363e-12,5.441985747784779e-11,9.323889304201904e-12,nan,0.0
2.1094237467877974e-15,6.776263578034403e-20,5.204170427930421e-18,2.710505431213761e-20,1.0842021724855044e-19,2.710505431213761e-20,1.0842021724855044e-19,0.0,0.0,2.5527122519891945e-13,8.095199142046155e-13,9.3958364662568e-13,1.7440740377016723e-12,4.078240862303177e-13,2.2686641095008754e-12,4.097099789550887e-13,0.0,0.0
2.0095036745715333e-14,6.776263578034403e-19,7.806255641895632e-17,3.7947076036992655e-19,9.486769009248164e-19,3.7947076036992655e-19,9.486769009248164e-19,0.0,0.0,3.496904095019769e-12,1.5263468569744848e-11,1.749678732556625e-11,4.278476102570844e-11,9.264410263796735e-12,5.611975208871139e-11,9.309838857821668e-12,nan,0.0
2.1094237467877974e-15,6.776263578034403e-20,5.204170427930421e-18,2.710505431213761e-20,1.0842021724855044e-19,2.710505431213761e-20,1.0842021724855044e-19,0.0,0.0,2.5527329682649413e-13,8.093031266160546e-13,9.395800712524346e-13,1.7838566560820364e-12,4.0709712699036867e-13,2.3395298937254402e-12,4.0909241481447373e-13,0.0,0.0
1.9984014443252818e-14,6.776263578034403e-19,7.806255641895632e-17,3.7947076036992655e-19,9.486769009248164e-19,3.7947076036992655e-19,9.486769009248164e-19,0.0,0.0,3.425978303712002e-12,1.525560590168732e-11,1.74967233760046e-11,4.3760634951516854e-11,9.248337719933375e-12,5.787274297584676e-11,9.296257483019288e-12,nan,0.0
1.887379141862766e-15,6.776263578034403e-20,5.204170427930421e-18,2.710505431213761e-20,1.0842021724855044e-19,2.710505431213761e-20,1.0842021724855044e-19,0.0,0.0,2.284045528846031e-13,8.090915905452997e-13,9.395765788099458e-13,1.8245466296997333e-12,4.063908148559079e-13,2.412609190843459e-12,4.084954684463869e-13,0.0,0.0
2.0539125955565396e-14,6.776263578034403e-19,7.806255641895632e-17,3.7947076036992655e-19,9.486769009248164e-19,3.7947076036992655e-19,9.486769009248164e-19,0.0,0.0,3.520639902649481e-12,1.5247723854782576e-11,1.749666090252469e-11,4.4758763814710315e-11,9.232721211720521e-12,5.968048843549633e-11,9.283128369381416e-12,nan,0.0
2.1094237467877974e-15,6.776263578034403e-20,5.204170427930421e-18,2.710505431213761e-20,1.0842021724855044e-19,2.710505431213761e-20,1.0842021724855044e-19,0.0,0.0,2.552783828770796e-13,8.088852611852889e-13,9.395731668793692e-13,1.866164651044471e-12,4.057045466735348e-13,2.487971134134828e-12,4.079184009295156e-13,0.0,0.0
2.1871393585115584e-14,6.776263578034403e-19,7.806255641895632e-17,3.7947076036992655e-19,9.486769009248164e-19,3.7947076036992655e-19,9.486769009248164e-19,0.0,0.0,3.680800085662208e-12,1.523981110381648e-11,1.7496599862232842e-11,4.5779654994878457e-11,9.217547492969123e-12,6.154469854467079e-11,9.270435386905427e-12,nan,0.0
2.4424906541753444e-15,6.776263578034403e-20,5.204170427930421e-18,2.710505431213761e-20,1.0842021724855044e-19,2.710505431213761e-20,1.0842021724855044e-19,0.0,0.0,2.955890265609227e-13,8.086840671985674e-13,9.395698331133509e-13,1.9087318843885165e-12,4.050377403070009e-13,2.5656870156708354e-12,4.073605032526219e-13,0.0,0.0
2.298161660974074e-14,6.776263578034403e-19,7.806255641895632e-17,3.7947076036992655e-19,9.486769009248164e-19,3.7947076036992655e-19,9.486769009248164e-19,0.0,0.0,3.847079083278203e-12,1.5231857059883512e-11,1.7496540213497297e-11,4.682382743027853e-11,9.202803775336606e-12,6.346713677745125e-11,9.258163053669092e-12,nan,0.0
2.4424906541753444e-15,6.776263578034403e-20,5.204170427930421e-18,2.710505431213761e-20,1.0842021724855044e-19,2.710505431213761e-20,1.0842021724855044e-19,0.0,0.0,2.930487513365413e-13,8.084879040427153e-13,9.395665752339667e-13,1.9522699765373714e-12,4.0438983374635067e-13,2.64583035369993e-12,4.0682109489322914e-13,0.0,0.0
2.353672812205332e-14,6.776263578034403e-19,7.806255641895632e-17,3.7947076036992655e-19,9.486769009248164e-19,3.7947076036992655e-19,9.486769009248164e-19,0.0,0.0,3.859471648210904e-12,1.5223852444714978e-11,1.7496481915905665e-11,4.789181188181953e-11,9.188477709110606e-12,6.544962167174868e-11,9.24629650532466e-12,nan,0.0
2.4424906541753444e-15,6.776263578034403e-20,5.204170427930421e-18,2.710505431213761e-20,1.0842021724855044e-19,2.710505431213761e-20,1.0842021724855044e-19,0.0,0.0,2.9305195014652685e-13,8.082966290698974e-13,9.39563391030719e-13,1.9968010678251492e-12,4.0376028426228205e-13,2.7284769621352634e-12,4.0629952247651744e-13,0.0,0.0
2.3203661214665772e-14,6.776263578034403e-19,7.806255641895632e-17,3.7947076036992655e-19,9.486769009248164e-19,3.7947076036992655e-19,9.486769009248164e-19,0.0,0.0,3.848494185374986e-12,1.5215789806958036e-11,1.7496424930223828e-11,4.8984151203352415e-11,9.174557364964577e-12,6.749402854809635e-11,9.234821466297093e-12,nan,0.0
2.3314683517128287e-15,6.776263578034403e-20,5.204170427930421e-18,2.710505431213761e-20,1.0842021724855044e-19,2.710505431213761e-20,1.0842021724855044e-19,0.0,0.0,2.7973478975073234e-13,8.081100579096524e-13,9.395602783585757e-13,2.042347803360259e-12,4.031485676030606e-13,2.813705022209482e-12,4.057951585091428e-13,0.0,0.0
2.298161660974074e-14,6.776263578034403e-19,7.806255641895632e-17,3.7947076036992655e-19,9.486769009248164e-19,3.7947076036992655e-19,9.486769009248164e-19,0.0,0.0,3.741979917811593e-12,1.5207663978600366e-11,1.749636921835613e-11,5.0101400619143804e-11,9.161031216642226e-12,6.960229128221386e-11,9.223724222575348e-12,nan,0.0
2.3314683517128287e-15,6.776263578034403e-20,5.204170427930421e-18,2.710505431213761e-20,1.0842021724855044e-19,2.710505431213761e-20,1.0842021724855044e-19,0.0,0.0,2.797385037968925e-13,8.07927962212227e-13,9.395572351360676e-13,2.0889333445271315e-12,4.0255417723149623e-13,2.901595156364247e-12,4.053074001830919e-13,0.0,0.0
2.2870594307278225e-14,6.776263578034403e-19,7.806255641895632e-17,3.7947076036992655e-19,9.486769009248164e-19,3.7947076036992655e-19,9.486769009248164e-19,0.0,0.0,3.595558437546278e-12,1.519947310117304e-11,1.7496314743302252e-11,5.124412800657673e-11,9.14788812447485e-12,7.17764041326881e-11,9.212991595993657e-12,nan,0.0
2.1094237467877974e-15,6.776263578034403e-20,5.204170427930421e-18,2.710505431213761e-20,1.0842021724855044e-19,2.710505431213761e-20,1.0842021724855044e-19,0.0,0.0,2.553020789547707e-13,8.0775003943195e-13,9.395542593436763e-13,2.1365813807494794e-12,4.0197662359966076e-13,2.992230504444024e-12,4.0483566824504495e-13,0.0,0.0
2.298161660974074e-14,6.776263578034403e-19,7.806255641895632e-17,3.7947076036992655e-19,9.486769009248164e-19,3.7947076036992655e-19,9.486769009248164e-19,0.0,0.0,3.802174334231994e-12,1.519121803473544e-11,1.74962614691283e-11,5.2412914186126745e-11,9.135117319721635e-12,7.401842362578944e-11,9.202610919907495e-12,nan,0.0
2.3314683517128287e-15,6.776263578034403e-20,5.204170427930421e-18,2.710505431213761e-20,1.0842021724855044e-19,2.710505431213761e-20,1.0842021724855044e-19,0.0,0.0,2.7974689893313237e-13,8.075759721533918e-13,9.395513490215273e-13,2.185316141522184e-12,4.014154334591754e-13,3.0856968022660417e-12,4.0437940592705534e-13,0.0,0.0
2.353672812205332e-14,6.776263578034403e-19,7.806255641895632e-17,3.7947076036992655e-19,9.486769009248164e-19,3.7947076036992655e-19,9.486769009248164e-19,0.0,0.0,3.9795079164854324e-12,1.518290263844774e-11,1.7496209360931523e-11,5.3608353218145534e-11,9.122708389672808e-12,7.633047049910537e-11,9.192570016175829e-12,nan,0.0
2.55351295663786e-15,6.776263578034403e-20,5.204170427930421e-18,2.710505431213761e-20,1.0842021724855044e-19,2.710505431213761e-20,1.0842021724855044e-19,0.0,0.0,3.063945559263025e-13,8.074054085545366e-13,9.395485022677988e-13,2.235162408716936e-12,4.00870149205038e-13,3.1820824626402506e-12,4.0393807793465783e-13,0.0,0.0
2.375877272697835e-14,6.776263578034403e-19,7.806255641895632e-17,3.7947076036992655e-19,9.486769009248164e-19,3.7947076036992655e-19,9.486769009248164e-19,0.0,0.0,3.924862487921758e-12,1.5174533895735507e-11,1.74961583848075e-11,5.483105270653243e-11,9.110651263471154e-12,7.871473170581264e-11,9.182857173367617e-12,nan,0.0
2.55351295663786e-15,6.776263578034403e-20,5.204170427930421e-18,2.710505431213761e-20,1.0842021724855044e-19,2.710505431213761e-20,1.0842021724855044e-19,0.0,0.0,3.0639994992884516e-13,8.07237963305605e-13,9.39545717237013e-13,2.286145529168152e-12,4.0034032825109e-13,3.281478658915576e-12,4.035111694888002e-13,0.0,0.0
2.353672812205332e-14,6.776263578034403e-19,7.806255641895632e-17,3.7947076036992655e-19,9.486769009248164e-19,3.7947076036992655e-19,9.486769009248164e-19,0.0,0.0,3.95336672717261e-12,1.516612188880574e-11,1.7496108507819387e-11,5.608163410938082e-11,9.098936198610086e-12,8.117346248146479e-11,9.173461126116347e-12,nan,0.0
2.4424906541753444e-15,6.776263578034403e-20,5.204170427930421e-18,2.710505431213761e-20,1.0842021724855044e-19,2.710505431213761e-20,1.0842021724855044e-19,0.0,0.0,2.930836258578209e-13,8.070732244783035e-13,9.39542992138322e-13,2.3382914275456057e-12,3.9982554243534927e-13,3.383979411131122e-12,4.030981854182481e-13,0.0,0.0
2.4091839634365897e-14,6.776263578034403e-19,7.806255641895632e-17,3.7947076036992655e-19,9.486769009248164e-19,3.7947076036992655e-19,9.486769009248164e-19,0.0,0.0,4.210436419278928e-12,1.515767963554557e-11,1.7496059697969302e-11,5.736073305668004e-11,9.087553768069343e-12,8.370898847522954e-11,9.16437103555194e-12,nan,0.0
2.4424906541753444e-15,6.776263578034403e-20,5.204170427930421e-18,2.710505431213761e-20,1.0842021724855044e-19,2.710505431213761e-20,1.0842021724855044e-19,0.0,0.0,2.9564558731623205e-13,8.069107626283864e-13,9.39540325233824e-13,2.391626619520374e-12,3.9932537745354475e-13,3.489681674853377e-12,4.0269864929935497e-13,0.0,0.0
2.2870594307278225e-14,6.776263578034403e-19,7.806255641895632e-17,3.7947076036992655e-19,9.486769009248164e-19,3.7947076036992655e-19,9.486769009248164e-19,0.0,0.0,4.114638046366394e-12,1.5149222799582782e-11,1.749601192417167e-11,5.866899967515154e-11,9.076494848051825e-12,8.63237079475666e-11,9.155576470744182e-12,nan,0.0
2.3314683517128287e-15,6.776263578034403e-20,5.204170427930421e-18,2.710505431213761e-20,1.0842021724855044e-19,2.710505431213761e-20,1.0842021724855044e-19,0.0,0.0,2.7977254787917943e-13,8.067501410804537e-13,9.395377148369271e-13,2.446178225230788e-12,3.9883943231929454e-13,3.5986854327830244e-12,4.0231210264030355e-13,0.0,0.0
2.220446049250313e-14,6.776263578034403e-19,7.806255641895632e-17,3.7947076036992655e-19,9.486769009248164e-19,3.7947076036992655e-19,9.486769009248164e-19,0.0,0.0,4.058913704817279e-12,1.5140769287708326e-11,1.749596515622864e-11,6.000709892030066e-11,9.065750606287497e-12,8.90200940363995e-11,9.147067391096506e-12,nan,0.0
2.220446049250313e-15,6.776263578034403e-20,5.204170427930421e-18,2.710505431213761e-20,1.0842021724855044e-19,2.710505431213761e-20,1.0842021724855044e-19,0.0,0.0,2.6645542472401525e-13,8.065909268802361e-13,9.395351593107467e-13,2.5019739830552653e-12,3.9836731884946763e-13,3.711093789217516e-12,4.0193810410712907e-13,0.0,0.0
2.19824158875781e-14,6.776263578034403e-19,7.806255641895632e-17,3.7947076036992655e-19,9.486769009248164e-19,3.7947076036992655e-19,9.486769009248164e-19,0.0,0.0,4.060409980858701e-12,1.513233875321513e-11,1.7495919364807017e-11,6.137571091577052e-11,9.055312490872618e-12,9.180069709389739e-11,9.13883412963314e-12,nan,0.0
2.220446049250313e-15,6.776263578034403e-20,5.204170427930421e-18,2.710505431213761e-20,1.0842021724855044e-19,2.710505431213761e-20,1.0842021724855044e-19,0.0,0.0,2.6646086465275345e-13,8.064327019144756e-13,9.39532657066537e-13,2.559042263699e-12,3.979086611733596e-13,3.827013067458273e-12,4.015762287890201e-13,0.0,0.0
2.2093438190040615e-14,6.776263578034403e-19,7.806255641895632e-17,3.7947076036992655e-19,9.486769009248164e-19,3.7947076036992655e-19,9.486769009248164e-19,0.0,0.0,4.0448975293342e-12,1.512395202749894e-11,1.7495874521416867e-11,6.277553130009543e-11,9.045172219614768e-12,9.466814709604879e-11,9.130867377126606e-12,nan,0.0
2.220446049250313e-15,6.776263578034403e-20,5.204170427930421e-18,2.710505431213761e-20,1.0842021724855044e-19,2.710505431213761e-20,1.0842021724855044e-19,0.0,0.0,2.723284634486801e-13,8.062750736989407e-13,9.395302065621852e-13,2.6174120846016773e-12,3.974630952643969e-13,3.946552910254079e-12,4.01226067500564e-13,0.0,0.0
2.2870594307278225e-14,6.776263578034403e-19,7.806255641895632e-17,3.7947076036992655e-19,9.486769009248164e-19,3.7947076036992655e-19,9.486769009248164e-19,0.0,0.0,4.167178538718157e-12,1.5115630505024876e-11,1.749583059839138e-11,6.420727158096524e-11,9.0353217698562e-12,9.76251561272788e-11,9.123158167016059e-12,nan,0.0
2.220446049250313e-15,6.776263578034403e-20,5.204170427930421e-18,2.710505431213761e-20,1.0842021724855044e-19,2.710505431213761e-20,1.0842021724855044e-19,0.0,0.0,2.723368338006891e-13,8.061176853538378e-13,9.395278063007356e-13,2.6771131246734986e-12,3.9703026849316287e-13,4.069826383375115e-12,4.008872261187628e-13,0.0,0.0
2.3092638912203256e-14,6.776263578034403e-19,7.806255641895632e-17,3.7947076036992655e-19,9.486769009248164e-19,3.7947076036992655e-19,9.486769009248164e-19,0.0,0.0,4.197285795714457e-12,1.5107395508427386e-11,1.7495787568867748e-11,6.567165949713009e-11,9.025753368749977e-12,1.0067452094243245e-10,9.115697861070373e-12,nan,0.0
2.3314683517128287e-15,6.776263578034403e-20,5.204170427930421e-18,2.710505431213761e-20,1.0842021724855044e-19,2.710505431213761e-20,1.0842021724855044e-19,0.0,0.0,2.7980089709201676e-13,8.059602243216727e-13,9.395254548289727e-13,2.7381757393669764e-12,3.966098392006137e-13,4.196950082414986e-12,4.005593249527918e-13,0.0,0.0
2.19824158875781e-14,6.776263578034403e-19,7.806255641895632e-17,3.7947076036992655e-19,9.486769009248164e-19,3.7947076036992655e-19,9.486769009248164e-19,0.0,0.0,4.1687143300747155e-12,1.5099267661129325e-11,1.7495745406768962e-11,6.716943938809752e-11,9.01645948396534e-12,1.0381912560852246e-10,9.108478135752892e-12,nan,0.0
2.220446049250313e-15,6.776263578034403e-20,5.204170427930421e-18,2.710505431213761e-20,1.0842021724855044e-19,2.710505431213761e-20,1.0842021724855044e-19,0.0,0.0,2.6648222646254894e-13,8.058024294313605e-13,9.395231507360534e-13,2.800630976092087e-12,3.962014762904172e-13,4.32804424292106e-12,4.002419981446068e-13,0.0,0.0
