-18.025112077782264
-18.025112077782264
-18.025112077782264
-18.025112077782264
-18.025112077782264
-18.025112077782264
-18.025112077782264
-18.025112077782264
-18.025112077782264
-18.025112077782264
-18.025112077782264
-18.025112077782264
-18.025112077782264
-18.025112077782264
-18.025112077782264
-18.025112077782264
-18.025112077782264
-18.025112077782264
-18.025112077782264
-18.025112077782264
-18.025112077782264
-18.025112077782264
-18.025112077782264
-18.025112077782264
-18.025112077782264
-18.025112077782264
-18.65564921704382
-18.65564921704382
-18.65564921704382
-18.65564921704382
-18.65564921704382
-18.65564921704382
-18.65564921704382
-18.65564921704382
-18.65564921704382
-18.65564921704382
-18.65564921704382
-18.65564921704382
-18.65564921704382
-18.65564921704382
-18.65564921704382
-18.65564921704382
-18.65564921704382
-18.65564921704382
-18.65564921704382
-18.65564921704382
-18.65564921704382
-18.65564921704382
