[1.59872116e-14 6.77626358e-19 7.80625564e-17 3.79470760e-19
 9.48676901e-19 3.79470760e-19 9.48676901e-19 0.00000000e+00
 3.70576914e-22],[2.01143453e-12 1.58283050e-11 1.74999323e-11 2.07803288e-11
 1.01342174e-11 2.09545687e-11 1.01325663e-11 0.00000000e+00
 9.48483370e-13],[7.77156117e-16 6.77626358e-20 5.20417043e-18 2.71050543e-20
 1.08420217e-19 2.71050543e-20 1.08420217e-19 0.00000000e+00
 5.29395592e-23],[9.60371781e-14 8.31400876e-13 9.39753085e-13 8.66503587e-13
 4.45311820e-13 8.73768988e-13 4.45239265e-13 0.00000000e+00
 7.99942490e-14]
[1.43218770e-14 6.77626358e-19 7.80625564e-17 3.79470760e-19
 9.48676901e-19 3.79470760e-19 9.48676901e-19 0.00000000e+00
 7.41153829e-22],[2.07814905e-12 1.66190170e-11 1.81261209e-11 2.19191776e-11
 1.04562485e-11 2.22823813e-11 1.04532704e-11 0.00000000e+00
 1.21514360e-12],[9.99200722e-16 6.77626358e-20 5.20417043e-18 2.71050543e-20
 1.08420217e-19 2.71050543e-20 1.08420217e-19 0.00000000e+00
 1.05879118e-22],[1.23516818e-13 8.43776396e-13 9.39744995e-13 8.86415154e-13
 4.43452475e-13 9.01334064e-13 4.43324224e-13 0.00000000e+00
 9.14148130e-14]
[ 1.38777878e-14  6.64073831e-19  7.45931095e-17  3.65918233e-19
  8.94466792e-19  3.65918233e-19  9.21571847e-19 -4.23516474e-22
 -2.11758237e-22],[2.23906284e-12 1.63012880e-11 1.67941250e-11 2.14020877e-11
 9.58382326e-12 2.19395218e-11 9.99495712e-12 3.85335424e-13
 4.92579692e-13],[1.11022302e-15 6.77626358e-20 5.20417043e-18 2.71050543e-20
 1.08420217e-19 2.71050543e-20 1.08420217e-19 0.00000000e+00
 0.00000000e+00],[1.34316081e-13 8.38602297e-13 8.96028389e-13 8.73840786e-13
 4.14882816e-13 8.96015295e-13 4.28101736e-13 1.83147459e-14
 2.31681040e-14]
[ 1.43218770e-14  7.04731412e-19  7.80625564e-17  3.59141970e-19
  8.94466792e-19  3.59141970e-19  9.21571847e-19 -4.23516474e-22
  4.23516474e-22],[2.37443277e-12 1.78817204e-11 1.79121694e-11 2.11812937e-11
 9.19953271e-12 2.18927807e-11 9.60860080e-12 4.81221450e-13
 5.15474353e-13],[1.22124533e-15 6.77626358e-20 5.20417043e-18 2.71050543e-20
 1.08420217e-19 2.71050543e-20 1.08420217e-19 8.47032947e-22
 4.23516474e-22],[1.51002477e-13 9.05613557e-13 9.39729398e-13 8.76982552e-13
 4.13251585e-13 9.06699539e-13 4.26394435e-13 2.75902399e-14
 2.38130679e-14]
[1.57651669e-14 7.04731412e-19 7.80625564e-17 3.59141970e-19
 8.94466792e-19 3.59141970e-19 9.21571847e-19 8.47032947e-22
 0.00000000e+00],[2.57850391e-12 1.81122362e-11 1.79111945e-11 2.16673434e-11
 9.16423567e-12 2.25819792e-11 9.57143460e-12 3.57529334e-13
 2.70189729e-13],[1.22124533e-15 6.77626358e-20 5.20417043e-18 2.71050543e-20
 1.08420217e-19 2.71050543e-20 1.08420217e-19 8.47032947e-22
 4.23516474e-22],[1.51012315e-13 9.19403198e-13 9.39721792e-13 8.97107828e-13
 4.11667717e-13 9.35243764e-13 4.24747270e-13 1.83899937e-14
 1.93067411e-14]
[1.72084569e-14 7.04731412e-19 8.15320034e-17 3.79470760e-19
 1.02999206e-18 3.79470760e-19 1.05709712e-18 5.08219768e-21
 1.69406589e-21],[2.86591153e-12 1.90378947e-11 1.98532784e-11 2.42385513e-11
 1.13136652e-11 2.54687163e-11 1.17183244e-11 2.00969377e-12
 1.69494595e-12],[1.44328993e-15 6.77626358e-20 5.20417043e-18 2.71050543e-20
 1.08420217e-19 2.71050543e-20 1.08420217e-19 2.54109884e-21
 8.47032947e-22],[1.78474385e-13 9.33461600e-13 9.83421832e-13 9.70517481e-13
 4.76294218e-13 1.02010138e-12 4.89295502e-13 8.84685672e-14
 7.71511058e-14]
[1.55431223e-14 6.91178885e-19 7.97972799e-17 3.72694497e-19
 1.00288701e-18 3.72694497e-19 1.02999206e-18 5.92923063e-21
 1.69406589e-21],[2.55446574e-12 1.88320070e-11 1.93338589e-11 2.43599915e-11
 1.09563253e-11 2.58079641e-11 1.13599477e-11 2.05397783e-12
 1.47036275e-12],[1.44328993e-15 6.77626358e-20 5.20417043e-18 2.71050543e-20
 1.08420217e-19 2.71050543e-20 1.08420217e-19 2.54109884e-21
 8.47032947e-22],[1.78475792e-13 9.28860674e-13 9.61560129e-13 9.74617892e-13
 4.61394676e-13 1.03284139e-12 4.74368156e-13 8.62042313e-14
 6.51936759e-14]
[1.57651669e-14 7.18283939e-19 8.50014503e-17 3.72694497e-19
 1.08420217e-18 3.72694497e-19 1.11130723e-18 1.18584613e-20
 3.38813179e-21],[2.68960364e-12 2.04583538e-11 2.11839465e-11 2.56795114e-11
 1.20353720e-11 2.74258811e-11 1.24508461e-11 3.36589467e-12
 2.39299289e-12],[1.55431223e-15 8.13151629e-20 8.67361738e-18 2.71050543e-20
 1.08420217e-19 2.71050543e-20 1.08420217e-19 5.08219768e-21
 1.69406589e-21],[1.92102345e-13 9.81720215e-13 1.02711237e-12 9.96861676e-13
 4.99186225e-13 1.06510620e-12 5.12122401e-13 1.48093668e-13
 1.13241786e-13]
[1.72084569e-14 7.18283939e-19 8.50014503e-17 3.72694497e-19
 1.11130723e-18 3.72694497e-19 1.13841228e-18 8.47032947e-21
 3.38813179e-21],[2.81224287e-12 2.07021054e-11 2.11803631e-11 2.62662284e-11
 1.20465687e-11 2.82839298e-11 1.24614651e-11 2.04724862e-12
 2.15328311e-12],[1.99840144e-15 8.13151629e-20 8.67361738e-18 2.71050543e-20
 1.08420217e-19 2.71050543e-20 1.08420217e-19 3.38813179e-21
 1.69406589e-21],[2.47009850e-13 9.96974504e-13 1.02710328e-12 1.01961446e-12
 5.10575005e-13 1.09837906e-12 5.23499127e-13 9.27666290e-14
 1.00457375e-13]
[1.86517468e-14 7.18283939e-19 8.50014503e-17 3.65918233e-19
 1.08420217e-18 3.65918233e-19 1.11130723e-18 1.01643954e-20
 3.81164826e-21],[2.71594699e-12 2.10561663e-11 2.11759149e-11 2.63457661e-11
 1.16540964e-11 2.86036826e-11 1.20688040e-11 2.34025355e-12
 2.22191676e-12],[1.99840144e-15 8.13151629e-20 8.67361738e-18 2.71050543e-20
 1.08420217e-19 2.71050543e-20 1.08420217e-19 3.38813179e-21
 1.69406589e-21],[2.47019548e-13 1.01254390e-12 1.02709360e-12 1.02357518e-12
 4.95832242e-13 1.11171570e-12 5.08763780e-13 9.91701018e-14
 1.01817188e-13]
[1.86517468e-14 6.36968776e-19 7.45931095e-17 3.79470760e-19
 1.13841228e-18 3.65918233e-19 1.13841228e-18 1.69406589e-20
 5.92923063e-21],[2.60397394e-12 1.94436095e-11 1.89014990e-11 2.78156475e-11
 1.22538235e-11 2.96927625e-11 1.24472765e-11 3.23879985e-12
 3.42062250e-12],[1.77635684e-15 8.13151629e-20 8.67361738e-18 2.71050543e-20
 1.08420217e-19 2.71050543e-20 1.08420217e-19 3.38813179e-21
 1.69406589e-21],[2.19577163e-13 9.07436213e-13 8.95966144e-13 1.08644756e-12
 5.20243300e-13 1.14644487e-12 5.20180653e-13 1.49080759e-13
 1.44440151e-13]
[1.90958360e-14 6.36968776e-19 7.45931095e-17 3.79470760e-19
 1.13841228e-18 3.65918233e-19 1.13841228e-18 1.86347248e-20
 5.08219768e-21],[2.82340374e-12 1.96603509e-11 1.88957278e-11 2.84514154e-11
 1.22152048e-11 3.06221028e-11 1.24095920e-11 3.42489612e-12
 2.58894852e-12],[1.99840144e-15 8.13151629e-20 8.67361738e-18 2.71050543e-20
 1.08420217e-19 2.71050543e-20 1.08420217e-19 3.38813179e-21
 1.69406589e-21],[2.47026382e-13 9.21730606e-13 8.95956167e-13 1.11124936e-12
 5.18608728e-13 1.18225910e-12 5.18611486e-13 1.49404352e-13
 1.14026088e-13]
[1.76525461e-14 6.77626358e-19 7.80625564e-17 3.86247024e-19
 1.24683250e-18 3.72694497e-19 1.24683250e-18 2.54109884e-20
 9.31736242e-21],[2.67261179e-12 2.16926730e-11 2.02603744e-11 2.98244668e-11
 1.38324456e-11 3.23850116e-11 1.40281846e-11 4.65138761e-12
 5.08628300e-12],[1.99840144e-15 8.13151629e-20 8.67361738e-18 2.71050543e-20
 1.08420217e-19 2.71050543e-20 1.08420217e-19 3.38813179e-21
 1.69406589e-21],[2.47025367e-13 9.98729501e-13 9.39649779e-13 1.15728457e-12
 5.68725544e-13 1.24219590e-12 5.68808954e-13 1.87158185e-13
 1.94107130e-13]
[1.88737914e-14 7.04731412e-19 7.80625564e-17 3.79470760e-19
 1.27393755e-18 3.72694497e-19 1.24683250e-18 2.71050543e-20
 1.01643954e-20],[2.90405972e-12 2.26088834e-11 2.02089902e-11 3.00838066e-11
 1.39973980e-11 3.33511041e-11 1.39627132e-11 4.29361443e-12
 4.85825421e-12],[1.88737914e-15 8.13151629e-20 8.67361738e-18 2.71050543e-20
 1.08420217e-19 2.71050543e-20 1.08420217e-19 3.38813179e-21
 1.69406589e-21],[2.33300248e-13 1.05686252e-12 9.39636889e-13 1.16256880e-12
 5.79920758e-13 1.28100162e-12 5.67205109e-13 1.84674186e-13
 1.97965299e-13]
[1.79856130e-14 7.04731412e-19 7.80625564e-17 3.79470760e-19
 1.27393755e-18 3.72694497e-19 1.24683250e-18 2.37169225e-20
 1.10114283e-20],[2.79772741e-12 2.28456997e-11 2.01989906e-11 3.07712776e-11
 1.39567695e-11 3.43944886e-11 1.39245321e-11 3.67158561e-12
 5.07490358e-12],[1.88737914e-15 8.13151629e-20 8.67361738e-18 2.71050543e-20
 1.08420217e-19 2.71050543e-20 1.08420217e-19 3.38813179e-21
 1.69406589e-21],[2.33298162e-13 1.07371305e-12 9.39622430e-13 1.18911275e-12
 5.78241926e-13 1.32101975e-12 5.65658660e-13 1.50368343e-13
 2.01664838e-13]
[1.88737914e-14 7.04731412e-19 7.80625564e-17 3.79470760e-19
 1.32814766e-18 3.72694497e-19 1.30104261e-18 3.04931861e-20
 1.18584613e-20],[2.79492090e-12 2.30807041e-11 2.01875282e-11 3.14744620e-11
 1.41479879e-11 3.54704663e-11 1.41185045e-11 3.78819620e-12
 4.60528595e-12],[1.88737914e-15 8.13151629e-20 8.67361738e-18 2.71050543e-20
 1.08420217e-19 2.71050543e-20 1.08420217e-19 6.77626358e-21
 1.69406589e-21],[2.33295019e-13 1.09090502e-12 9.39606147e-13 1.21626424e-12
 6.02240151e-13 1.36228819e-12 5.89811253e-13 1.69914223e-13
 1.94947832e-13]
[2.08721929e-14 7.31836466e-19 8.15320034e-17 3.93023288e-19
 1.40946282e-18 3.82858892e-19 1.38235777e-18 3.72694497e-20
 1.52465931e-20],[3.01350580e-12 2.34869988e-11 2.03483258e-11 3.23748603e-11
 1.42624297e-11 3.67365587e-11 1.42358639e-11 3.71450558e-12
 4.98437839e-12],[1.88737914e-15 8.13151629e-20 8.67361738e-18 2.71050543e-20
 1.08420217e-19 2.71050543e-20 1.08420217e-19 6.77626358e-21
 2.54109884e-21],[2.33291287e-13 1.15278853e-12 9.83289522e-13 1.28927489e-12
 6.38924517e-13 1.44386950e-12 6.26675227e-13 1.95871262e-13
 2.38800035e-13]
[1.90958360e-14 7.58941521e-19 8.50014503e-17 4.06575815e-19
 1.43656788e-18 3.89635156e-19 1.43656788e-18 4.06575815e-20
 1.52465931e-20],[2.95660457e-12 2.57999287e-11 2.24703204e-11 3.54699837e-11
 1.48616093e-11 3.92765433e-11 1.54766281e-11 4.36108193e-12
 4.98053845e-12],[1.99840144e-15 8.13151629e-20 8.67361738e-18 2.71050543e-20
 1.08420217e-19 2.71050543e-20 1.08420217e-19 6.77626358e-21
 2.54109884e-21],[2.47010282e-13 1.21647482e-12 1.02696858e-12 1.36498732e-12
 6.49964183e-13 1.51580445e-12 6.50645277e-13 2.02233989e-13
 2.28279888e-13]
[1.78745907e-14 7.58941521e-19 8.50014503e-17 4.06575815e-19
 1.43656788e-18 3.89635156e-19 1.43656788e-18 4.06575815e-20
 1.52465931e-20],[2.91872130e-12 2.60545829e-11 2.24523023e-11 3.62802913e-11
 1.48229344e-11 4.05045607e-11 1.54396314e-11 4.13947568e-12
 4.77460235e-12],[1.99840144e-15 8.13151629e-20 8.67361738e-18 2.71050543e-20
 1.08420217e-19 2.71050543e-20 1.08420217e-19 6.77626358e-21
 2.54109884e-21],[2.47006081e-13 1.23623588e-12 1.02694294e-12 1.39615960e-12
 6.48276442e-13 1.56315842e-12 6.49093256e-13 1.91995204e-13
 2.18877466e-13]
[1.68753900e-14 7.31836466e-19 8.32667268e-17 3.99799551e-19
 1.38235777e-18 3.79470760e-19 1.38235777e-18 4.40457133e-20
 1.43995601e-20],[2.98175301e-12 2.52651242e-11 2.19814215e-11 3.65534474e-11
 1.42020526e-11 4.07030218e-11 1.48197369e-11 4.50500635e-12
 4.34329235e-12],[2.22044605e-15 8.13151629e-20 8.67361738e-18 2.71050543e-20
 1.08420217e-19 2.71050543e-20 1.08420217e-19 6.77626358e-21
 2.54109884e-21],[2.74446251e-13 1.20989223e-12 1.00506481e-12 1.40384126e-12
 6.21279777e-13 1.56919564e-12 6.22199626e-13 1.98012430e-13
 1.98734944e-13]
[1.68753900e-14 7.31836466e-19 8.32667268e-17 3.99799551e-19
 1.38235777e-18 3.79470760e-19 1.38235777e-18 4.74338450e-20
 1.43995601e-20],[3.03810485e-12 2.55105592e-11 2.19597361e-11 3.73884501e-11
 1.41670518e-11 4.19754181e-11 1.47865953e-11 4.54662732e-12
 4.18515282e-12],[2.22044605e-15 8.13151629e-20 8.67361738e-18 2.71050543e-20
 1.08420217e-19 2.71050543e-20 1.08420217e-19 6.77626358e-21
 2.54109884e-21],[2.74440692e-13 1.22976835e-12 1.00503296e-12 1.43590417e-12
 6.19751691e-13 1.61821787e-12 6.20810765e-13 2.03518248e-13
 1.91521534e-13]
[1.58761893e-14 7.04731412e-19 7.97972799e-17 3.69306365e-19
 1.24683250e-18 3.48977574e-19 1.21972744e-18 4.06575815e-20
 1.35525272e-20],[3.13464428e-12 2.40773930e-11 2.02397193e-11 3.47135730e-11
 1.20257757e-11 3.90592668e-11 1.23650695e-11 3.67994968e-12
 3.92232241e-12],[1.77635684e-15 8.13151629e-20 8.67361738e-18 2.71050543e-20
 1.08420217e-19 2.71050543e-20 1.08420217e-19 6.77626358e-21
 1.69406589e-21],[2.19546902e-13 1.20201913e-12 9.61301664e-13 1.35475012e-12
 5.55179533e-13 1.53223586e-12 5.43616616e-13 1.66866039e-13
 1.74091741e-13]
[1.66533454e-14 7.86046575e-19 8.84708973e-17 3.76082629e-19
 1.43656788e-18 3.55753838e-19 1.40946282e-18 7.45388994e-20
 2.20228566e-20],[2.98526622e-12 2.84150497e-11 2.36555331e-11 3.62473578e-11
 1.47929037e-11 4.11406072e-11 1.51657070e-11 7.61959576e-12
 6.93953284e-12],[1.88737914e-15 8.13151629e-20 8.67361738e-18 2.71050543e-20
 1.08420217e-19 2.71050543e-20 1.08420217e-19 1.35525272e-20
 3.38813179e-21],[2.33260405e-13 1.36867381e-12 1.07049781e-12 1.41159582e-12
 6.42004287e-13 1.61139294e-12 6.30791605e-13 2.93236730e-13
 2.73766358e-13]
[1.59872116e-14 8.13151629e-19 9.02056208e-17 3.76082629e-19
 1.51788304e-18 3.55753838e-19 1.46367293e-18 8.13151629e-20
 2.37169225e-20],[3.25381491e-12 2.97156586e-11 2.41353787e-11 3.70759325e-11
 1.56636694e-11 4.24277289e-11 1.57393522e-11 8.02265687e-12
 6.99261408e-12],[1.77635684e-15 8.13151629e-20 8.67361738e-18 2.71050543e-20
 1.08420217e-19 2.71050543e-20 1.08420217e-19 1.35525272e-20
 3.38813179e-21],[2.19531112e-13 1.44132745e-12 1.09229604e-12 1.44384075e-12
 6.78227807e-13 1.66173389e-12 6.54697004e-13 3.07211231e-13
 2.85822497e-13]
[1.82076576e-14 7.99599102e-19 8.67361738e-17 3.79470760e-19
 1.49077799e-18 3.48977574e-19 1.51788304e-18 8.80914265e-20
 2.37169225e-20],[3.50382980e-12 2.96573693e-11 2.28381372e-11 3.89805931e-11
 1.53541519e-11 4.34174429e-11 1.63502544e-11 8.08162799e-12
 6.49610745e-12],[1.77635684e-15 8.13151629e-20 8.67361738e-18 2.71050543e-20
 1.08420217e-19 2.71050543e-20 1.08420217e-19 1.35525272e-20
 3.38813179e-21],[2.19528171e-13 1.44041875e-12 1.04855215e-12 1.49037273e-12
 6.64198899e-13 1.68037296e-12 6.78547644e-13 3.20172108e-13
 2.77552113e-13]
[1.85407245e-14 8.13151629e-19 9.02056208e-17 3.82858892e-19
 1.51788304e-18 3.52365706e-19 1.54498810e-18 8.80914265e-20
 2.54109884e-20],[3.56565368e-12 3.11819579e-11 2.51502834e-11 4.06456540e-11
 1.60215071e-11 4.57334149e-11 1.70216824e-11 8.15567808e-12
 7.18597919e-12],[1.88737914e-15 8.13151629e-20 8.67361738e-18 2.71050543e-20
 1.08420217e-19 2.71050543e-20 1.08420217e-19 1.35525272e-20
 5.08219768e-21],[2.33249050e-13 1.49068790e-12 1.09218155e-12 1.53827891e-12
 6.75277307e-13 1.75002632e-12 6.89805019e-13 3.08505417e-13
 2.89210196e-13]
[1.83186799e-14 8.13151629e-19 9.02056208e-17 3.82858892e-19
 1.51788304e-18 3.52365706e-19 1.54498810e-18 8.47032947e-20
 3.04931861e-20],[3.51287499e-12 3.14664640e-11 2.51097097e-11 4.15747115e-11
 1.59878917e-11 4.71639417e-11 1.69903886e-11 7.46656938e-12
 8.20139486e-12],[1.99840144e-15 8.13151629e-20 8.67361738e-18 2.71050543e-20
 1.08420217e-19 2.71050543e-20 1.08420217e-19 1.35525272e-20
 5.08219768e-21],[2.46971048e-13 1.51636243e-12 1.09211474e-12 1.57342287e-12
 6.73865542e-13 1.80469873e-12 6.88541287e-13 2.86254786e-13
 3.37991888e-13]
[1.78745907e-14 8.13151629e-19 9.02056208e-17 3.86247024e-19
 1.59919820e-18 3.52365706e-19 1.62630326e-18 9.14795583e-20
 2.54109884e-20],[3.56587580e-12 3.17514075e-11 2.50660394e-11 4.26848370e-11
 1.63661813e-11 4.86398182e-11 1.73725221e-11 6.67969828e-12
 5.73971403e-12],[2.10942375e-15 8.13151629e-20 8.67361738e-18 2.71050543e-20
 1.08420217e-19 2.71050543e-20 1.08420217e-19 1.35525272e-20
 3.38813179e-21],[2.60694656e-13 1.54274609e-12 1.09204092e-12 1.62387034e-12
 7.09855181e-13 1.86107932e-12 7.24810693e-13 2.98746692e-13
 2.74660141e-13]
[1.73194792e-14 7.99599102e-19 8.84708973e-17 3.86247024e-19
 1.57209315e-18 3.52365706e-19 1.59919820e-18 8.13151629e-20
 3.21872520e-20],[3.54895187e-12 3.16511040e-11 2.46784342e-11 4.36607405e-11
 1.61347638e-11 5.01616535e-11 1.71429794e-11 5.53816958e-12
 8.02079187e-12],[2.22044605e-15 8.13151629e-20 8.67361738e-18 2.71050543e-20
 1.08420217e-19 2.71050543e-20 1.08420217e-19 1.35525272e-20
 3.38813179e-21],[2.74418974e-13 1.54280910e-12 1.07012037e-12 1.66097335e-12
 6.96020472e-13 1.91922145e-12 7.11091606e-13 2.56940287e-13
 3.39661439e-13]
[1.93178806e-14 7.99599102e-19 8.84708973e-17 3.86247024e-19
 1.57209315e-18 3.52365706e-19 1.59919820e-18 1.01643954e-19
 2.71050543e-20],[3.63221115e-12 3.19333870e-11 2.46289119e-11 4.46587205e-11
 1.61035488e-11 5.17305489e-11 1.71144085e-11 7.92334419e-12
 6.40340380e-12],[2.10942375e-15 8.13151629e-20 8.67361738e-18 2.71050543e-20
 1.08420217e-19 2.71050543e-20 1.08420217e-19 1.35525272e-20
 3.38813179e-21],[2.60702495e-13 1.57024366e-12 1.07003275e-12 1.69892595e-12
 6.94678968e-13 1.97918016e-12 7.09910524e-13 3.11129653e-13
 2.79564012e-13]
[1.85407245e-14 7.86046575e-19 8.84708973e-17 3.69306365e-19
 1.51788304e-18 3.42201311e-19 1.54498810e-18 1.08420217e-19
 3.38813179e-20],[3.67292033e-12 3.21215534e-11 2.45760935e-11 4.54162633e-11
 1.59989198e-11 5.31494706e-11 1.70121746e-11 6.89450070e-12
 7.29179445e-12],[1.99840144e-15 8.13151629e-20 8.67361738e-18 2.71050543e-20
 1.08420217e-19 2.71050543e-20 1.08420217e-19 1.35525272e-20
 5.08219768e-21],[2.46986550e-13 1.57045200e-12 1.06993671e-12 1.66016959e-12
 6.68612462e-13 1.98098243e-12 6.83900106e-13 3.21849713e-13
 3.41905922e-13]
[2.06501483e-14 8.26704157e-19 9.71445147e-17 3.82858892e-19
 1.73472348e-18 3.48977574e-19 1.70761842e-18 1.08420217e-19
 4.57397792e-20],[3.79785792e-12 3.43335883e-11 2.74756919e-11 4.85127189e-11
 1.85163207e-11 5.66784053e-11 1.87988179e-11 6.48003729e-12
 1.02785765e-11],[1.88737914e-15 8.13151629e-20 8.67361738e-18 2.71050543e-20
 1.35525272e-19 2.71050543e-20 1.08420217e-19 2.03287907e-20
 5.08219768e-21],[2.33270710e-13 1.68470101e-12 1.17899822e-12 1.76158809e-12
 7.66264739e-13 2.08414105e-12 7.57326975e-13 3.12456398e-13
 4.52035004e-13]
[2.25375274e-14 8.26704157e-19 9.71445147e-17 3.82858892e-19
 1.73472348e-18 3.48977574e-19 1.70761842e-18 1.28749008e-19
 4.06575815e-20],[3.75751212e-12 3.46356759e-11 2.74089240e-11 4.96220605e-11
 1.84832696e-11 5.84519581e-11 1.87703776e-11 8.18014301e-12
 8.41371538e-12],[2.10942375e-15 8.13151629e-20 8.67361738e-18 2.71050543e-20
 1.35525272e-19 2.71050543e-20 1.08420217e-19 2.03287907e-20
 5.08219768e-21],[2.60721836e-13 1.71577558e-12 1.17887201e-12 1.80184545e-12
 7.64903375e-13 2.14925253e-12 7.56186076e-13 3.60566159e-13
 3.93858278e-13]
[2.22044605e-14 8.33480420e-19 1.00613962e-16 3.93023288e-19
 1.78893358e-18 3.55753838e-19 1.84314369e-18 1.42301535e-19
 4.74338450e-20],[3.80188442e-12 3.57559608e-11 2.89275094e-11 5.33063860e-11
 1.95109491e-11 6.24843943e-11 2.07240529e-11 9.43971190e-12
 1.05136357e-11],[2.33146835e-15 8.13151629e-20 8.67361738e-18 2.71050543e-20
 1.35525272e-19 2.71050543e-20 1.08420217e-19 2.03287907e-20
 5.08219768e-21],[2.88177346e-13 1.76267749e-12 1.22239150e-12 1.89283624e-12
 7.88212535e-13 2.26028741e-12 8.16975341e-13 3.87626129e-13
 4.50786471e-13]
[2.16493490e-14 8.33480420e-19 1.00613962e-16 3.93023288e-19
 1.78893358e-18 3.55753838e-19 1.84314369e-18 1.76182853e-19
 4.40457133e-20],[3.83740207e-12 3.60662516e-11 2.88492620e-11 5.45255351e-11
 1.94779505e-11 6.44399449e-11 2.06946578e-11 1.22885777e-11
 9.64108319e-12],[2.44249065e-15 8.13151629e-20 8.67361738e-18 2.71050543e-20
 1.35525272e-19 2.71050543e-20 1.08420217e-19 2.03287907e-20
 5.08219768e-21],[3.01912009e-13 1.79612349e-12 1.22223684e-12 1.93609707e-12
 7.86886360e-13 2.33090227e-12 8.15821880e-13 4.67204495e-13
 4.10970903e-13]
[2.33146835e-14 8.60585474e-19 1.04083409e-16 3.86247024e-19
 1.84314369e-18 3.50671640e-19 1.89735380e-18 1.69406589e-19
 4.74338450e-20],[3.96326891e-12 3.77351143e-11 2.99617444e-11 5.48371024e-11
 2.01579662e-11 6.54913192e-11 2.13823112e-11 1.06886705e-11
 9.87627863e-12],[2.66453526e-15 8.13151629e-20 8.67361738e-18 2.71050543e-20
 1.35525272e-19 2.71050543e-20 1.08420217e-19 2.03287907e-20
 5.08219768e-21],[3.29372893e-13 1.89225516e-12 1.26571461e-12 1.94560575e-12
 8.10147959e-13 2.36871773e-12 8.39394823e-13 4.37693567e-13
 4.34851003e-13]
[2.44249065e-14 8.47032947e-19 1.00613962e-16 3.79470760e-19
 1.78893358e-18 3.48977574e-19 1.84314369e-18 1.62630326e-19
 5.08219768e-20],[3.99049256e-12 3.71002750e-11 2.82268837e-11 5.46734719e-11
 1.91451192e-11 6.70606419e-11 2.03675514e-11 9.75262245e-12
 1.09029203e-11],[2.66453526e-15 8.13151629e-20 8.67361738e-18 2.71050543e-20
 1.35525272e-19 2.71050543e-20 1.08420217e-19 2.03287907e-20
 5.08219768e-21],[3.29388653e-13 1.89790340e-12 1.22188813e-12 1.95453970e-12
 7.84346428e-13 2.43068735e-12 8.13628561e-13 4.09708787e-13
 4.58088134e-13]
[2.49800181e-14 8.40256684e-19 1.00613962e-16 3.79470760e-19
 1.78893358e-18 3.50671640e-19 1.84314369e-18 1.62630326e-19
 4.91279109e-20],[4.14049737e-12 3.69362469e-11 2.81370659e-11 5.59237035e-11
 1.91152877e-11 6.95547398e-11 2.03413453e-11 9.69836134e-12
 9.97333622e-12],[2.77555756e-15 8.13151629e-20 8.67361738e-18 2.71050543e-20
 1.35525272e-19 2.71050543e-20 1.08420217e-19 2.03287907e-20
 5.08219768e-21],[3.43131178e-13 1.91964279e-12 1.22169270e-12 1.99921703e-12
 7.83130528e-13 2.51903531e-12 8.12586037e-13 3.99787276e-13
 4.35666424e-13]
[2.46469511e-14 8.33480420e-19 9.71445147e-17 3.55753838e-19
 1.68051337e-18 3.33730981e-19 1.76182853e-18 1.62630326e-19
 4.91279109e-20],[4.10277477e-12 3.73221108e-11 2.76600232e-11 5.54749030e-11
 1.85242835e-11 7.00686848e-11 1.99594063e-11 8.91329056e-12
 9.75860301e-12],[2.55351296e-15 8.13151629e-20 8.67361738e-18 2.71050543e-20
 1.35525272e-19 2.71050543e-20 1.08420217e-19 2.03287907e-20
 5.08219768e-21],[3.15698394e-13 1.94214271e-12 1.17785789e-12 1.91478659e-12
 7.33077473e-13 2.46976731e-12 7.74688008e-13 3.90378888e-13
 4.28893128e-13]
[2.44249065e-14 8.47032947e-19 9.71445147e-17 3.55753838e-19
 1.68051337e-18 3.33730981e-19 1.76182853e-18 1.69406589e-19
 5.08219768e-20],[4.21027508e-12 3.86109393e-11 2.75624059e-11 5.67439256e-11
 1.84969382e-11 7.22620443e-11 1.99353165e-11 9.40889323e-12
 1.02977168e-11],[2.66453526e-15 8.13151629e-20 8.67361738e-18 2.71050543e-20
 1.35525272e-19 2.71050543e-20 1.08420217e-19 2.03287907e-20
 5.08219768e-21],[3.29444748e-13 2.01541775e-12 1.17763979e-12 1.95855929e-12
 7.32001662e-13 2.54692747e-12 7.73757395e-13 3.97339083e-13
 4.37037805e-13]
[2.55351296e-14 8.53809211e-19 9.71445147e-17 3.59141970e-19
 1.68051337e-18 3.35425047e-19 1.78893358e-18 1.62630326e-19
 4.74338450e-20],[4.47798696e-12 3.97072195e-11 2.75218756e-11 5.92034511e-11
 1.84825825e-11 7.53747778e-11 2.06236657e-11 9.44822282e-12
 9.68902983e-12],[2.77555756e-15 8.13151629e-20 8.67361738e-18 2.71050543e-20
 1.35525272e-19 2.71050543e-20 1.08420217e-19 2.03287907e-20
 5.08219768e-21],[3.43193921e-13 2.07466440e-12 1.17740580e-12 2.02278457e-12
 7.30956549e-13 2.64010722e-12 7.85124940e-13 3.72952862e-13
 4.02013104e-13]
[2.60902411e-14 8.40256684e-19 9.71445147e-17 3.55753838e-19
 1.68051337e-18 3.30342849e-19 1.78893358e-18 1.76182853e-19
 5.08219768e-20],[4.46330411e-12 4.00386232e-11 2.74158186e-11 6.05573785e-11
 1.84567616e-11 7.77332553e-11 2.06003359e-11 9.28662426e-12
 9.34043650e-12],[2.77555756e-15 8.13151629e-20 8.67361738e-18 2.71050543e-20
 1.35525272e-19 2.71050543e-20 1.08420217e-19 2.03287907e-20
 5.08219768e-21],[3.43214336e-13 2.12279168e-12 1.17715131e-12 2.06938280e-12
 7.29932489e-13 2.72345144e-12 7.84231574e-13 3.80072888e-13
 4.10572145e-13]
[2.56461519e-14 8.67361738e-19 1.02348685e-16 3.72694497e-19
 1.84314369e-18 3.37119113e-19 1.89735380e-18 1.89735380e-19
 5.42101086e-20],[4.40649336e-12 4.19468069e-11 2.94095594e-11 6.52902601e-11
 2.09832565e-11 8.19556284e-11 2.22426355e-11 1.11035771e-11
 1.08799708e-11],[2.88657986e-15 8.13151629e-20 8.67361738e-18 2.71050543e-20
 1.35525272e-19 2.71050543e-20 1.08420217e-19 2.03287907e-20
 5.08219768e-21],[3.56964380e-13 2.26382205e-12 1.24224902e-12 2.21881792e-12
 8.01832132e-13 2.86730542e-12 8.32328717e-13 4.01815021e-13
 4.32987539e-13]
[2.59792188e-14 8.80914265e-19 1.02348685e-16 3.72694497e-19
 1.84314369e-18 3.37119113e-19 1.89735380e-18 1.82959117e-19
 5.42101086e-20],[4.39308587e-12 4.32797142e-11 2.92850632e-11 6.67832155e-11
 2.09555185e-11 8.45195483e-11 2.22190516e-11 1.02596345e-11
 1.04620406e-11],[2.77555756e-15 8.13151629e-20 8.67361738e-18 2.71050543e-20
 1.35525272e-19 2.71050543e-20 1.08420217e-19 2.03287907e-20
 5.08219768e-21],[3.43256246e-13 2.37238700e-12 1.24190878e-12 2.26998881e-12
 8.00768208e-13 2.95795169e-12 8.31439932e-13 3.78976478e-13
 4.27365442e-13]
[2.53130850e-14 8.80914265e-19 1.02348685e-16 3.62530101e-19
 1.84314369e-18 3.30342849e-19 1.92445886e-18 2.03287907e-19
 6.09863722e-20],[4.39404013e-12 4.38138459e-11 2.94234751e-11 6.65182597e-11
 2.11103598e-11 8.58134938e-11 2.27704215e-11 1.10517012e-11
 1.26345619e-11],[2.77555756e-15 8.13151629e-20 8.67361738e-18 2.71050543e-20
 1.35525272e-19 2.71050543e-20 1.08420217e-19 2.03287907e-20
 5.08219768e-21],[3.43276202e-13 2.44553358e-12 1.24151781e-12 2.25842645e-12
 7.99734842e-13 2.98982525e-12 8.42794821e-13 4.14233397e-13
 4.76454204e-13]
