0.0,0.0,0.0,0.0,0.9569209510128777,0.9568393703586056,0.9567613743055314,0.9566871248639102,0.9566165307369456,0.9565505436285783,0.9564898144377653,0.9564406579988903,0.0,0.0,0.0,0.0
0.0,0.0,0.0,0.0,0.9574811481745806,0.957400202090007,0.9573227821612725,0.9572490494664708,0.9571789131042401,0.957113319746334,0.9570529168376679,0.9570034594424094,0.0,0.0,0.0,0.0
0.0,0.0,0.0,0.0,0.9568537609708704,0.956772715075585,0.9566951477575834,0.9566212209194389,0.9565508429015026,0.9564849662002053,0.9564242422015306,0.956373886452169,0.0,0.0,0.0,0.0,0.956965190790712
0.0,0.0,0.0,0.0,0.9589799784327345,0.9589010750341356,0.9588254960606647,0.9587533999896015,0.9586846968455414,0.9586203198464225,0.9585609071725673,0.9585110084594977,0.0,0.0,0.0,0.0,0.9590849584636124
0.0,0.0,0.0,0.0,0.9606011031582177,0.9605240918918395,0.9604502479640462,0.9603797271440442,0.9603124406340684,0.9602493069219393,0.9601909540743194,0.9601413035124379,0.0,0.0,0.0,0.0,0.9606995463343769
0.0,0.0,0.0,0.0,0.9632272065270212,0.9631529511453474,0.9630816632827128,0.9630134944012623,0.9629483577772786,0.9628871477942584,0.9628304759968431,0.9627816158258469,0.0,0.0,0.0,0.0,0.9633178260673115
0.0,0.0,0.0,0.0,0.9659567978193669,0.9658854501792138,0.9658168593272873,0.9657511722048225,0.965688304251233,0.9656291245895909,0.9655742274454958,0.9655262600765919,0.0,0.0,0.0,0.0,0.9660393181168251
0.0,0.0,0.0,0.0,0.9681521988448287,0.9680834016590827,0.9680171612996605,0.9679536209819402,0.9678926978125139,0.9678352404748685,0.9677818291608659,0.9677345226538867,0.0,0.0,0.0,0.0,0.9682269958507219
0.0,0.0,0.0,0.0,0.9709552632188935,0.9708894890117385,0.9708260560329657,0.970765102787042,0.9707065486372732,0.9706512159238868,0.9705996667725304,0.9705533828594884,0.0,0.0,0.0,0.0,0.9710219703078858
0.0,0.0,0.0,0.0,0.9732295054130026,0.9731663591031865,0.9731053546641054,0.9730466267006402,0.9729900963544715,0.9729365644498275,0.9728865783399456,0.9728410764408084,0.0,0.0,0.0,0.0,0.973288673235499
0.0,0.0,0.0,0.0,0.9754719603042816,0.9754113880592409,0.9753527660375784,0.9752962249855408,0.9752416878260841,0.9751899340160574,0.9751414962395121,0.9750967936250173,0.0,0.0,0.0,0.0,0.9755239178642814
0.0,0.0,0.0,0.0,0.9776326920355266,0.9775745857562844,0.9775182492812718,0.9774638096257994,0.9774111914544235,0.9773611534944777,0.9773142141997241,0.9772702984018097,0.0,0.0,0.0,0.0,0.9776778777487103
0.0,0.0,0.0,0.0,0.9803260597057443,0.9802707626642985,0.9802170556382314,0.9801650610516671,0.9801147058770244,0.980066722785901,0.980021612370479,0.9799791478632673,0.0,0.0,0.0,0.0,0.9803645870172918
0.0,0.0,0.0,0.0,0.982198146847695,0.9821449925328701,0.9820932776944639,0.9820431214955911,0.9819944524570141,0.9819479850353197,0.9819042073183474,0.9818628979099842,0.0,0.0,0.0,0.0,0.9822308889748987
0.0,0.0,0.0,0.0,0.983911779522158,0.9838605741602952,0.9838106730375235,0.9837621923248244,0.9837150619769296,0.9836699796899815,0.9836274220469506,0.9835871726011332,0.0,0.0,0.0,0.0,0.9839393013536386
0.0,0.0,0.0,0.0,0.9857136581222151,0.9856643841826209,0.9856162901575867,0.9855694890942222,0.9855239125110239,0.9854802403857947,0.9854389371498791,0.9853997916361267,0.0,0.0,0.0,0.0,0.9857375036601547
0.0,0.0,0.0,0.0,0.9872910266437778,0.9872434470881795,0.9871969387176224,0.9871516118343291,0.9871073993340704,0.9870649656125058,0.9870247644139081,0.9869865892144063,0.0,0.0,0.0,0.0,0.9873116613882638
0.0,0.0,0.0,0.0,0.9885290499949609,0.9884828576634913,0.988437643266958,0.9883935149318002,0.9883504066204821,0.9883089704556494,0.9882696517586274,0.9882322476422364,0.0,0.0,0.0,0.0,0.9885469069747765
0.0,0.0,0.0,0.0,0.9896581901439211,0.9896132570193672,0.9895692179550403,0.9895261790908318,0.9894840753694967,0.9894435476855441,0.9894050336549477,0.9893683337210137,0.0,0.0,0.0,0.0,0.9896735526278015
0.0,0.0,0.0,0.0,0.9907465528821308,0.9907028269900134,0.990659915515475,0.99061792268225,0.9905767843849526,0.9905371306656815,0.9904993916934587,0.9904633711341236,0.0,0.0,0.0,0.0,0.9907595507877481
0.0,0.0,0.0,0.0,0.9919300823821745,0.9918876640390679,0.9918459745601721,0.9918051160834791,0.9917650255458275,0.9917263211546464,0.9916894249584167,0.9916541441403615,0.0,0.0,0.0,0.0,0.9919405439570539
0.0,0.0,0.0,0.0,0.9935797105651581,0.9935390772610874,0.9934990595992147,0.993459756812544,0.9934211073138657,0.993383712745848,0.9933479837942377,0.9933137325816617,0.0,0.0,0.0,0.0,0.9935868349704138
0.0,0.0,0.0,0.0,0.9959610215641351,0.9959229828732563,0.9958853952489952,0.9958483537069971,0.9958117988086926,0.9957763081213581,0.9957422758142056,0.9957095211873332,0.0,0.0,0.0,0.0,0.995963294490615
0.0,0.0,0.0,0.0,0.9976806659460036,0.9976445035006396,0.9976086740360826,0.9975732695071626,0.997538232045401,0.9975041217041369,0.9974713206371355,0.9974396533692365,0.0,0.0,0.0,0.0,0.997679462613852
0.0,0.0,0.0,0.0,0.9960131908251477,0.9959751869539395,0.9959376337393884,0.9959006261101877,0.9958641046823651,0.9958286464941459,0.9957946453538646,0.995761920727461,0.0,0.0,0.0,0.0,0.9960154618720513
0.0,0.0,0.0,0.0,0.993763316637388,0.9937228080686418,0.9936829132910165,0.9936437312326446,0.9936052004966203,0.9935679208742564,0.9935323017882852,0.9934981559408997,0.0,0.0,0.0,0.0,0.9937704209149794
0.0,0.0,0.0,0.0,0.9922670193711469,0.9922248323793819,0.992183370383423,0.9921427349633429,0.9921028634029564,0.9920643705258426,0.9920276760718055,0.9919925882825164,0.0,0.0,0.0,0.0,0.9922774283820557
0.0,0.0,0.0,0.0,0.9908525056868802,0.9908088530725818,0.9907660135527501,0.9907240911761029,0.9906830219458126,0.9906434348434116,0.9906057593142991,0.990569799355865,0.0,0.0,0.0,0.0,0.9908644005462235,0.99083122220881
0.0,0.0,0.0,0.0,0.9898664995287293,0.98982171144524,0.9897778146314081,0.9897349148836859,0.9896929473573428,0.9896525508673791,0.9896141616108577,0.9895775806808335,0.0,0.0,0.0,0.0,0.9898804609591431,0.9898458585143554
0.0,0.0,0.0,0.0,0.9887332074769858,0.9886871582380881,0.9886420840112325,0.9885980925869797,0.9885551181351253,0.9885138107462331,0.9884746143550145,0.9884373267088914,0.0,0.0,0.0,0.0,0.9887493465381519,0.9887132124631574
0.0,0.0,0.0,0.0,0.9875024693625384,0.9874550390389093,0.9874086766651559,0.9873634921964557,0.9873194187422498,0.9872771186003777,0.9872370440835746,0.9871989893227422,0.0,0.0,0.0,0.0,0.9875210128704154,0.9874832626355989
0.0,0.0,0.0,0.0,0.9862732628644545,0.9862243867740171,0.9861766814413803,0.9861302589976882,0.9860850515238139,0.9860417334658822,0.9860007654802765,0.9859619381253997,0.0,0.0,0.0,0.0,0.9862944732289998,0.9862550762982479
0.0,0.0,0.0,0.0,0.9847324375331509,0.9846818199457054,0.9846324922354855,0.9845845692347841,0.984537981717844,0.9844934193041722,0.9844513530647785,0.9844115690708954,0.0,0.0,0.0,0.0,0.9847566996888941,0.9847154393306367
0.0,0.0,0.0,0.0,0.9823958599085165,0.9823423343765684,0.9822902438911362,0.9822397073266866,0.9821906534304311,0.9821437947795648,0.9820996182076236,0.9820579029669297,0.0,0.0,0.0,0.0,0.9824261363514741,0.9823824941614967,0.9820280283614568
0.0,0.0,0.0,0.0,0.9803949915695941,0.9803391342306097,0.980284864652285,0.9802323051883218,0.9801813829176504,0.9801328299095792,0.9800871463795754,0.980044105825508,0.0,0.0,0.0,0.0,0.9804295807195046,0.9803837115020831,0.9800129250634347
0.0,0.0,0.0,0.0,0.9782150290598716,0.9781566179406803,0.9780999631885963,0.9780451909344823,0.9779922264605257,0.9779418229456344,0.9778944950985592,0.9778500101925341,0.0,0.0,0.0,0.0,0.9782543741671774,0.9782061078902445,0.977817421530453
0.0,0.0,0.0,0.0,0.9758728124320418,0.9758116440201418,0.9757524154782439,0.9756952569787082,0.9756400918965182,0.9755876959423861,0.9755385992956315,0.9754925625930726,0.0,0.0,0.0,0.0,0.9759173271112714,0.9758665057252448,0.9754584724828467
0.0,0.0,0.0,0.0,0.9734004468097103,0.9733363526406674,0.9732743946762761,0.973214707335416,0.9731572120056836,0.9731027080128873,0.973051741751621,0.9730040669114796,0.0,0.0,0.0,0.0,0.9734504843946787,0.9733969660497319,0.9729683942614163
0.0,0.0,0.0,0.0,0.9708431646824752,0.9707760273117835,0.9707112320936307,0.9706489178175033,0.9705890038429408,0.9705323137382288,0.9704794105449913,0.9704300408297737,0.0,0.0,0.0,0.0,0.9708989857047523,0.9708426580874657,0.970392724754074
0.0,0.0,0.0,0.0,0.9682609271378562,0.9681907086157707,0.9681230418158355,0.9680580699150032,0.9679957102491069,0.967936810677033,0.9678819509205847,0.9678308704141538,0.0,0.0,0.0,0.0,0.9683226161808175,0.968263405527329,0.9677918766225009
0.0,0.0,0.0,0.0,0.9657393137349694,0.9656660605168258,0.9655955674414921,0.9655279819494783,0.9654632194301256,0.9654021512759704,0.9653453733708233,0.9652926182502639,0.0,0.0,0.0,0.0,0.9658069668876701,0.9657453003639569,0.9652519515820479
0.0,0.0,0.0,0.0,0.9644616935145006,0.9643864009140598,0.9643140377242263,0.9642447536782428,0.9641784633791324,0.9641160500130945,0.9640581176073394,0.9640043954274089,0.0,0.0,0.0,0.0,0.9645345831135226,0.9644719738296155,0.9639625837802639
0.0,0.0,0.0,0.0,0.9628865913058328,0.9628091026700581,0.9627347110105726,0.9626635687860636,0.9625955895153135,0.9625316708944726,0.9624724269412896,0.96241758278002,0.0,0.0,0.0,0.0,0.9629646351626094,0.9629008987453693,0.9623744854413135
0.0,0.0,0.0,0.0,0.9610575176410214,0.9609777379528548,0.9609012165177635,0.9608281088693275,0.9607583271751923,0.9606927859222831,0.9606321106660225,0.9605760216413937,0.0,0.0,0.0,0.0,0.9611404962926068,0.9610754816791414,0.9605315194289469
0.0,0.0,0.0,0.0,0.9600899822441,0.9600087227328159,0.9599308386432236,0.9598564872044373,0.9597855799743895,0.9597190402500377,0.9596574996636414,0.9596006759827518,0.0,0.0,0.0,0.0,0.9601767074220455,0.9601109962261185,0.9595551513617747
