1.1189941200032808e-06
3.7413292478739288e-06
7.87696412025733e-06
1.3553391137744491e-05
2.0760911272844406e-05
2.950956589051001e-05
3.9814498062070545e-05
5.165749704268848e-05
6.505206657474532e-05
7.99797130700788e-05
9.64177388928988e-05
0.00011434219427644977
0.00013377660774911476
0.00015469369350161816
0.0001770656449334718
0.00020088411444715932
0.00022612908239712958
0.0002527697008212552
0.00028076292262493386
0.0003100743583930961
0.000340644603741585
0.00037243953746287533
0.0004057491220191272
0.00044070820412971785
0.0004772871437634057
0.0005153968674173246
0.0005549984956494526
0.0005960154268608272
0.0006384481955310218
0.0006822496814166168
0.0007274348512464829
0.0007740342588811613
0.0008220147688811482
0.0008713766631324604
0.0009221461602262221
0.0009743687279667091
0.001028046774400388
0.001083190397373674
0.001139876348771975
0.001198096948496162
0.0012578692733893424
0.0013192614169618123
0.0013823316121707935
0.0014470623953822608
0.0015134871926615972
