4.913439655648934e-07
2.8234039462386414e-06
8.50415598371963e-06
1.918905515396545e-05
3.646793023479379e-05
6.15616613279888e-05
9.674083919406463e-05
0.000143792263664411
0.00020450298304982892
0.00028082623606932416
0.00037465873061380247
0.0004879936663657866
0.0006229751920365217
0.0007817500387508675
0.0009664380595769042
0.0011792928523055865
0.001422111676837815
0.0016974499815524918
0.002006866374049933
0.0023532717911745743
0.002738929498001235
0.0031660139099734456
0.0036369520326718164
0.0041544130485701835
0.004721199179341117
0.005340382488660752
0.006014018943618639
0.006745788671459478
0.007538550947179698
0.008395022585114775
0.009318228393676164
0.010311074719118565
0.01137631032706269
0.012517095132706142
0.013736556163892803
0.015037695167620373
0.016423516829772795
0.01789637526041254
0.019460674679085372
0.02112008072227419
0.022877911461357304
0.024737913255577008
0.026703899759418764
0.02877938162913549
0.030968219584008874
