4.913439655648934e-07
2.332059980673748e-06
5.68075203748099e-06
1.0684899170245818e-05
1.7278875080828342e-05
2.5093731093195015e-05
3.5179177866075834e-05
4.705142447034636e-05
6.071071938541792e-05
7.632325301949526e-05
9.383249454447828e-05
0.00011333493575198411
0.00013498152567073502
0.00015877484671434583
0.00018468802082603671
0.00021285479272868232
0.00024281882453222844
0.0002753383047146769
0.0003094163924974413
0.0003464054171246416
0.00038565770682666054
0.00042708441197221073
0.0004709381226983706
0.0005174610158983669
0.0005667861307709337
0.000619183309319635
0.0006736364549578875
0.0007317697278408392
0.0007927622757202198
0.0008564716379350762
0.0009232058085613893
0.0009928463254424004
0.001065235607944126
0.001140784805643452
0.0012194610311866616
0.0013011390037275692
0.0013858216621524231
0.0014728584306397468
0.001564299418672831
0.0016594060431888184
0.001757830739083112
0.0018600017942197041
0.0019659865038417572
0.0020754818697167254
0.0021888379548733825
