15.413280761122529
15.420861621181592
15.631316566608236
15.653535177190616
15.675909628394741
15.698377790865255
15.720978599011454
15.743767724072304
15.413280761122529
15.766682552038743
15.609794222399472
15.789797068764
15.813054750702394
15.836406093041768
15.854107394763407
15.86908384702756
15.884108423435718
15.884151309282894
15.884151309282894
15.884151309282894
15.884151309282894
15.884151309282894
15.884151309282894
15.884151309282894
15.884151309282894
15.884151309282894
15.884151309282894
16.198310574641873
16.198310574641873
16.39751244803809
16.41239177146177
16.427172329703918
16.44181870798079
16.4563057476991
16.470644787314615
16.674494259265945
16.696487485368944
16.718428937838333
16.74017688487377
16.761749149100183
16.783109701151037
16.80430592812925
16.820176317760595
16.827792242766538
16.83536713881918
16.842862203807996
16.850307877148055
15.413280761122529
15.609779608273163
15.413280761122529
15.413280761122529
15.413280761122529
15.413280761122529
15.413280761122529
15.609780746188457
15.633851258290239
15.658627545081712
15.683189906971624
15.707846676708199
15.73263301035388
15.413280761122529
15.413280761122529
15.413280761122529
15.413280761122529
15.413280761122529
15.413280761122529
15.413280761122529
15.413280761122529
15.413280761122529
15.413280761122529
15.413280761122529
15.413280761122529
15.413280761122529
15.413280761122529
15.413280761122529
15.413280761122529
15.413280761122529
15.413280761122529
15.413280761122529
15.413280761122529
15.413280761122529
15.413280761122529
15.413280761122529
15.413280761122529
15.413280761122529
15.413280761122529
15.413280761122529
15.413280761122529
15.413280761122529
15.413280761122529
15.413280761122529
15.413280761122529
15.413280761122529
15.413280761122529
15.413280761122529
15.413280761122529
15.413280761122529
15.413280761122529
15.413280761122529
15.413280761122529
15.413280761122529
15.413280761122529
15.413280761122529
15.413280761122529
15.413280761122529
15.413280761122529
15.413280761122529
15.413280761122529
15.413280761122529
15.413280761122529
15.413280761122529
15.413280761122529
15.413280761122529
15.413280761122529
15.413280761122529
15.413280761122529
15.413280761122529
15.413280761122529
15.413280761122529
15.413280761122529
15.413280761122529
15.413280761122529
15.413280761122529
15.413280761122529
15.413280761122529
15.413280761122529
15.413280761122529
15.413280761122529
15.413280761122529
15.413280761122529
15.413280761122529
15.413280761122529
15.413280761122529
15.413280761122529
15.413280761122529
15.413280761122529
15.413280761122529
15.413280761122529
15.413280761122529
15.413280761122529
15.413280761122529
15.413280761122529
15.413280761122529
15.413280761122529
15.413280761122529
15.413280761122529
15.413280761122529
15.413280761122529
15.413280761122529
15.413280761122529
15.413280761122529
15.413280761122529
15.413280761122529
15.413280761122529
15.413280761122529
15.413280761122529
15.413280761122529
15.413280761122529
15.413280761122529
15.413280761122529
15.413280761122529
15.413280761122529
15.413280761122529
15.413280761122529
15.413280761122529
15.413280761122529
15.413280761122529
15.413280761122529
15.413280761122529
15.413280761122529
15.413280761122529
15.413280761122529
15.413280761122529
15.413280761122529
15.413280761122529
15.413280761122529
15.413280761122529
15.413280761122529
15.413280761122529
15.413280761122529
15.413280761122529
15.413280761122529
15.413280761122529
15.413280761122529
15.413280761122529
15.413280761122529
15.413280761122529
15.413280761122529
15.413280761122529
15.413280761122529
15.413280761122529
15.413280761122529
15.413280761122529
15.413280761122529
15.413280761122529
15.413280761122529
15.413280761122529
15.413280761122529
15.413280761122529
15.413280761122529
15.413280761122529
15.413280761122529
15.413280761122529
15.413280761122529
15.413280761122529
15.413280761122529
15.413280761122529
15.413280761122529
15.413280761122529
15.413280761122529
15.413280761122529
15.413280761122529
15.413280761122529
15.413280761122529
15.413280761122529
15.413280761122529
15.413280761122529
15.413280761122529
15.413280761122529
15.413280761122529
15.413280761122529
15.413280761122529
15.413280761122529
15.413280761122529
15.413280761122529
15.413280761122529
15.413280761122529
15.413280761122529
15.413280761122529
15.413280761122529
15.413280761122529
15.413280761122529
15.413280761122529
15.413280761122529
15.413280761122529
15.413280761122529
15.413280761122529
15.413280761122529
15.413280761122529
15.413280761122529
15.413280761122529
15.413280761122529
15.413280761122529
15.413280761122529
15.413280761122529
15.413280761122529
15.413280761122529
15.413280761122529
15.413280761122529
15.413280761122529
15.413280761122529
15.413280761122529
15.413280761122529
15.413280761122529
15.413280761122529
15.413280761122529
15.413280761122529
15.413280761122529
15.413280761122529
15.413280761122529
15.413280761122529
15.413280761122529
15.413280761122529
15.413280761122529
15.413280761122529
15.413280761122529
15.413280761122529
15.413280761122529
15.413280761122529
15.413280761122529
15.413280761122529
15.413280761122529
15.413280761122529
15.413280761122529
15.413280761122529
15.413280761122529
15.413280761122529
15.413280761122529
15.413280761122529
15.413280761122529
15.413280761122529
15.413280761122529
15.413280761122529
15.413280761122529
15.413280761122529
15.413280761122529
15.413280761122529
15.413280761122529
15.413280761122529
15.413280761122529
15.413280761122529
15.413280761122529
15.413280761122529
15.413280761122529
15.413280761122529
15.413280761122529
15.413280761122529
15.413280761122529
15.413280761122529
15.413280761122529
15.413280761122529
15.413280761122529
15.413280761122529
15.413280761122529
15.413280761122529
15.413280761122529
15.413280761122529
15.413280761122529
15.413280761122529
15.413280761122529
15.413280761122529
15.413280761122529
15.413280761122529
15.413280761122529
15.413280761122529
15.413280761122529
15.413280761122529
15.413280761122529
15.413280761122529
15.413280761122529
15.413280761122529
15.413280761122529
15.413280761122529
15.413280761122529
15.413280761122529
15.413280761122529
15.413280761122529
15.413280761122529
15.413280761122529
15.413280761122529
15.413280761122529
15.413280761122529
15.413280761122529
15.413280761122529
15.413280761122529
15.413280761122529
15.413280761122529
15.413280761122529
15.413280761122529
15.413280761122529
15.413280761122529
15.413280761122529
15.413280761122529
15.413280761122529
15.413280761122529
15.413280761122529
15.413280761122529
15.413280761122529
15.413280761122529
15.413280761122529
15.413280761122529
15.413280761122529
15.413280761122529
15.413280761122529
15.413280761122529
15.413280761122529
15.413280761122529
15.413280761122529
15.413280761122529
15.413280761122529
15.413280761122529
15.413280761122529
15.413280761122529
15.413280761122529
15.413280761122529
15.413280761122529
15.413280761122529
15.413280761122529
15.413280761122529
15.413280761122529
15.413280761122529
15.413280761122529
15.413280761122529
15.413280761122529
15.413280761122529
15.413280761122529
15.413280761122529
15.413280761122529
15.413280761122529
15.413280761122529
15.413280761122529
15.413280761122529
15.413280761122529
15.413280761122529
15.413280761122529
15.413280761122529
15.413280761122529
15.413280761122529
15.413280761122529
15.413280761122529
15.413280761122529
15.413280761122529
15.413280761122529
15.413280761122529
15.413280761122529
15.413280761122529
15.413280761122529
15.413280761122529
15.413280761122529
15.413280761122529
15.413280761122529
15.413280761122529
15.413280761122529
15.413280761122529
15.413280761122529
15.413280761122529
15.413280761122529
15.413280761122529
15.413280761122529
15.413280761122529
15.413280761122529
15.413280761122529
15.413280761122529
15.413280761122529
15.413280761122529
15.413280761122529
15.413280761122529
15.413280761122529
15.413280761122529
15.413280761122529
15.413280761122529
15.413280761122529
15.413280761122529
15.413280761122529
15.413280761122529
15.413280761122529
15.413280761122529
15.413280761122529
15.413280761122529
15.413280761122529
15.413280761122529
15.413280761122529
15.413280761122529
15.413280761122529
15.413280761122529
15.413280761122529
15.413280761122529
15.413280761122529
15.413280761122529
15.413280761122529
15.413280761122529
15.413280761122529
15.413280761122529
15.413280761122529
15.413280761122529
15.413280761122529
15.413280761122529
15.413280761122529
15.413280761122529
15.413280761122529
15.413280761122529
15.413280761122529
15.413280761122529
15.413280761122529
15.413280761122529
15.413280761122529
15.413280761122529
15.413280761122529
15.413280761122529
15.413280761122529
15.413280761122529
15.413280761122529
15.413280761122529
15.413280761122529
15.413280761122529
15.413280761122529
15.413280761122529
15.413280761122529
15.413280761122529
15.413280761122529
15.413280761122529
15.413280761122529
15.413280761122529
15.413280761122529
15.413280761122529
15.413280761122529
15.413280761122529
15.413280761122529
15.413280761122529
15.413280761122529
15.413280761122529
15.413280761122529
15.413280761122529
15.413280761122529
15.413280761122529
15.413280761122529
15.413280761122529
15.413280761122529
15.413280761122529
15.413280761122529
15.413280761122529
15.413280761122529
15.413280761122529
15.413280761122529
15.413280761122529
15.413280761122529
15.413280761122529
15.413280761122529
15.413280761122529
15.413280761122529
15.413280761122529
15.413280761122529
15.413280761122529
15.413280761122529
15.413280761122529
15.413280761122529
15.413280761122529
15.413280761122529
15.413280761122529
15.413280761122529
15.413280761122529
15.413280761122529
15.413280761122529
15.413280761122529
15.413280761122529
15.413280761122529
15.413280761122529
15.413280761122529
15.413280761122529
15.413280761122529
15.413280761122529
15.413280761122529
15.413280761122529
15.413280761122529
15.413280761122529
15.413280761122529
15.413280761122529
15.413280761122529
15.413280761122529
15.413280761122529
15.413280761122529
15.413280761122529
15.413280761122529
15.413280761122529
15.413280761122529
15.413280761122529
15.413280761122529
15.413280761122529
15.413280761122529
15.413280761122529
15.413280761122529
15.413280761122529
15.413280761122529
15.413280761122529
15.413280761122529
15.413280761122529
15.413280761122529
15.413280761122529
15.413280761122529
15.413280761122529
15.413280761122529
15.413280761122529
15.413280761122529
15.413280761122529
15.413280761122529
15.413280761122529
15.413280761122529
15.413280761122529
15.413280761122529
15.413280761122529
15.413280761122529
15.413280761122529
15.413280761122529
15.413280761122529
15.413280761122529
15.413280761122529
15.413280761122529
15.413280761122529
15.413280761122529
15.413280761122529
15.413280761122529
15.413280761122529
15.413280761122529
15.413280761122529
15.413280761122529
15.413280761122529
15.413280761122529
15.413280761122529
15.413280761122529
15.413280761122529
15.413280761122529
15.413280761122529
15.413280761122529
15.413280761122529
15.413280761122529
15.413280761122529
15.413280761122529
15.413280761122529
15.413280761122529
15.413280761122529
15.413280761122529
15.413280761122529
15.413280761122529
15.413280761122529
15.420535942859912
15.413280761122529
15.413280761122529
15.629306905268768
15.413280761122529
15.650503654186988
15.413280761122529
15.413280761122529
15.671946999179609
15.413280761122529
15.693584960760395
15.413280761122529
15.715499320156805
15.413280761122529
15.413280761122529
15.737571363403344
15.413280761122529
15.759933336788258
15.413280761122529
15.413280761122529
15.782566621517843
15.413280761122529
15.80538506599285
15.413280761122529
15.413280761122529
15.828449964976782
15.413280761122529
15.848826394772713
15.413280761122529
15.863653384809083
15.878636471249074
15.8841513092829
15.8841513092829
15.8841513092829
15.8841513092829
15.8841513092829
15.8841513092829
15.8841513092829
15.884151309282903
15.884151309282903
15.884151309282903
16.19831057464188
16.19831057464188
16.39570145572042
16.41110374080617
16.426440485667758
16.441751017340902
16.45692672004889
16.4719857445834
16.67740501838348
16.70056562216302
16.723701369409948
16.74665252155267
16.769432201528588
16.79206481871015
16.814458435980463
16.823981209811112
