54.377892267999414
85.76361133099999
122.71410956299951
151.73689146799734
172.35806776800018
197.3538808279991
225.92970340399916
256.9507222619977
285.82544260099894
312.4451925180001
334.79480112799865
356.8737085049979
380.36400127899833
403.4243206889987
422.1069183849977
444.026596710999
465.82506666799964
487.4603384289985
505.9704198649997
533.1961776729986
557.1406966020004
584.0798061179994
606.9946741219974
630.0528635459996
656.6929264209975
680.7134659919975
701.6689976689995
726.4086791720001
749.9965663629991
770.9644614449971
795.8455859219976
820.455886202999
842.2337488209996
868.7591768989987
891.4953122929983
917.2054351859988
941.7290335899997
965.9688813199973
992.300463874999
1016.2138932649978
1042.5533852129993
1068.1649994660002
1094.659122383
1117.3592037380004
1144.815321793998
