0.0,0.0,0.0,0.0,0.05243923291406651,0.0524347624129103,0.052430498299873174,0.052426456841111246,0.05242266935965522,0.05241913693611891,0.05241584276847667,0.03936108199795753,0.0,0.0,0.0,0.0
0.0,0.0,0.0,0.0,0.05174753663490724,0.05174316174051658,0.05173898722806291,0.05173502905078948,0.05173131793390696,0.05172785493376259,0.05172462356338259,0.0398645105932957,0.0,0.0,0.0,0.0
0.0,0.0,0.0,0.0,0.05053346622089124,0.05052918683214454,0.05052510071315431,0.05052122353951934,0.05051758551171661,0.05051418765946069,0.05051101376428961,0.04000634760655839,0.0,0.0,0.0,0.0,0.02703565066137232
0.0,0.0,0.0,0.0,0.049047934617162114,0.04904389897784645,0.04904004260929427,0.04903638037692239,0.04903294092916819,0.0490297252361738,0.049026717902609485,0.039864840102229196,0.0,0.0,0.0,0.0,0.028022255360109733
0.0,0.0,0.0,0.0,0.047157451254413014,0.047153670125234214,0.04715005333186813,0.047146614906916504,0.04714338190552163,0.0471403552344924,0.047137520340262126,0.03933215468505936,0.0,0.0,0.0,0.0,0.028671536208493734
0.0,0.0,0.0,0.0,0.044995220266985644,0.04499175011960824,0.04498842698367793,0.04498526385073473,0.04498228578058082,0.04497949360381911,0.04497687382577054,0.03848867994059656,0.0,0.0,0.0,0.0,0.02900977157089532
0.0,0.0,0.0,0.0,0.04257489209387307,0.04257174514434195,0.04256872758232863,0.042565851308441635,0.042563139290514876,0.042560592279896226,0.04255819789308659,0.03733243759440553,0.0,0.0,0.0,0.0,0.029022496450131007
0.0,0.0,0.0,0.0,0.039933966769600676,0.03993112646772899,0.03992839896135791,0.0399257951139521,0.039923335904474014,0.039921022008614464,0.03991884209887916,0.03587907909598281,0.0,0.0,0.0,0.0,0.028705723258414317
0.0,0.0,0.0,0.0,0.037189361097444265,0.03718683880204895,0.03718441293848867,0.03718209327027299,0.03717989866386738,0.037177829717268955,0.037175876228696544,0.03422068382622806,0.0,0.0,0.0,0.0,0.028121308196315226
0.0,0.0,0.0,0.0,0.03433176889363945,0.034329538768110825,0.03432739035117307,0.03432533238731259,0.03432338178500614,0.03432153907076041,0.034319795087014375,0.03234252523205277,0.0,0.0,0.0,0.0,0.027251908384747118
0.0,0.0,0.0,0.0,0.03147407869672878,0.03147212221466376,0.031470234212236485,0.031468422462846764,0.031466702007095546,0.031465073304887944,0.03146352819728544,0.030342061758340665,0.0,0.0,0.0,0.0,0.02617167719146435
0.0,0.0,0.0,0.0,0.028670038007525107,0.028668332621629856,0.02866668410902343,0.02866509933585588,0.028663591595776312,0.02866216128792047,0.028660801189664773,0.028273229191520192,0.0,0.0,0.0,0.0,0.0249294789022121
0.0,0.0,0.0,0.0,0.025984157821326286,0.025982690863001603,0.025981270473178927,0.025979902635624507,0.025978598942502353,0.025977359735864777,0.025976178708253354,0.02597506055410921,0.0,0.0,0.0,0.0,0.023584400612930198
0.0,0.0,0.0,0.0,0.02341490110756024,0.023413633703466608,0.023412404520082558,0.023411218795693873,0.02341008668413202,0.023409008479771416,0.02340797864969804,0.02340700130364835,0.0,0.0,0.0,0.0,0.02214902279959895
0.0,0.0,0.0,0.0,0.02101164191631491,0.021010549357238017,0.021009488072892536,0.021008462635916093,0.021007481914594058,0.02100654616175692,0.02100565053840608,0.021004798632104922,0.0,0.0,0.0,0.0,0.02068197533129526
0.0,0.0,0.0,0.0,0.018796798246825102,0.018795860638090394,0.018794948512309093,0.01879406583986593,0.01879322032475263,0.018792412183228704,0.018791637206378647,0.018790898509281402,0.0,0.0,0.0,0.0,0.01879732602549626
0.0,0.0,0.0,0.0,0.016764525640079686,0.01676371935989911,0.016762933885487406,0.01676217266892943,0.01676144241148642,0.01676074329855289,0.0167600716648408,0.016759430218763607,0.0,0.0,0.0,0.0,0.01676494029642481
0.0,0.0,0.0,0.0,0.014909520876532691,0.014908830358202316,0.014908156768019848,0.01490750309287759,0.014906875133297665,0.014906273047633383,0.014905693659981576,0.014905139313748783,0.0,0.0,0.0,0.0,0.014909844499696753
0.0,0.0,0.0,0.0,0.013184839273646705,0.013184250187847949,0.013183674807162015,0.013183115704950132,0.013182577880489753,0.013182061468555939,0.01318156372931062,0.0131810866816753,0.0,0.0,0.0,0.0,0.013185089307999099
0.0,0.0,0.0,0.0,0.011497477722687461,0.011496984706788763,0.011496502527654717,0.01149603336072504,0.011495581433724929,0.011495146859232919,0.011494727318098839,0.011494324517010025,0.0,0.0,0.0,0.0,0.011497664584469634
0.0,0.0,0.0,0.0,0.009625407442645964,0.009625017267777635,0.009624635073664858,0.009624262602489232,0.009623903241289804,0.009623557079033016,0.00962322225583626,0.009622900138435074,0.0,0.0,0.0,0.0,0.009625534274356072
0.0,0.0,0.0,0.0,0.007061796402393325,0.007061536395294597,0.007061281110616213,0.0070610317299545896,0.007060790551682738,0.007060557635044417,0.007060331716216703,0.007060113722099807,0.0,0.0,0.0,0.0,0.007061859867070805
0.0,0.0,0.0,0.0,0.0030772577752848154,0.0030771626893868267,0.003077068945878395,0.0030769769902550133,0.003076887689752253,0.0030768010660604697,0.0030767166412793007,0.003076634764826627,0.0,0.0,0.0,0.0,0.003077267396302151
0.0,0.0,0.0,0.0,1.519608111003713e-05,1.5196080386405994e-05,1.519607967266923e-05,1.5196078972225586e-05,1.5196078291694904e-05,1.5196077631242433e-05,1.5196076987218497e-05,1.519607636229074e-05,0.0,0.0,0.0,0.0,1.519608117325649e-05
0.0,0.0,0.0,0.0,0.00307730006290226,0.0030772049973411563,0.003077111273906264,0.003077019337996953,0.0030769300566616553,0.0030768434515861787,0.0030767590449734578,0.003076677186166045,0.0,0.0,0.0,0.0,0.0030773096827525527
0.0,0.0,0.0,0.0,0.007062875764418407,0.0070626163084991245,0.0070623615662646555,0.007062112716761849,0.0070618720534026186,0.007061639635307409,0.007061414201387283,0.007061196676544523,0.0,0.0,0.0,0.0,0.007062939141059493
0.0,0.0,0.0,0.0,0.009629292758389741,0.009628904643885362,0.00962852447378208,0.009628153980859339,0.009627796533867873,0.009627452221313558,0.009627119193382952,0.009626798809443695,0.0,0.0,0.0,0.0,0.009629419130525787
0.0,0.0,0.0,0.0,0.011503084862170025,0.011502594908174143,0.011502115732960337,0.011501649498133268,0.011501200404514446,0.011500768563998565,0.011500351672238113,0.011499951425078748,0.0,0.0,0.0,0.0,0.011503270901475848
0.0,0.0,0.0,0.0,0.013188553530338848,0.013187966528091845,0.0131873931891014,0.013186836077397731,0.013186300174117562,0.01318578561357113,0.013185289665895487,0.01318481434270012,0.0,0.0,0.0,0.0,0.013188783170085159,0.006930886750849257
0.0,0.0,0.0,0.0,0.014913707812942253,0.014913019704989173,0.014912348473956493,0.014911697096039195,0.01491107135096798,0.014910471396558794,0.014909894068334097,0.01490934170131794,0.0,0.0,0.0,0.0,0.01491400339379254,0.008384304179078103
0.0,0.0,0.0,0.0,0.01677245217194894,0.016771650571697685,0.016770869671998603,0.01677011290436712,0.016769386930095914,0.016768691933537316,0.016768024271352967,0.01676738663583822,0.0,0.0,0.0,0.0,0.016772828110212884,0.010042907469483041
0.0,0.0,0.0,0.0,0.01880633579760965,0.0188054039590456,0.018804497466105925,0.018803620264078186,0.01880278000820232,0.018801976913454546,0.01880120679767327,0.018800472756272207,0.0,0.0,0.0,0.0,0.01880681149001281,0.011940830578914215
0.0,0.0,0.0,0.0,0.02102759900119977,0.02102651632338057,0.02102546467130067,0.02102444857510055,0.021023476820539875,0.021022549658255358,0.021021662294503033,0.021020818283548653,0.0,0.0,0.0,0.0,0.021028198938914687,0.014104673190817792
0.0,0.0,0.0,0.0,0.023437831712282666,0.02343657882582244,0.02343536377279451,0.023434191729794197,0.02343307273089643,0.023432007067258336,0.02343098927158354,0.023430023405274877,0.0,0.0,0.0,0.0,0.023438583365628977,0.01655347156751222
0.0,0.0,0.0,0.0,0.026009474033502893,0.026008023438475882,0.026006618950425657,0.026005266484457116,0.0260039774994922,0.026002752333965904,0.026001584753366936,0.026000479398345124,0.0,0.0,0.0,0.0,0.026010412181664326,0.019281898180095697
0.0,0.0,0.0,0.0,0.028692021305021433,0.028690308161384327,0.028688651431816557,0.028687057924080148,0.028685540817566454,0.028684100510148424,0.028682729844348068,0.028681434161578704,0.0,0.0,0.0,0.0,0.028693293229718458,0.02226984057336312,0.014788383138416586
0.0,0.0,0.0,0.0,0.03149277680496185,0.0314908032806958,0.0314888978050394,0.03148706810239974,0.03148532911693184,0.03148368130848722,0.03148211657456524,0.03148064097545307,0.0,0.0,0.0,0.0,0.03149434404587849,0.025519847022390706,0.01685697065772771
0.0,0.0,0.0,0.0,0.03434428652688834,0.03434202625851753,0.03433984736718501,0.034337758566072143,0.03433577670093019,0.03433390230010204,0.03433212624541541,0.034330455372409203,0.0,0.0,0.0,0.0,0.03434619565593178,0.029003590624920028,0.019063571536018935
0.0,0.0,0.0,0.0,0.03719216344531413,0.03718959344752337,0.03718711974740614,0.03718475210490272,0.03718250937674599,0.037180392165472934,0.037178390281526655,0.03717651138093435,0.0,0.0,0.0,0.0,0.037194458629723794,0.032666361732838795,0.021373138751525744
0.0,0.0,0.0,0.0,0.03994834518649762,0.039945452472619894,0.03994267211011429,0.03994001492843148,0.03993750183685081,0.03993513351539659,0.03993289868368826,0.03993080583582681,0.0,0.0,0.0,0.0,0.03995105853369685,0.036431190504203216,0.02373484037296936
0.0,0.0,0.0,0.0,0.04257496257529583,0.04257173872526345,0.04256864415321183,0.04256569076656445,0.042562901541424336,0.042560277237423484,0.04255780547820371,0.04255549560231261,0.0,0.0,0.0,0.0,0.04257811893564098,0.040246663796868816,0.026116520304050234
0.0,0.0,0.0,0.0,0.04500984894958732,0.045006296225906926,0.045002889987060715,0.04499964319338112,0.04499658083797074,0.044993703759560855,0.04499099851440711,0.0449884752656214,0.0,0.0,0.0,0.0,0.0450134570186383,0.04403910415374259,0.028471279472779783
0.0,0.0,0.0,0.0,0.047252107940799024,0.04724828547882149,0.04724462455211968,0.047241138945688786,0.047237855227528984,0.04723477430262881,0.04723188190060859,0.047229188830241124,0.0,0.0,0.0,0.0,0.04725612282080526,0.047253032748220805,0.03078535679213651
0.0,0.0,0.0,0.0,0.049134357355013786,0.04913025801029803,0.04912633527533377,0.04912260379290404,0.049119091771226704,0.04911580018211323,0.04911271389100922,0.04910984437811149,0.0,0.0,0.0,0.0,0.049138791293173896,0.049135506803610646,0.032937537445981865
0.0,0.0,0.0,0.0,0.05065514487011519,0.05065081107637106,0.050646666788178425,0.050642727365442106,0.050639022386808806,0.05063555288058651,0.050632302991207426,0.05062928476008564,0.0,0.0,0.0,0.0,0.05065994226029921,0.050656495120700806,0.03490264688596058
0.0,0.0,0.0,0.0,0.05177179406776076,0.0517672804039285,0.051762966173646056,0.051758867280551124,0.051755014341926135,0.0517514084292782,0.05174803314117236,0.051744900944509335,0.0,0.0,0.0,0.0,0.051776876482537086,0.051773305968878705,0.03663237391942423
0.0,0.0,0.0,0.0,0.05248778745086447,0.05248318469055212,0.052478786615028014,0.0524746093762872,0.052470684063464425,0.05246701177017758,0.052463575850740116,0.05246038896642235,0.0,0.0,0.0,0.0,0.05249303131712659,0.052489404336100116,0.038109616407886605
0.0,0.0,0.0,0.0,0.05274836654006137,0.05274374593040931,0.05273933120227741,0.05273513853909378,0.052731199087649804,0.052727513946356865,0.052724066442819,0.05272086926300154,0.0,0.0,0.0,0.0,0.05275366080365963,0.05275002663877374,0.03927108170600293
