0.0,0.0,0.0,0.0,0.014566453587240697,0.014565211781363972,0.01456402730552032,0.014562904678086463,0.01456185259990424,0.014560871371144143,0.014559956324576866,0.014559211196756601,0.0,0.0,0.0,0.0
0.0,0.0,0.0,0.0,0.014374315731918677,0.014373100483476828,0.014371940896684135,0.014370841402997084,0.014369810537196387,0.014368848592711835,0.014367950989828513,0.014367211754535278,0.0,0.0,0.0,0.0
0.0,0.0,0.0,0.0,0.014037073950247567,0.01403588523115126,0.014034750198098411,0.014033673205422046,0.014032662642143513,0.014031718794294639,0.014030837156747132,0.014030101940295607,0.0,0.0,0.0,0.0,0.014038765666791625
0.0,0.0,0.0,0.0,0.013624426282545031,0.013623305271624014,0.013622234058137289,0.013621216771367337,0.013620261369213396,0.013619368121159391,0.013618532750724874,0.01361782741789236,0.0,0.0,0.0,0.0,0.01362597419685804
0.0,0.0,0.0,0.0,0.013099292015114726,0.013098241701453947,0.013097237036630028,0.013096281918587924,0.013095383862644906,0.013094543120692336,0.01309375565007283,0.01309308222297228,0.0,0.0,0.0,0.0,0.013100689499949083
0.0,0.0,0.0,0.0,0.012498672296384902,0.012497708366557843,0.012496785273243863,0.012495906625204098,0.012495079383494681,0.012494303778838645,0.012493576062714055,0.012492945666830376,0.0,0.0,0.0,0.0,0.012499901610657508
0.0,0.0,0.0,0.0,0.011826358914964741,0.011825484762317208,0.011824646550646837,0.011823847585678237,0.011823094247365253,0.01182238674441562,0.011821721636968511,0.011821137893506438,0.0,0.0,0.0,0.0,0.01182742056327154
0.0,0.0,0.0,0.0,0.011092768547111298,0.011091979574369163,0.011091221933710524,0.011090498642764476,0.011089815529020568,0.011089172780170686,0.011088567249688668,0.011088028700389496,0.0,0.0,0.0,0.0,0.011093674247034804
0.0,0.0,0.0,0.0,0.010330378082623406,0.010329677445013596,0.010329003594024624,0.010328359241742503,0.010327749628852058,0.010327174921463601,0.010326632285749053,0.010326143207959122,0.0,0.0,0.0,0.0,0.010331133636122463
0.0,0.0,0.0,0.0,0.009536602470455404,0.009535982991141896,0.00953538620865918,0.009534814552031281,0.009534272718057268,0.009533760852989005,0.00953327641305956,0.009532833880079201,0.0,0.0,0.0,0.0,0.009537224700617263
0.0,0.0,0.0,0.0,0.008742799637980216,0.008742256170739933,0.008741731725621241,0.008741228461901883,0.008740750557526546,0.008740298140246653,0.008739868943690412,0.008739471581457227,0.0,0.0,0.0,0.0,0.008743304316089094
0.0,0.0,0.0,0.0,0.007963899446534752,0.007963425728230515,0.00796296780806206,0.007962527593293304,0.007962108776604537,0.0079617114688668,0.00796133366379578,0.007960979173724753,0.0,0.0,0.0,0.0,0.007964303004191476
0.0,0.0,0.0,0.0,0.007217821617035079,0.007217414128611556,0.007217019575883032,0.007216639621006811,0.007216277484028436,0.0072159332599624395,0.007215605196737052,0.007215294598363665,0.0,0.0,0.0,0.0,0.007218137649594283
0.0,0.0,0.0,0.0,0.006504139196544511,0.006503787139851835,0.0065034457000229294,0.00650311633213719,0.006502801856703343,0.006502502355492061,0.006502216291582797,0.006501944806568982,0.0,0.0,0.0,0.0,0.006504384968295094
0.0,0.0,0.0,0.0,0.005836567198976364,0.0058362637103438935,0.005835968909136812,0.0058356840655322505,0.005835411642942798,0.005835151711599146,0.005834902927335029,0.005834666286695808,0.0,0.0,0.0,0.0,0.0058367561874968785
0.0,0.0,0.0,0.0,0.0052213328463403055,0.005221072399469554,0.0052208190311969676,0.005220573844407205,0.005220338979097957,0.005220114495341308,0.005219899223994075,0.005219694030355941,0.0,0.0,0.0,0.0,0.005221479451526748
0.0,0.0,0.0,0.0,0.004656812677799912,0.004656588711083086,0.004656370523746499,0.004656159074702622,0.004655956225412898,0.004655762027375804,0.004655575462455783,0.004655397282989888,0.0,0.0,0.0,0.0,0.004656927860118011
0.0,0.0,0.0,0.0,0.004141533576814636,0.00414134176616731,0.004141154657783289,0.004140973081354888,0.004140798648138243,0.004140631402120385,0.004140470461105998,0.004140316476041326,0.0,0.0,0.0,0.0,0.004141623472137993
0.0,0.0,0.0,0.0,0.0036624553537907513,0.0036622917188466526,0.003662131890878336,0.0036619765847083715,0.003661827189024934,0.0036616837412655396,0.0036615454803640654,0.0036614129671320252,0.0,0.0,0.0,0.0,0.003662524807777535
0.0,0.0,0.0,0.0,0.0031937438118576278,0.0031936068629968787,0.003193472924348531,0.0031933426002014012,0.0031932170649235938,0.0031930963497869224,0.0031929798105830146,0.0031928679213916716,0.0,0.0,0.0,0.0,0.0031937957179082378
0.0,0.0,0.0,0.0,0.002673724289623879,0.0026736159077160094,0.0026735097426846817,0.002673406278469232,0.002673306455913836,0.002673210299731394,0.0026731172932878532,0.0026730278162319632,0.0,0.0,0.0,0.0,0.00267375952065447
0.0,0.0,0.0,0.0,0.0019616101117759235,0.0019615378875818324,0.0019614669751711693,0.0019613977027651648,0.001961330708800762,0.0019612660097345605,0.001961203254504642,0.0019611427005832784,0.0,0.0,0.0,0.0,0.001961627740853006
0.0,0.0,0.0,0.0,0.0008547938264680042,0.000854767413718563,0.0008547413738551092,0.000854715830626393,0.000854691024931182,0.0008546669627945751,0.0008546435114664734,0.0008546207680073958,0.0,0.0,0.0,0.0,0.0008547964989728218
0.0,0.0,0.0,0.0,4.2211336416769806e-06,4.221133440668331e-06,4.221133242408118e-06,4.2211330478404424e-06,4.221132858804143e-06,4.221132675345121e-06,4.2211324964495876e-06,4.221132322858536e-06,0.0,0.0,0.0,0.0,4.221133659237924e-06
0.0,0.0,0.0,0.0,0.0008548055730284056,0.0008547791659280989,0.0008547531316406284,0.0008547275938880429,0.000854702793517127,0.0008546787365517165,0.000854655290270406,0.0008546325517127897,0.0,0.0,0.0,0.0,0.0008548082452090445
0.0,0.0,0.0,0.0,0.0019619099345606684,0.001961837863471979,0.001961767101740181,0.0019616979768782923,0.0019616311259451733,0.0019615665653631696,0.0019615039448298032,0.0019614435212623664,0.0,0.0,0.0,0.0,0.0019619275391831973
0.0,0.0,0.0,0.0,0.00267480354399715,0.0026746957344126005,0.002674590131606132,0.002674487216905373,0.002674387926074411,0.002674292283698211,0.002674199775939712,0.0026741107804010246,0.0,0.0,0.0,0.0,0.0026748386473682815
0.0,0.0,0.0,0.0,0.0031953013506027844,0.0031951652522705953,0.0031950321480445363,0.003194902638370354,0.003194777890142904,0.0031946579344440465,0.0031945421311772573,0.003194430951410761,0.0,0.0,0.0,0.0,0.0031953530281877444
0.0,0.0,0.0,0.0,0.003663487091760791,0.003663324035581068,0.003663164774750387,0.0036630100214993713,0.0036628611594771033,0.0036627182259919813,0.003662580462748751,0.0036624484285278087,0.0,0.0,0.0,0.0,0.003663550880579221,0.003663431094306114
0.0,0.0,0.0,0.0,0.004142696614706181,0.004142505473608104,0.004142319020543468,0.004142138082233112,0.004141964264157775,0.0041417976101552215,0.004141637241203921,0.004141483805921648,0.0,0.0,0.0,0.0,0.004142778720497941,0.004142636252266118
0.0,0.0,0.0,0.0,0.0046590144922080395,0.004658791825471579,0.004658574908888499,0.004658364695657535,0.004658163036137758,0.004657969981538144,0.004657784519820274,0.004657607398843948,0.0,0.0,0.0,0.0,0.004659118919503594,0.004658950694811495
0.0,0.0,0.0,0.0,0.00522398216600268,0.005223723321957112,0.005223471518362754,0.005223227851132832,0.00522299444672287,0.005222771364848487,0.005222557443798136,0.005222353543408943,0.0,0.0,0.0,0.0,0.005224114302781354,0.0052239163633933695
0.0,0.0,0.0,0.0,0.0058409997225554915,0.0058406989787168255,0.005840406853139072,0.0058401246041946,0.005839854672372192,0.005839597127293156,0.005839350637361961,0.005839116189874622,0.0,0.0,0.0,0.0,0.005841166371920766,0.00584093390272007
0.0,0.0,0.0,0.0,0.006510508808967407,0.006510160784950678,0.0065098232702206936,0.006509497702720613,0.006509186869693457,0.006508890852016206,0.006508608130995436,0.006508339834798572,0.0,0.0,0.0,0.0,0.006510717601563626,0.006510446041225563
0.0,0.0,0.0,0.0,0.007224853898195248,0.007224450955132189,0.007224060819562679,0.007223685134571425,0.007223327083192283,0.007222986759434975,0.007222662431490824,0.0072223553884291965,0.0,0.0,0.0,0.0,0.007225114494906784,0.007224797457719315
0.0,0.0,0.0,0.0,0.00797000591806151,0.00796953004482898,0.007969069842171262,0.007968627201133378,0.007968205782657355,0.007967805697263453,0.007967424956763362,0.007967065044882968,0.0,0.0,0.0,0.0,0.00797035923047738,0.007969986680829095,0.007966806391113617
0.0,0.0,0.0,0.0,0.008747993556933845,0.008747445355748833,0.008746916056955384,0.008746407806222154,0.008745924754703295,0.008745467030135342,0.008745032381823689,0.008744622493181402,0.0,0.0,0.0,0.0,0.008748428901632946,0.008747997487974309,0.008744324878348033
0.0,0.0,0.0,0.0,0.009540079590802317,0.009539451738477091,0.00953884649088472,0.009538266268353378,0.009537715750258392,0.00953719508336168,0.009536701734837625,0.009536237603446995,0.0,0.0,0.0,0.0,0.009540609904425533,0.009540113376526578,0.00953589720011946
0.0,0.0,0.0,0.0,0.010331156512587258,0.010330442624312047,0.01032975548539059,0.010329097806917428,0.010328474826873893,0.010327886712631372,0.010327330633757417,0.0103268087169262,0.0,0.0,0.0,0.0,0.010331794063812207,0.010331226826978243,0.010326422179286678
0.0,0.0,0.0,0.0,0.011096762551804893,0.011095959020172193,0.011095186697253965,0.011094448591230972,0.011093750510236344,0.011093092643165723,0.011092471856580086,0.011091890509951885,0.0,0.0,0.0,0.0,0.011097516259360281,0.011096874574236798,0.011091455804678586
0.0,0.0,0.0,0.0,0.01182637849313773,0.011825482979239847,0.011824623375892167,0.011823802990712352,0.011823028205951214,0.011822299232617637,0.011821612632834379,0.011820971000642383,0.0,0.0,0.0,0.0,0.011827255259900322,0.011826536219420918,0.011820486663910891
0.0,0.0,0.0,0.0,0.01250273581932981,0.012501748951640813,0.012500802774183526,0.012499900887050318,0.01249905023276966,0.012498251044322463,0.012497499587335323,0.012496798684894825,0.0,0.0,0.0,0.0,0.012503738060732914,0.012502940798409646,0.012496264630826957
0.0,0.0,0.0,0.0,0.01312558553911084,0.01312452374411708,0.013123506820033238,0.013122538596024668,0.013121626452091395,0.013120770639619117,0.013119967194613514,0.013119219119511414,0.0,0.0,0.0,0.0,0.013126700783557078,0.013125842430061334,0.013118643830788805
0.0,0.0,0.0,0.0,0.013648432598614941,0.013647293891749452,0.013646204243148262,0.01364516772025113,0.013644192158674094,0.013643277828364789,0.013642420525280355,0.013641623438364295,0.0,0.0,0.0,0.0,0.013649664248103923,0.013648751889891847,0.013641004691723057
0.0,0.0,0.0,0.0,0.014070873575031997,0.014069669743436404,0.014068518552271777,0.014067424268178369,0.014066395107446901,0.014065431355718477,0.014064528608668747,0.01406369021113489,0.0,0.0,0.0,0.0,0.014072206183416513,0.014071248644639113,0.014063033233429074
0.0,0.0,0.0,0.0,0.01438105390771132,0.014379800112202362,0.014378601714901676,0.01437746313348643,0.014376392872757271,0.01437539123035506,0.014374453650325672,0.014373583595697029,0.0,0.0,0.0,0.0,0.014382465689593702,0.014381473880244085,0.0143728952613625
0.0,0.0,0.0,0.0,0.014579940958573463,0.014578662414042255,0.014577440726396664,0.014576280382302007,0.014575190017629018,0.014574169936160442,0.014573215514094495,0.014572330268450643,0.0,0.0,0.0,0.0,0.014581397588090787,0.014580390093361144,0.014571623077810273
0.0,0.0,0.0,0.0,0.014652324038905935,0.014651040536224806,0.014649814222854829,0.014648649594192723,0.014647555302124957,0.014646531651765798,0.014645574011894183,0.014644685906389308,0.0,0.0,0.0,0.0,0.0146537946676833,0.01465278517743715,0.014643969344585804
