0.5012660470833912
0.5013797599842772
0.5045365841656768
0.5048698633244125
0.5052054800924745
0.505542502529532
0.505881514651725
0.5062233515276379
0.5012660470833913
0.5065670739471345
0.5042137490025455
0.5069137916980133
0.5072626569270893
0.5076129270621799
0.5078784465880044
0.5081030933719668
0.5083284620180891
0.5083291053057968
0.5083291053057968
0.5083291053057968
0.5083291053057968
0.5083291053057968
0.5083291053057968
0.5083291053057968
0.5083291053057968
0.5083291053057968
0.5083291053057968
0.5161830869397712
0.5161830869397712
0.5191711150407144
0.5193943048920696
0.5196160132657018
0.519835708939855
0.5200530145356297
0.5202681001298624
0.5233258422091323
0.5236557406006772
0.523984862387718
0.5243110815932496
0.5246346655566458
0.5249550738374087
0.5252730172420819
0.5255110730865521
0.5256253119616412
0.5257389354024309
0.5258513613772631
0.5259630464773639
0.5012660470833913
0.5042135297906509
0.5012660470833913
0.5012660470833912
0.5012660470833913
0.5012660470833913
0.5012660470833913
0.5042135468593801
0.5045746045409069
0.5049462488427789
0.5053146842711276
0.5056845358171763
0.5060563308218615
0.5012660470833912
0.5012660470833913
0.5012660470833913
0.5012660470833913
0.5012660470833913
0.5012660470833913
0.5012660470833913
0.5012660470833913
0.5012660470833913
0.5012660470833913
0.5012660470833913
0.5012660470833913
0.5012660470833913
0.5012660470833913
0.5012660470833913
0.5012660470833913
0.5012660470833913
0.5012660470833913
0.5012660470833913
0.5012660470833913
0.5012660470833913
0.5012660470833913
0.5012660470833913
0.5012660470833913
0.5012660470833913
0.5012660470833913
0.5012660470833913
0.5012660470833913
0.5012660470833913
0.5012660470833913
0.5012660470833913
0.5012660470833913
0.5012660470833913
0.5012660470833913
0.5012660470833913
0.5012660470833913
0.5012660470833913
0.5012660470833913
0.5012660470833913
0.5012660470833913
0.5012660470833913
0.5012660470833913
0.5012660470833913
0.5012660470833913
0.5012660470833913
0.5012660470833913
0.5012660470833913
0.5012660470833913
0.5012660470833913
0.5012660470833913
0.5012660470833913
0.5012660470833913
0.5012660470833913
0.5012660470833913
0.5012660470833913
0.5012660470833913
0.5012660470833913
0.5012660470833913
0.5012660470833913
0.5012660470833913
0.5012660470833913
0.5012660470833913
0.5012660470833913
0.5012660470833913
0.5012660470833913
0.5012660470833913
0.5012660470833913
0.5012660470833913
0.5012660470833913
0.5012660470833913
0.5012660470833913
0.5012660470833913
0.5012660470833913
0.5012660470833913
0.5012660470833913
0.5012660470833913
0.5012660470833913
0.5012660470833913
0.5012660470833913
0.5012660470833913
0.5012660470833913
0.5012660470833913
0.5012660470833913
0.5012660470833913
0.5012660470833913
0.5012660470833913
0.5012660470833913
0.5012660470833913
0.5012660470833913
0.5012660470833913
0.5012660470833913
0.5012660470833913
0.5012660470833913
0.5012660470833913
0.5012660470833913
0.5012660470833913
0.5012660470833913
0.5012660470833913
0.5012660470833913
0.5012660470833913
0.5012660470833913
0.5012660470833913
0.5012660470833913
0.5012660470833913
0.5012660470833913
0.5012660470833913
0.5012660470833913
0.5012660470833913
0.5012660470833913
0.5012660470833913
0.5012660470833913
0.5012660470833913
0.5012660470833913
0.5012660470833913
0.5012660470833913
0.5012660470833913
0.5012660470833913
0.5012660470833913
0.5012660470833913
0.5012660470833913
0.5012660470833913
0.5012660470833913
0.5012660470833913
0.5012660470833913
0.5012660470833913
0.5012660470833913
0.5012660470833913
0.5012660470833913
0.5012660470833913
0.5012660470833913
0.5012660470833913
0.5012660470833913
0.5012660470833913
0.5012660470833913
0.5012660470833913
0.5012660470833913
0.5012660470833913
0.5012660470833913
0.5012660470833913
0.5012660470833913
0.5012660470833913
0.5012660470833913
0.5012660470833913
0.5012660470833913
0.5012660470833913
0.5012660470833913
0.5012660470833913
0.5012660470833913
0.5012660470833913
0.5012660470833913
0.5012660470833913
0.5012660470833913
0.5012660470833913
0.5012660470833913
0.5012660470833913
0.5012660470833913
0.5012660470833913
0.5012660470833913
0.5012660470833913
0.5012660470833913
0.5012660470833913
0.5012660470833913
0.5012660470833913
0.5012660470833912
0.5012660470833912
0.5012660470833912
0.5012660470833912
0.5012660470833912
0.5012660470833912
0.5012660470833912
0.5012660470833912
0.5012660470833912
0.5012660470833912
0.5012660470833912
0.5012660470833912
0.5012660470833912
0.5012660470833912
0.5012660470833912
0.5012660470833912
0.5012660470833912
0.5012660470833912
0.5012660470833912
0.5012660470833912
0.5012660470833912
0.5012660470833912
0.5012660470833912
0.5012660470833912
0.5012660470833912
0.5012660470833912
0.5012660470833912
0.5012660470833912
0.5012660470833912
0.5012660470833912
0.5012660470833912
0.5012660470833912
0.5012660470833912
0.5012660470833912
0.5012660470833912
0.5012660470833912
0.5012660470833912
0.5012660470833912
0.5012660470833912
0.5012660470833912
0.5012660470833912
0.5012660470833912
0.5012660470833912
0.5012660470833912
0.5012660470833912
0.5012660470833912
0.5012660470833912
0.5012660470833912
0.5012660470833912
0.5012660470833912
0.5012660470833912
0.5012660470833912
0.5012660470833912
0.5012660470833912
0.5012660470833912
0.5012660470833912
0.5012660470833912
0.5012660470833912
0.5012660470833912
0.5012660470833912
0.5012660470833912
0.5012660470833912
0.5012660470833912
0.5012660470833912
0.5012660470833912
0.5012660470833912
0.5012660470833912
0.5012660470833912
0.5012660470833912
0.5012660470833913
0.5012660470833912
0.5012660470833912
0.5012660470833912
0.5012660470833912
0.5012660470833912
0.5012660470833912
0.5012660470833912
0.5012660470833912
0.5012660470833912
0.5012660470833912
0.5012660470833912
0.5012660470833912
0.5012660470833912
0.5012660470833912
0.5012660470833912
0.5012660470833912
0.5012660470833912
0.5012660470833912
0.5012660470833912
0.5012660470833912
0.5012660470833912
0.5012660470833912
0.5012660470833912
0.5012660470833912
0.5012660470833912
0.5012660470833912
0.5012660470833912
0.5012660470833912
0.5012660470833912
0.5012660470833912
0.5012660470833912
0.5012660470833912
0.5012660470833912
0.5012660470833912
0.5012660470833912
0.5012660470833912
0.5012660470833912
0.5012660470833912
0.5012660470833912
0.5012660470833912
0.5012660470833912
0.5012660470833912
0.5012660470833912
0.5012660470833912
0.5012660470833912
0.5012660470833912
0.5012660470833912
0.5012660470833912
0.5012660470833912
0.5012660470833912
0.5012660470833912
0.5012660470833912
0.5012660470833912
0.5012660470833912
0.5012660470833912
0.5012660470833912
0.5012660470833912
0.5012660470833912
0.5012660470833912
0.5012660470833912
0.5012660470833912
0.5012660470833912
0.5012660470833912
0.5012660470833912
0.5012660470833912
0.5012660470833912
0.5012660470833912
0.5012660470833912
0.5012660470833912
0.5012660470833912
0.5012660470833912
0.5012660470833912
0.5012660470833912
0.5012660470833912
0.5012660470833912
0.5012660470833912
0.5012660470833913
0.5012660470833913
0.5012660470833913
0.5012660470833913
0.5012660470833913
0.5012660470833913
0.5012660470833913
0.5012660470833913
0.5012660470833913
0.5012660470833913
0.5012660470833913
0.5012660470833913
0.5012660470833913
0.5012660470833913
0.5012660470833913
0.5012660470833913
0.5012660470833913
0.5012660470833913
0.5012660470833913
0.5012660470833913
0.5012660470833913
0.5012660470833913
0.5012660470833913
0.5012660470833913
0.5012660470833913
0.5012660470833913
0.5012660470833913
0.5012660470833913
0.5012660470833913
0.5012660470833913
0.5012660470833913
0.5012660470833913
0.5012660470833913
0.5012660470833913
0.5012660470833913
0.5012660470833913
0.5012660470833913
0.5012660470833913
0.5012660470833913
0.5012660470833913
0.5012660470833913
0.5012660470833913
0.5012660470833913
0.5012660470833913
0.5012660470833913
0.5012660470833913
0.5012660470833913
0.5012660470833913
0.5012660470833913
0.5012660470833913
0.5012660470833913
0.5012660470833913
0.5012660470833913
0.5012660470833913
0.5012660470833913
0.5012660470833913
0.5012660470833913
0.5012660470833913
0.5012660470833913
0.5012660470833913
0.5012660470833913
0.5012660470833913
0.5012660470833913
0.5012660470833913
0.5012660470833913
0.5012660470833913
0.5012660470833913
0.5012660470833913
0.5012660470833913
0.5012660470833913
0.5012660470833913
0.5012660470833913
0.5012660470833912
0.5012660470833912
0.5012660470833912
0.5012660470833912
0.5012660470833912
0.5012660470833912
0.5012660470833912
0.5012660470833912
0.5012660470833912
0.5012660470833912
0.5012660470833912
0.5012660470833912
0.5012660470833912
0.5012660470833912
0.5012660470833912
0.5012660470833912
0.5012660470833912
0.5012660470833912
0.5012660470833912
0.5012660470833912
0.5012660470833912
0.5012660470833912
0.5012660470833912
0.5012660470833912
0.5012660470833912
0.5012660470833912
0.5012660470833912
0.5012660470833912
0.5012660470833912
0.5012660470833912
0.5012660470833912
0.5012660470833912
0.5012660470833912
0.5012660470833912
0.5012660470833912
0.5012660470833912
0.5012660470833912
0.5012660470833912
0.5012660470833912
0.5012660470833912
0.5012660470833912
0.5012660470833912
0.5012660470833912
0.5012660470833912
0.5012660470833912
0.5012660470833912
0.5012660470833912
0.5012660470833912
0.5012660470833912
0.5012660470833912
0.5012660470833912
0.5012660470833912
0.5012660470833912
0.5012660470833912
0.5012660470833912
0.5012660470833912
0.5012660470833912
0.5012660470833912
0.5012660470833912
0.5012660470833912
0.5012660470833912
0.5012660470833912
0.5012660470833913
0.5012660470833914
0.5012660470833914
0.5012660470833914
0.5012660470833914
0.5012660470833914
0.5012660470833914
0.5012660470833914
0.5012660470833914
0.5012660470833914
0.5012660470833914
0.5012660470833914
0.5012660470833914
0.5012660470833914
0.5012660470833914
0.5012660470833914
0.5012660470833914
0.5012660470833914
0.5012660470833914
0.5012660470833914
0.5012660470833914
0.5012660470833914
0.5012660470833914
0.5012660470833914
0.5012660470833914
0.5012660470833914
0.5012660470833914
0.5012660470833914
0.5012660470833914
0.5012660470833914
0.5012660470833914
0.5012660470833914
0.5012660470833914
0.5012660470833914
0.5012660470833914
0.5012660470833914
0.5012660470833914
0.5012660470833914
0.5012660470833914
0.5012660470833914
0.5012660470833914
0.5012660470833914
0.5012660470833914
0.5012660470833914
0.5012660470833914
0.5012660470833914
0.5012660470833914
0.5012660470833914
0.5012660470833914
0.5012660470833914
0.5012660470833914
0.5012660470833914
0.5012660470833914
0.5012660470833914
0.5012660470833913
0.5012660470833913
0.5012660470833913
0.5012660470833913
0.5012660470833913
0.5012660470833913
0.5012660470833913
0.5012660470833913
0.5012660470833913
0.5012660470833913
0.5012660470833913
0.5012660470833913
0.5012660470833913
0.5012660470833913
0.5012660470833913
0.5012660470833913
0.5012660470833913
0.5012660470833913
0.5012660470833913
0.5012660470833913
0.5012660470833913
0.5012660470833913
0.5012660470833913
0.5012660470833913
0.5012660470833913
0.5012660470833913
0.5012660470833913
0.5012660470833913
0.5012660470833913
0.5012660470833913
0.5012660470833913
0.5012660470833913
0.5012660470833913
0.5012660470833912
0.5012660470833913
0.5012660470833913
0.5012660470833913
0.501374874809452
0.5012660470833913
0.5012660470833913
0.5045064392455849
0.5012660470833913
0.5048243904793582
0.5012660470833913
0.5012660470833913
0.5051460406542475
0.5012660470833913
0.5054706100779593
0.5012660470833913
0.5057993254689055
0.5012660470833913
0.5012660470833913
0.5061304061176037
0.5012660470833913
0.5064658357183774
0.5012660470833913
0.5012660470833913
0.5068053349893211
0.5012660470833913
0.5071476116564463
0.5012660470833913
0.5012660470833913
0.5074935851412054
0.5012660470833913
0.5077992315881443
0.5012660470833913
0.5080216364386899
0.5082463827352897
0.5083291053057972
0.5083291053057972
0.5083291053057972
0.5083291053057973
0.5083291053057973
0.5083291053057972
0.5083291053057973
0.5083291053057973
0.5083291053057973
0.5083291053057973
0.5161830869397718
0.5161830869397718
0.5191439501559498
0.5193749844322362
0.5196050356051599
0.5198346935802571
0.520062329120877
0.5202882144888946
0.523369503595896
0.5237169126525889
0.5240639488612929
0.5244082161434338
0.5247499113430725
0.5250894006007959
0.5254253048598507
0.5255681464673105
