0.0,0.0,0.0,0.0,0.1129184502961514,0.1129111429204512,0.11290415656922714,0.11289750576207105,0.11289118232871038,0.11288527152550375,0.11287983166569937,0.11287542841854584,0.0,0.0,0.0,0.0
0.0,0.0,0.0,0.0,0.11290586978476706,0.11289862749536822,0.11289170063708877,0.11288510362941502,0.11287882834656998,0.11287295949751142,0.11286755501992887,0.11286312985418442,0.0,0.0,0.0,0.0
0.0,0.0,0.0,0.0,0.11273374721666421,0.11272650926465785,0.11271958191721586,0.11271297964100584,0.11270669425733737,0.11270081084034028,0.11269538757366551,0.11269089027087296,0.0,0.0,0.0,0.0,0.11274369856280614
0.0,0.0,0.0,0.0,0.11273596087852289,0.11272893589388477,0.11272220683897938,0.11271578783056047,0.11270967086448316,0.11270393903672868,0.11269864917599777,0.11269420637456949,0.0,0.0,0.0,0.0,0.11274530744936787
0.0,0.0,0.0,0.0,0.11259450944832557,0.11258768167637069,0.11258113466860695,0.11257488224199873,0.11256891652991023,0.11256331897337597,0.11255814526558253,0.1125537430998199,0.0,0.0,0.0,0.0,0.11260323728265122
0.0,0.0,0.0,0.0,0.11240648529236634,0.11239993985201797,0.11239365594544691,0.11238764692957005,0.11238190516537677,0.1123765094983911,0.11237151384323593,0.11236720676497716,0.0,0.0,0.0,0.0,0.11241447312901891
0.0,0.0,0.0,0.0,0.11204236961377277,0.11203612870477751,0.11203012889495213,0.11202438304271142,0.11201888375623385,0.11201370706620901,0.11200890495820348,0.1120047090081126,0.0,0.0,0.0,0.0,0.11204958775984941
0.0,0.0,0.0,0.0,0.11138240265998296,0.11137644532080906,0.11137070934559644,0.11136520714035889,0.11135993153141632,0.11135495601484452,0.11135033083792731,0.11134623428889609,0.0,0.0,0.0,0.0,0.11138887949374053
0.0,0.0,0.0,0.0,0.1103993058489839,0.1103936881337717,0.11038827034595848,0.11038306431904671,0.11037806316962728,0.11037333713850193,0.11036893424239104,0.11036498103953823,0.0,0.0,0.0,0.0,0.11040500320328117
0.0,0.0,0.0,0.0,0.10733327454533896,0.1073280549563425,0.10732301238054098,0.10731815794755943,0.1073134851422167,0.10730906016432415,0.10730492826269405,0.1073011670126182,0.0,0.0,0.0,0.0,0.10733816524835034
0.0,0.0,0.0,0.0,0.10381175010932826,0.10380692991878177,0.1038022648948697,0.10379776544488799,0.10379342543787455,0.10378930690519554,0.10378545224117583,0.10378189480394356,0.0,0.0,0.0,0.0,0.10381588474150431
0.0,0.0,0.0,0.0,0.0997493852147116,0.0997449625903439,0.09974067464649934,0.09973653105301007,0.0997325260780909,0.09972871747402147,0.09972514470570779,0.09972180205494889,0.0,0.0,0.0,0.0,0.09975282440284941
0.0,0.0,0.0,0.0,0.09507054687478135,0.09506655569060157,0.0950626792487073,0.09505892638723462,0.09505529183703644,0.0950518284832063,0.09504857246044032,0.09504550740352083,0.0,0.0,0.0,0.0,0.09507332765457342
0.0,0.0,0.0,0.0,0.08950622476455469,0.089502628248809,0.08949912911287049,0.08949573542108669,0.08949244233849407,0.08948929820896483,0.08948633606025366,0.08948354091416809,0.0,0.0,0.0,0.0,0.08950844014608346
0.0,0.0,0.0,0.0,0.0828860251244842,0.08288282973242406,0.08287971571426693,0.082876690320741,0.08287374918194484,0.08287093583858708,0.08286828003349919,0.08286576826120225,0.0,0.0,0.0,0.0,0.08288774257566062
0.0,0.0,0.0,0.0,0.07496857270240816,0.07496580263804366,0.07496309889310102,0.07496046782380764,0.07495790558120899,0.07495545039371251,0.07495312837251557,0.07495092764754963,0.0,0.0,0.0,0.0,0.07496991323747769
0.0,0.0,0.0,0.0,0.06551271159321043,0.06551038261018687,0.06550810605067055,0.06550588731462531,0.06550372311804716,0.0655016459839118,0.06549967812422235,0.06549780943077592,0.0,0.0,0.0,0.0,0.0655137216449676
0.0,0.0,0.0,0.0,0.05447754556078931,0.054475671204866245,0.054473836522876205,0.05447204590284378,0.05447029666566214,0.05446861527364909,0.05446701979790429,0.0544655020065781,0.0,0.0,0.0,0.0,0.05447827014500833
0.0,0.0,0.0,0.0,0.04222323898229457,0.04222182978805623,0.042220448627574333,0.042219098829994896,0.0422177783553424,0.04221650730408656,0.04221529940162006,0.04221414838996879,0.0,0.0,0.0,0.0,0.042223720779687196
0.0,0.0,0.0,0.0,0.02960452295966717,0.029603563866899406,0.029602622633907373,0.02960170154699444,0.029600799200278277,0.029599929413693347,0.02959910162321934,0.029598311522762842,0.0,0.0,0.0,0.0,0.029604808057660102
0.0,0.0,0.0,0.0,0.017869305861920474,0.017868745593980887,0.01786819495082563,0.0178676552816343,0.017867125753573465,0.01786661453227459,0.017866127192531493,0.0178656611877773,0.0,0.0,0.0,0.0,0.017869444039654063
0.0,0.0,0.0,0.0,0.008350612915903648,0.008350362802498701,0.008350116477680896,0.008349874552314932,0.008349636647351475,0.008349406466233398,0.008349186537017671,0.008348975703323566,0.0,0.0,0.0,0.0,0.008350656769223946
0.0,0.0,0.0,0.0,0.0021575019960888013,0.002157441819462308,0.0021573823562084393,0.00215732375664921,0.0021572659267614413,0.002157209780269529,0.002157155940771217,0.0021571041224176554,0.0,0.0,0.0,0.0,0.002157505591816987
0.0,0.0,0.0,0.0,8e-06,8e-06,8e-06,8e-06,8e-06,8e-06,8e-06,8e-06,0.0,0.0,0.0,0.0,8e-06
0.0,0.0,0.0,0.0,0.0021575845267222935,0.0021575244054699975,0.002157464996938746,0.002157406451312253,0.002157348674654149,0.0021572925798474334,0.002157238789915889,0.002157187019274369,0.0,0.0,0.0,0.0,0.002157588119459701
0.0,0.0,0.0,0.0,0.008351743069171334,0.008351493727819423,0.008351248163602132,0.008351006985496833,0.008350769815631768,0.008350540345990254,0.008350321096811017,0.008350110915299974,0.0,0.0,0.0,0.0,0.008351786797851764
0.0,0.0,0.0,0.0,0.017873756098127407,0.017873198903464085,0.017872651282214373,0.01787211457614509,0.01787158795703047,0.017871079545548806,0.017870594885822263,0.01787013144534171,0.0,0.0,0.0,0.0,0.017873893577261088
0.0,0.0,0.0,0.0,0.02960684693410538,0.029605889458154542,0.029604949812794438,0.029604030280466053,0.029603129457681357,0.029602261140973217,0.029601434750353473,0.02960064598704257,0.0,0.0,0.0,0.0,0.029607107835136287,0.02960638010302693
0.0,0.0,0.0,0.0,0.04222977191063125,0.04222836729275902,0.042226990620616835,0.04222564521251196,0.04222432903517125,0.042223062123448486,0.04222185815796171,0.04222071090123311,0.0,0.0,0.0,0.0,0.04223020975969474,0.04222912457985811
0.0,0.0,0.0,0.0,0.05448582960363218,0.05448396109012152,0.05448213213122956,0.054480347101263704,0.05447860332957827,0.05447692719551838,0.054475336713562535,0.05447382367776513,0.0,0.0,0.0,0.0,0.05448648446711843,0.05448501827844357
0.0,0.0,0.0,0.0,0.06552306142589094,0.06552073979434439,0.06551847042696435,0.06551625870661373,0.06551410135980877,0.06551203080617767,0.06551006918719504,0.06550820642690466,0.0,0.0,0.0,0.0,0.06552396909538603,0.06552212129139576
0.0,0.0,0.0,0.0,0.07500003144255113,0.07499728389127024,0.07499460214134022,0.07499199249714102,0.07498945114152208,0.07498701598985638,0.0749847129397027,0.07498253021860705,0.0,0.0,0.0,0.0,0.07500122377133182,0.07499900909298046
0.0,0.0,0.0,0.0,0.08293723488387968,0.08293407642004395,0.08293099842791102,0.08292800807407448,0.08292510104008537,0.08292232035919847,0.08291969542790233,0.08291721289886049,0.0,0.0,0.0,0.0,0.08293874880167139,0.08293617422247665
0.0,0.0,0.0,0.0,0.08951960222073957,0.08951598065690708,0.08951245617104636,0.08950903680782671,0.08950571774770438,0.08950254720647922,0.08949955812642295,0.08949673557351338,0.0,0.0,0.0,0.0,0.08952165073147783,0.08951869788947295,0.08949471417929371
0.0,0.0,0.0,0.0,0.09507552215188923,0.09507149055390911,0.09506757353428569,0.09506377992603028,0.09506010446773508,0.0950566000006983,0.09505330263222025,0.09505019601637109,0.0,0.0,0.0,0.0,0.09507801867135804,0.09507470799568803,0.09504794541803956
0.0,0.0,0.0,0.0,0.09979370705542673,0.09978926148196607,0.09978494955845174,0.09978078088684375,0.09977674978268353,0.09977291357267294,0.0997693114344376,0.09976592565819568,0.0,0.0,0.0,0.0,0.09979670153202484,0.0997930280816357,0.0997634453037671
0.0,0.0,0.0,0.0,0.10384364821374747,0.10383878077342568,0.10383406766922856,0.10382951926238668,0.10382512945816162,0.10382095998740101,0.10381705304347558,0.10381338958234758,0.0,0.0,0.0,0.0,0.10384719042471303,0.10384314636262448,0.10381067678410408
0.0,0.0,0.0,0.0,0.10734740416764607,0.10734210631917504,0.10733698501162042,0.10733205135908759,0.10732729886687352,0.1073227936098857,0.10731858075701581,0.10731463995260723,0.0,0.0,0.0,0.0,0.10735154011404624,0.10734711645842138,0.10731169123760681
0.0,0.0,0.0,0.0,0.11038973159290406,0.11038399738685348,0.11037846318786863,0.11037314085401621,0.11036802350157345,0.11036318147715,0.11035866287639286,0.11035444605782538,0.0,0.0,0.0,0.0,0.11039449923995737,0.11038968832474334,0.11035125876377651
0.0,0.0,0.0,0.0,0.11139181766097352,0.11138573730999894,0.11137987787695815,0.11137425176449202,0.11136885181893551,0.11136375146430012,0.11135900090678125,0.11135457758838822,0.0,0.0,0.0,0.0,0.11139715939345189,0.11139203226849662,0.11135120090430532
0.0,0.0,0.0,0.0,0.11202334574227381,0.11201693800830094,0.11201077166985357,0.11200485962945565,0.1119991944908927,0.11199385248526272,0.11198888574457969,0.11198427087818573,0.0,0.0,0.0,0.0,0.11202926357561885,0.11202386941310002,0.11198071345816554
0.0,0.0,0.0,0.0,0.11251529528729307,0.11250865924401818,0.11250228134200388,0.11249617478412041,0.11249033204924404,0.11248483098621016,0.11247972484040146,0.11247498975607158,0.0,0.0,0.0,0.0,0.11252171948998624,0.11251620135670487,0.11247130445089018
0.0,0.0,0.0,0.0,0.11279711519258245,0.11279024668597312,0.112783652641363,0.11277734657894675,0.11277132083912796,0.11276565500100598,0.11276040349946115,0.11275554197618823,0.0,0.0,0.0,0.0,0.1128040328590798,0.11279838338225794,0.11275172170167241
0.0,0.0,0.0,0.0,0.11292090959752205,0.11291380809188134,0.11290699656233262,0.1129004888605334,0.11289427717471479,0.11288844291592895,0.11288304177702871,0.11287804886189436,0.0,0.0,0.0,0.0,0.11292829579469676,0.11292250863970602,0.1128740873577633
0.0,0.0,0.0,0.0,0.11302271502889842,0.11301546038958236,0.11300850704309565,0.11300186903385158,0.1129955384728855,0.11298959779915824,0.11298410341330088,0.11297903012553921,0.0,0.0,0.0,0.0,0.11303045756289122,0.11302459109321841,0.11297496561056114
