5.151176105380826e-06
1.0320798778055818e-05
1.5868334506359354e-05
2.1465703210039548e-05
2.711184283803397e-05
3.2804545745598194e-05
3.853718820680199e-05
4.4298031937622775e-05
5.006814884872997e-05
5.573076451780508e-05
6.125742994631453e-05
6.661334749929611e-05
7.174686390323778e-05
7.659918555165958e-05
8.110193544605252e-05
8.515206081779294e-05
8.865395505973142e-05
9.150936778772118e-05
9.36409085976997e-05
9.502269647645252e-05
9.570447369443679e-05
9.581706356353072e-05
9.555905804203156e-05
9.517254564156825e-05
9.491454102936376e-05
9.502714341955306e-05
9.570897021363853e-05
9.717191338599769e-05
9.94380276092757e-05
0.00010248614973761747
0.00010623950493671046
0.00011059799647204339
0.00011546287684305144
0.0001210210651444077
0.00012696099171603467
0.0001332267258287928
0.00013977365662811266
0.0001465657026133474
0.00015357281333990404
0.00016065577342507984
0.00016778153649082904
0.00017492297426362097
0.00018207085224957782
0.0001892201473912574
0.00019637072327227475
