1.1189941200032808e-06
2.6223351278706477e-06
4.135634872383403e-06
5.6764270174871605e-06
7.207520135099915e-06
8.748654617665604e-06
1.0304932171560534e-05
1.1842998980617935e-05
1.3394569532056852e-05
1.4927646495333475e-05
1.643802582282001e-05
1.7924455383550963e-05
1.943441347266498e-05
2.0917085752503405e-05
2.2371951431853637e-05
2.381846951368753e-05
2.5244967949970272e-05
2.6640618424125646e-05
2.7993221803678615e-05
2.9311435768162255e-05
3.0570245348488935e-05
3.179493372129028e-05
3.3309584556251876e-05
3.4959082110590674e-05
3.657893963368784e-05
3.8109723653918876e-05
3.960162823212799e-05
4.1016931211374506e-05
4.2432768670194725e-05
4.3801485885595e-05
4.518516982986613e-05
4.659940763467842e-05
4.798050999998688e-05
4.93618942513122e-05
5.076949709376171e-05
5.222256774048702e-05
5.367804643367886e-05
5.5143622973286175e-05
5.668595139830086e-05
5.8220599724187014e-05
5.977232489318042e-05
6.139214357246987e-05
6.307019520898136e-05
6.473078321146724e-05
6.642479727933626e-05
