[9.52083333],[0.4063497]
[9.54166667],[0.40202989]
[9.5625],[0.42080615]
[9.58333333],[0.41132597]
[9.60416667],[0.39827034]
[9.625],[0.38269173]
[9.64583333],[0.36466029]
[9.66666667],[0.3444552]
[9.52083333],[0.40635149]
[9.6875],[0.32304361]
[9.54166667],[0.42684244]
[9.70833333],[0.30032755]
[9.72916667],[0.27727293]
[9.75],[0.2543468]
[9.77083333],[0.23174404]
[9.79166667],[0.20976113]
[9.8125],[0.18907012]
[9.83333333],[0.16914706]
[9.85416667],[0.15089003]
[9.875],[0.13416773]
[9.89583333],[0.11864817]
[9.91666667],[0.10346466]
[9.9375],[0.08661836]
[9.95833333],[0.06354938]
[9.97916667],[0.02769301]
[10.],[0.00013676]
[10.02083333],[0.0276946]
[10.04166667],[0.06356307]
[10.0625],[0.0866534]
[10.08333333],[0.10955378]
[10.10416667],[0.12616669]
[10.125],[0.14325335]
[10.14583333],[0.16176061]
[10.16666667],[0.1821282]
[10.1875],[0.20444202]
[10.20833333],[0.24032075]
[10.22916667],[0.26816563]
[10.25],[0.29771646]
[10.27083333],[0.32858263]
[10.29166667],[0.36028617]
[10.3125],[0.39225752]
[10.33333333],[0.42355028]
[10.35416667],[0.45318985]
[10.375],[0.48061726]
[10.39583333],[0.50523526]
[10.41666667],[0.52634671]
[10.4375],[0.54397098]
[9.52083333],[0.4063509]
[9.54166667],[0.42683992]
[9.52083333],[0.40634946]
[9.52083333],[0.40634878]
[9.52083333],[0.40635076]
[9.52083333],[0.40635096]
[9.52083333],[0.40634927]
[9.54166667],[0.42683844]
[9.5625],[0.42113067]
[9.58333333],[0.41196165]
[9.60416667],[0.39947176]
[9.625],[0.38406661]
[9.64583333],[0.36593302]
[9.52083333],[0.40635211]
[9.52083333],[0.40635051]
[9.52083333],[0.40635097]
[9.52083333],[0.40635176]
[9.54166667],[0.40103643]
[9.5625],[0.39235602]
[9.58333333],[0.38055418]
[9.60416667],[0.36595836]
[9.625],[0.34896505]
[9.64583333],[0.33002176]
[9.66666667],[0.30960746]
[9.6875],[0.28820672]
[9.70833333],[0.26610534]
[9.72916667],[0.2439878]
[9.75],[0.2222729]
[9.77083333],[0.20132264]
[9.79166667],[0.18143246]
[9.8125],[0.16282292]
[9.83333333],[0.14563012]
[9.52083333],[0.40635075]
[9.54166667],[0.40103544]
[9.5625],[0.39235506]
[9.58333333],[0.38055327]
[9.60416667],[0.3659575]
[9.625],[0.34896425]
[9.64583333],[0.33002102]
[9.66666667],[0.30960678]
[9.6875],[0.2882061]
[9.70833333],[0.26610479]
[9.72916667],[0.24398731]
[9.75],[0.22227246]
[9.77083333],[0.20132225]
[9.79166667],[0.18143212]
[9.8125],[0.16282262]
[9.83333333],[0.14562986]
[9.85416667],[0.12988912]
[9.875],[0.11550012]
[9.89583333],[0.10214462]
[9.91666667],[0.08907693]
[9.9375],[0.0745772]
[9.95833333],[0.05471497]
[9.97916667],[0.02384584]
[10.],[0.00011778]
[10.02083333],[0.02384588]
[10.04166667],[0.05471507]
[10.0625],[0.07457716]
[10.08333333],[0.0890766]
[10.10416667],[0.10214387]
[10.125],[0.1154988]
[10.14583333],[0.12988702]
[10.16666667],[0.14562671]
[10.1875],[0.16281808]
[10.20833333],[0.18142573]
[10.22916667],[0.20131343]
[10.25],[0.22226051]
[10.27083333],[0.24397138]
[10.29166667],[0.26608388]
[10.3125],[0.2881791]
[10.33333333],[0.30957252]
[10.35416667],[0.32997827]
[10.375],[0.34891181]
[10.39583333],[0.36589424]
[10.41666667],[0.38047824]
[10.4375],[0.39226744]
[10.45833333],[0.40093395]
[10.47916667],[0.40623279]
[10.5],[0.40801265]
[10.52083333],[0.40622253]
[10.54166667],[0.40091391]
[10.5625],[0.39223853]
[10.58333333],[0.38044174]
[10.60416667],[0.36585166]
[10.625],[0.34886477]
[10.64583333],[0.32992841]
[10.66666667],[0.30952135]
[10.6875],[0.28812797]
[10.70833333],[0.26603395]
[10.72916667],[0.24392351]
[10.75],[0.22221531]
[10.77083333],[0.20127128]
[10.79166667],[0.18138679]
[10.8125],[0.16278239]
[10.83333333],[0.14559418]
[10.85416667],[0.12985751]
[10.875],[0.11547216]
[10.89583333],[0.10212004]
[10.91666667],[0.08905571]
[10.9375],[0.0745598]
[10.95833333],[0.05470281]
[10.97916667],[0.02384103]
[11.],[0.00011778]
[11.02083333],[0.0238411]
[11.04166667],[0.05470298]
[11.0625],[0.07455988]
[11.08333333],[0.08905549]
[11.10416667],[0.10211938]
[11.125],[0.11547087]
[11.14583333],[0.12985535]
[11.16666667],[0.14559085]
[11.1875],[0.16277746]
[11.20833333],[0.18137973]
[11.22916667],[0.20126141]
[11.25],[0.22220178]
[11.27083333],[0.2439053]
[11.29166667],[0.26600987]
[11.3125],[0.28809666]
[11.33333333],[0.30948141]
[11.35416667],[0.32987836]
[11.375],[0.3488032]
[11.39583333],[0.36577732]
[11.41666667],[0.38035367]
[11.4375],[0.39213618]
[11.45833333],[0.40079726]
[11.47916667],[0.40609215]
[11.5],[0.40786973]
[11.52083333],[0.40607911]
[11.54166667],[0.4007718]
[11.5625],[0.39209948]
[11.58333333],[0.38030734]
[11.60416667],[0.36572331]
[11.625],[0.34874358]
[11.64583333],[0.32981521]
[11.66666667],[0.30941667]
[11.6875],[0.28803204]
[11.70833333],[0.26594685]
[11.72916667],[0.24384497]
[11.75],[0.2221449]
[11.77083333],[0.20120843]
[11.79166667],[0.18133088]
[11.8125],[0.16273276]
[11.83333333],[0.14555018]
[11.85416667],[0.12981853]
[11.875],[0.1154377]
[11.89583333],[0.10208976]
[11.91666667],[0.08902958]
[11.9375],[0.0745384]
[11.95833333],[0.05468785]
[11.97916667],[0.02383513]
[12.],[0.00011777]
[12.02083333],[0.02383525]
[12.04166667],[0.0546882]
[12.0625],[0.07453874]
[12.08333333],[0.08902967]
[12.10416667],[0.10208942]
[12.125],[0.11543671]
[12.14583333],[0.12981662]
[12.16666667],[0.14554698]
[12.1875],[0.16272777]
[12.20833333],[0.18132344]
[12.22916667],[0.2011977]
[12.25],[0.22212983]
[12.27083333],[0.24382428]
[12.29166667],[0.26591903]
[12.3125],[0.28799536]
[12.33333333],[0.30936932]
[12.35416667],[0.32975529]
[12.375],[0.34866922]
[12.39583333],[0.36563285]
[12.41666667],[0.38019949]
[12.4375],[0.39197346]
[12.45833333],[0.4006275]
[12.47916667],[0.40591719]
[12.5],[0.40769164]
[9.52083333],[0.40635048]
[9.54166667],[0.40103517]
[9.5625],[0.39235481]
[9.58333333],[0.38055302]
[9.60416667],[0.36595727]
[9.625],[0.34896403]
[9.64583333],[0.33002082]
[9.66666667],[0.30960659]
[9.6875],[0.28820593]
[9.70833333],[0.26610464]
[9.72916667],[0.24398718]
[9.75],[0.22227234]
[9.77083333],[0.20132215]
[9.79166667],[0.18143203]
[9.8125],[0.16282254]
[9.83333333],[0.14562979]
[9.85416667],[0.12988906]
[9.875],[0.11550007]
[9.89583333],[0.10214457]
[9.91666667],[0.08907689]
[9.9375],[0.07457717]
[9.95833333],[0.05471495]
[9.97916667],[0.02384583]
[10.],[0.00011778]
[10.02083333],[0.02384587]
[10.04166667],[0.05471505]
[10.0625],[0.07457713]
[10.08333333],[0.08907656]
[10.10416667],[0.10214383]
[10.125],[0.11549875]
[10.14583333],[0.12988696]
[10.16666667],[0.14562664]
[10.1875],[0.162818]
[10.20833333],[0.18142563]
[10.22916667],[0.20131333]
[10.25],[0.22226039]
[10.27083333],[0.24397124]
[10.29166667],[0.26608373]
[10.3125],[0.28817894]
[10.33333333],[0.30957234]
[10.35416667],[0.32997807]
[10.375],[0.34891159]
[10.39583333],[0.36589401]
[10.41666667],[0.38047799]
[10.4375],[0.39226718]
[10.45833333],[0.40093369]
[10.47916667],[0.40623252]
[10.5],[0.40801238]
[10.52083333],[0.40622226]
[10.54166667],[0.40091364]
[10.5625],[0.39223828]
[10.58333333],[0.38044149]
[10.60416667],[0.36585143]
[10.625],[0.34886455]
[10.64583333],[0.3299282]
[10.66666667],[0.30952117]
[10.6875],[0.2881278]
[10.70833333],[0.2660338]
[10.72916667],[0.24392338]
[10.75],[0.22221519]
[10.77083333],[0.20127117]
[10.79166667],[0.1813867]
[10.8125],[0.16278231]
[10.83333333],[0.14559411]
[10.85416667],[0.12985745]
[10.875],[0.11547211]
[10.89583333],[0.10212]
[10.91666667],[0.08905567]
[10.9375],[0.07455977]
[9.52083333],[0.40635121]
[10.95833333],[0.05470279]
[10.97916667],[0.02384102]
[11.],[0.00011778]
[11.02083333],[0.0238411]
[11.04166667],[0.05470296]
[11.0625],[0.07455984]
[11.08333333],[0.08905545]
[11.10416667],[0.10211933]
[11.125],[0.11547082]
[11.14583333],[0.12985529]
[11.16666667],[0.14559078]
[9.52083333],[0.40635136]
[11.1875],[0.16277738]
[11.20833333],[0.18137964]
[11.22916667],[0.2012613]
[11.25],[0.22220167]
[11.27083333],[0.24390517]
[11.29166667],[0.26600972]
[11.3125],[0.2880965]
[11.33333333],[0.30948123]
[11.35416667],[0.32987816]
[11.375],[0.34880299]
[11.39583333],[0.36577709]
[11.41666667],[0.38035342]
[11.4375],[0.39213593]
[11.45833333],[0.40079699]
[11.47916667],[0.40609187]
[11.5],[0.40786946]
[11.52083333],[0.40607884]
[11.54166667],[0.40077153]
[11.5625],[0.39209922]
[11.58333333],[0.3803071]
[11.60416667],[0.36572308]
[11.625],[0.34874336]
[11.64583333],[0.32981501]
[11.66666667],[0.30941649]
[11.6875],[0.28803187]
[11.70833333],[0.2659467]
[11.72916667],[0.24384484]
[11.75],[0.22214478]
[11.77083333],[0.20120833]
[11.79166667],[0.18133079]
[11.8125],[0.16273268]
[11.83333333],[0.14555011]
[11.85416667],[0.12981847]
[11.875],[0.11543765]
[11.89583333],[0.10208972]
[11.91666667],[0.08902954]
[11.9375],[0.07453837]
[11.95833333],[0.05468782]
[11.97916667],[0.02383512]
[12.],[0.00011777]
[12.02083333],[0.02383524]
[12.04166667],[0.05468818]
[12.0625],[0.07453871]
[12.08333333],[0.08902963]
[12.10416667],[0.10208937]
[12.125],[0.11543666]
[12.14583333],[0.12981656]
[12.16666667],[0.14554691]
[12.1875],[0.16272769]
[12.20833333],[0.18132335]
[12.22916667],[0.2011976]
[12.25],[0.22212971]
[12.27083333],[0.24382415]
[12.29166667],[0.26591888]
[12.3125],[0.2879952]
[12.33333333],[0.30936914]
[12.35416667],[0.32975509]
[12.375],[0.348669]
[12.39583333],[0.36563262]
[12.41666667],[0.38019924]
[12.4375],[0.3919732]
[12.45833333],[0.40062723]
[12.47916667],[0.40591691]
[12.5],[0.40769137]
[9.52083333],[0.40635104]
[9.52083333],[0.40635226]
[9.54166667],[0.40103692]
[9.5625],[0.3923565]
[9.58333333],[0.38055463]
[9.60416667],[0.36595879]
[9.625],[0.34896545]
[9.64583333],[0.33002213]
[9.66666667],[0.3096078]
[9.6875],[0.28820702]
[9.70833333],[0.26610562]
[9.72916667],[0.24398805]
[9.75],[0.22227312]
[9.77083333],[0.20132283]
[9.79166667],[0.18143263]
[9.8125],[0.16282307]
[9.83333333],[0.14563024]
[9.85416667],[0.12988946]
[9.875],[0.11550041]
[9.89583333],[0.10214487]
[9.91666667],[0.08907714]
[9.9375],[0.07457737]
[9.95833333],[0.05471509]
[9.97916667],[0.02384588]
[10.],[0.00011778]
[10.02083333],[0.02384593]
[9.52083333],[0.40635126]
[9.54166667],[0.40103593]
[9.5625],[0.39235554]
[9.58333333],[0.38055372]
[9.60416667],[0.36595793]
[9.625],[0.34896465]
[9.64583333],[0.33002139]
[9.66666667],[0.30960712]
[9.6875],[0.28820641]
[9.70833333],[0.26610507]
[9.72916667],[0.24398756]
[9.75],[0.22227268]
[9.77083333],[0.20132245]
[9.79166667],[0.18143229]
[9.8125],[0.16282277]
[9.83333333],[0.14562999]
[9.85416667],[0.12988923]
[9.875],[0.11550022]
[9.89583333],[0.1021447]
[9.91666667],[0.089077]
[9.9375],[0.07457725]
[9.95833333],[0.05471501]
[9.97916667],[0.02384585]
[10.],[0.00011778]
[10.02083333],[0.0238459]
[10.04166667],[0.05471511]
[10.0625],[0.07457722]
[10.08333333],[0.08907667]
[10.10416667],[0.10214396]
[10.125],[0.1154989]
[10.14583333],[0.12988713]
[10.16666667],[0.14562684]
[10.1875],[0.16281823]
[10.20833333],[0.18142589]
[10.22916667],[0.20131362]
[10.25],[0.22226073]
[10.27083333],[0.24397162]
[10.29166667],[0.26608416]
[10.3125],[0.28817941]
[10.33333333],[0.30957286]
[10.35416667],[0.32997865]
[10.375],[0.34891221]
[10.39583333],[0.36589468]
[10.41666667],[0.3804787]
[10.4375],[0.39226792]
[10.45833333],[0.40093445]
[9.52083333],[0.40634939]
[9.54166667],[0.4010341]
[9.5625],[0.39235376]
[9.58333333],[0.38055202]
[9.60416667],[0.36595633]
[9.625],[0.34896315]
[9.64583333],[0.33002]
[9.66666667],[0.30960585]
[9.6875],[0.28820526]
[9.70833333],[0.26610404]
[9.72916667],[0.24398664]
[9.75],[0.22227187]
[9.77083333],[0.20132173]
[9.79166667],[0.18143166]
[9.8125],[0.16282222]
[9.83333333],[0.14562951]
[9.85416667],[0.12988881]
[9.52083333],[0.40635292]
[9.54166667],[0.40103756]
[9.5625],[0.39235712]
[9.58333333],[0.38055523]
[9.60416667],[0.36595936]
[9.625],[0.34896598]
[9.64583333],[0.33002262]
[9.66666667],[0.30960824]
[9.6875],[0.28820743]
[9.70833333],[0.26610598]
[9.72916667],[0.24398837]
[9.75],[0.2222734]
[9.77083333],[0.20132308]
[9.79166667],[0.18143285]
[9.8125],[0.16282326]
[9.83333333],[0.14563041]
[9.85416667],[0.1298896]
[9.875],[0.11550054]
[9.89583333],[0.10214498]
[9.91666667],[0.08907723]
[9.9375],[0.07457744]
[9.95833333],[0.05471514]
[9.97916667],[0.0238459]
[10.],[0.00011778]
[10.02083333],[0.02384595]
[10.04166667],[0.05471523]
[10.0625],[0.0745774]
[10.08333333],[0.08907691]
[10.10416667],[0.10214424]
[10.125],[0.11549922]
[10.14583333],[0.1298875]
[10.16666667],[0.14562727]
[10.1875],[0.16281872]
[10.20833333],[0.18142645]
[10.22916667],[0.20131426]
[10.25],[0.22226145]
[10.27083333],[0.24397244]
[10.29166667],[0.26608507]
[10.3125],[0.28818043]
[10.33333333],[0.30957399]
[10.35416667],[0.32997988]
[10.375],[0.34891354]
[10.39583333],[0.3658961]
[10.41666667],[0.38048021]
[10.4375],[0.3922695]
[9.52083333],[0.40634971]
[9.52083333],[0.40635033]
[9.54166667],[0.40103502]
[9.5625],[0.39235466]
[9.58333333],[0.38055288]
[9.60416667],[0.36595713]
[9.625],[0.3489639]
[9.64583333],[0.3300207]
[9.66666667],[0.30960649]
[9.6875],[0.28820584]
[9.70833333],[0.26610455]
[9.72916667],[0.2439871]
[9.75],[0.22227228]
[9.77083333],[0.20132209]
[9.79166667],[0.18143198]
[9.8125],[0.1628225]
[9.83333333],[0.14562975]
[9.85416667],[0.12988902]
[9.875],[0.11550004]
[9.89583333],[0.10214455]
[9.91666667],[0.08907687]
[9.9375],[0.07457715]
[9.95833333],[0.05471494]
[9.97916667],[0.02384582]
[10.],[0.00011778]
[10.02083333],[0.02384587]
[10.04166667],[0.05471503]
[10.0625],[0.07457711]
[10.08333333],[0.08907654]
[10.10416667],[0.1021438]
[10.125],[0.11549872]
[10.14583333],[0.12988693]
[10.16666667],[0.1456266]
[10.1875],[0.16281795]
[10.20833333],[0.18142558]
[10.22916667],[0.20131327]
[10.25],[0.22226032]
[10.27083333],[0.24397117]
[10.29166667],[0.26608365]
[10.3125],[0.28817884]
[10.33333333],[0.30957223]
[10.35416667],[0.32997796]
[10.375],[0.34891147]
[10.39583333],[0.36589388]
[10.41666667],[0.38047785]
[10.4375],[0.39226703]
[10.45833333],[0.40093353]
[10.47916667],[0.40623236]
[10.5],[0.40801222]
[10.52083333],[0.4062221]
[10.54166667],[0.40091349]
[10.5625],[0.39223813]
[10.58333333],[0.38044135]
[10.60416667],[0.36585129]
[9.52083333],[0.4063491]
[9.54166667],[0.40103382]
[9.5625],[0.39235349]
[9.58333333],[0.38055176]
[9.60416667],[0.36595608]
[9.625],[0.34896292]
[9.64583333],[0.33001979]
[9.66666667],[0.30960566]
[9.6875],[0.28820508]
[9.70833333],[0.26610388]
[9.72916667],[0.2439865]
[9.75],[0.22227174]
[9.77083333],[0.20132162]
[9.79166667],[0.18143157]
[9.8125],[0.16282214]
[9.83333333],[0.14562943]
[9.85416667],[0.12988875]
[9.875],[0.1154998]
[9.89583333],[0.10214434]
[9.91666667],[0.08907669]
[9.9375],[0.07457701]
[9.95833333],[0.05471485]
[9.97916667],[0.02384579]
[10.],[0.00011778]
[10.02083333],[0.02384583]
[10.04166667],[0.05471494]
[10.0625],[0.07457697]
[10.08333333],[0.08907637]
[10.10416667],[0.1021436]
[10.125],[0.11549848]
[10.14583333],[0.12988665]
[10.16666667],[0.14562629]
[10.1875],[0.16281759]
[9.52083333],[0.40634991]
[10.20833333],[0.18142517]
[10.22916667],[0.2013128]
[10.25],[0.22225979]
[9.54166667],[0.40198723]
[10.27083333],[0.24397056]
[10.29166667],[0.26608297]
[9.5625],[0.42054824]
[10.3125],[0.28817809]
[9.58333333],[0.41094724]
[10.33333333],[0.3095714]
[10.35416667],[0.32997705]
[9.60416667],[0.39779346]
[10.375],[0.34891048]
[9.625],[0.38213859]
[10.39583333],[0.36589282]
[9.64583333],[0.36406147]
[10.41666667],[0.38047673]
[10.4375],[0.39226587]
[9.66666667],[0.34381832]
[10.45833333],[0.40093232]
[9.6875],[0.32239549]
[10.47916667],[0.40623113]
[10.5],[0.40801098]
[9.70833333],[0.29968503]
[10.52083333],[0.40622087]
[9.72916667],[0.27664578]
[10.54166667],[0.40091228]
[10.5625],[0.39223696]
[9.75],[0.25375392]
[10.58333333],[0.38044023]
[9.77083333],[0.23138638]
[10.60416667],[0.36585024]
[9.79166667],[0.20942903]
[9.8125],[0.18876934]
[9.83333333],[0.16914724]
[9.85416667],[0.15086004]
[9.875],[0.13416789]
[9.89583333],[0.1186483]
[9.91666667],[0.10346477]
[9.9375],[0.08661846]
[9.95833333],[0.06354931]
[9.97916667],[0.02769278]
[10.],[0.00013676]
[10.02083333],[0.02769391]
[10.04166667],[0.06356313]
[10.0625],[0.08665348]
[10.08333333],[0.109499]
[10.10416667],[0.12612209]
[10.125],[0.14322478]
[10.14583333],[0.16175775]
[10.16666667],[0.182159]
[10.1875],[0.20451607]
[10.20833333],[0.24049903]
[10.22916667],[0.26844206]
[10.25],[0.2981098]
[10.27083333],[0.32911209]
[10.29166667],[0.36097139]
[10.3125],[0.39311604]
[10.33333333],[0.42459236]
[10.35416667],[0.45409806]
[10.375],[0.48136532]
[10.39583333],[0.50579595]
[10.41666667],[0.52728543]
[10.4375],[0.54468704]
[10.45833333],[0.55778235]
[10.47916667],[0.56657046]
[10.5],[0.570106]
