psi err 

0 , maxErr[5] 2 0.214503 -510.332 -619.8 0 130 0.618071 -0.000119317 -4.55706e-05 1.61829 1.61829
1 , maxErr[5] 2 0.219394 -508.285 -619.8 1 130 0.617954 -5.89932e-05 -2.25381e-05 1.61829 3.23577
2 , maxErr[5] 2 0.225505 -505.751 -619.8 2 130 0.61767 -5.87656e-05 -2.24679e-05 1.61829 4.85131
3 , maxErr[5] 2 0.231453 -503.308 -619.8 3 130 0.618338 -0.0038995 -0.00148829 1.62012 6.47144
4 , maxErr[5] 2 0.233545 -502.454 -619.8 4 130 0.617894 -5.89989e-05 -2.25439e-05 1.62012 8.08851
5 , maxErr[5] 2 0.233545 -505.83 -619.8 5 130 0.616904 -5.88386e-05 -2.25408e-05 1.62012 9.69882
6 , maxErr[5] 2 0.233545 -504.16 -619.8 6 130 0.617588 -0.00390424 -0.00149303 1.62012 11.3138
7 , maxErr[5] 2 0.233545 -502.578 -619.8 7 130 0.618074 -0.000119013 -4.54543e-05 1.62012 12.9321
8 , maxErr[5] 2 0.233545 -506.354 -619.8 8 130 0.617866 -5.88604e-05 -2.24925e-05 1.62012 14.549
9 , maxErr[5] 2 0.233545 -503.957 -619.8 9 130 0.61759 -5.86326e-05 -2.24217e-05 1.62012 16.164
10 , maxErr[5] 2 0.236216 -501.369 -619.8 10 130 0.617516 -0.00389535 -0.00148991 1.62012 17.7785
11 , maxErr[5] 2 0.240617 -499.59 -619.8 11 130 0.618079 -5.88402e-05 -2.24723e-05 1.62012 19.3968
12 , maxErr[5] 2 0.240617 -503.69 -619.8 12 130 0.617884 -5.86047e-05 -2.23938e-05 1.62012 21.0138
13 , maxErr[5] 2 0.240617 -501.258 -619.8 13 130 0.617671 -0.00389438 -0.00148893 1.62012 22.6294
14 , maxErr[5] 2 0.240617 -499.595 -619.8 14 130 0.618028 -0.000118755 -4.53611e-05 1.62012 24.2474
15 , maxErr[5] 2 0.240617 -504.605 -619.8 15 130 0.617932 -5.87307e-05 -2.24392e-05 1.62012 25.8647
16 , maxErr[5] 2 0.240617 -502.012 -619.8 16 130 0.617804 -5.84893e-05 -2.23544e-05 1.62012 27.4812
17 , maxErr[5] 2 0.240933 -499.463 -619.8 17 130 0.617786 -0.00388549 -0.00148509 1.62012 29.0975
18 , maxErr[5] 2 0.245069 -497.804 -619.8 18 130 0.617925 -5.87313e-05 -2.24398e-05 1.62012 30.7148
19 , maxErr[5] 2 0.245069 -502.02 -619.8 19 130 0.617786 -5.84911e-05 -2.23561e-05 1.62012 32.3311
20 , maxErr[5] 2 0.245069 -499.432 -619.8 20 130 0.617677 -0.00388617 -0.00148577 1.62012 33.9467
21 , maxErr[5] 2 0.245199 -497.752 -619.8 21 130 0.617975 -0.000118534 -4.52828e-05 1.62012 35.5643
22 , maxErr[5] 2 0.245199 -502.91 -619.8 22 130 0.617884 -5.86308e-05 -2.24038e-05 1.62012 37.1813
23 , maxErr[5] 2 0.245199 -500.403 -619.8 23 130 0.617794 -0.00389533 -0.00148882 1.62012 38.7977
24 , maxErr[5] 2 0.245199 -498.71 -619.8 24 130 0.617885 -5.86307e-05 -2.24037e-05 1.62012 40.4147
25 , maxErr[5] 2 0.245199 -500.403 -619.8 25 130 0.618251 -0.00389246 -0.00148594 1.62012 42.0343
26 , maxErr[5] 2 0.245199 -498.635 -619.8 26 130 0.617984 -0.000118336 -4.52062e-05 1.62012 43.6519
27 , maxErr[5] 2 0.245199 -501.33 -619.8 27 130 0.617877 -5.85431e-05 -2.23707e-05 1.62012 45.2689
28 , maxErr[5] 2 0.245199 -498.768 -619.8 28 130 0.617771 -0.0038896 -0.00148672 1.62012 46.8851
29 , maxErr[5] 2 0.246896 -497.074 -619.8 29 130 0.617829 -5.85476e-05 -2.23752e-05 1.62012 48.5018
30 , maxErr[5] 2 0.246896 -498.841 -619.8 30 130 0.618064 -0.00388776 -0.00148488 1.62012 50.12
31 , maxErr[5] 2 0.246896 -497.226 -619.8 31 130 0.617952 -0.000118181 -4.51507e-05 1.62012 51.7375
32 , maxErr[5] 2 0.246896 -499.866 -619.8 32 130 0.617925 -5.84675e-05 -2.2339e-05 1.62012 53.3548
33 , maxErr[5] 2 0.246896 -497.248 -619.8 33 130 0.618295 -0.0038816 -0.00148162 1.62012 54.9746
34 , maxErr[5] 2 0.250991 -495.447 -619.8 34 130 0.617827 -5.84768e-05 -2.23482e-05 1.62012 56.5912
35 , maxErr[5] 2 0.250991 -497.371 -619.8 35 130 0.617744 -0.00388506 -0.00148509 1.62012 58.2073
36 , maxErr[5] 2 0.250991 -495.698 -619.8 36 130 0.617944 -0.000118056 -4.51041e-05 1.62012 59.8247
37 , maxErr[5] 2 0.250991 -498.517 -619.8 37 130 0.617734 -0.0038983 -0.00149019 1.62012 61.4407
38 , maxErr[5] 2 0.250991 -496.989 -619.8 38 130 0.617866 -0.00389746 -0.00148935 1.62012 63.0575
39 , maxErr[5] 2 0.250991 -496.934 -619.8 39 130 0.617884 -0.000117977 -4.50809e-05 1.62012 64.6745
40 , maxErr[5] 2 0.250991 -497.347 -619.8 40 130 0.618404 -0.00389165 -0.00148504 1.62057 66.2951
41 , maxErr[5] 2 0.250991 -495.65 -619.8 41 130 0.617809 -0.0038954 -0.00148879 1.62057 67.9116
42 , maxErr[5] 2 0.250991 -495.813 -619.8 42 130 0.617774 -0.000117942 -4.50805e-05 1.62057 69.5279
43 , maxErr[5] 2 0.250991 -496.29 -619.8 43 130 0.617701 -0.000117917 -4.50797e-05 1.62057 71.1436
44 , maxErr[5] 2 0.251653 -495.185 -619.8 44 130 0.617643 -0.00011789 -4.50762e-05 1.62057 72.759
45 , maxErr[5] 2 0.254351 -494.12 -619.8 45 130 0.617565 -0.000117868 -4.50768e-05 1.62057 74.3738
46 , maxErr[5] 2 0.257127 -493.029 -619.8 46 130 0.617508 -0.000117842 -4.50735e-05 1.62057 75.9882
47 , maxErr[5] 2 0.259892 -491.947 -619.8 47 130 0.617457 -0.000117815 -4.50693e-05 1.62057 77.6023
48 , maxErr[5] 2 0.262696 -490.854 -619.8 48 130 0.617437 -0.000117783 -4.50594e-05 1.62057 79.2163
49 , maxErr[5] 2 0.265574 -489.738 -619.8 49 130 0.617424 -0.00011775 -4.50482e-05 1.62057 80.8301
50 , maxErr[5] 2 0.268417 -488.641 -619.8 50 130 0.617283 -0.000117742 -4.50617e-05 1.62057 82.443
51 , maxErr[5] 2 0.270902 -487.685 -619.8 51 130 0.616949 -0.00785177 -0.00300763 1.62057 84.0536
52 , maxErr[5] 2 0.272844 -486.941 -619.8 52 130 0.618007 -0.000119364 -4.55963e-05 1.62057 85.6715
53 , maxErr[5] 2 0.272844 -508.599 -619.8 53 130 0.617708 -5.90515e-05 -2.25749e-05 1.62057 87.2873
54 , maxErr[5] 2 0.272844 -506.211 -619.8 54 130 0.617405 -5.88255e-05 -2.25063e-05 1.62057 88.901
55 , maxErr[5] 2 0.272844 -503.639 -619.8 55 130 0.617603 -0.00390645 -0.00149382 1.62057 90.5161
56 , maxErr[5] 2 0.272844 -501.821 -619.8 56 130 0.617855 -5.90375e-05 -2.25609e-05 1.62057 92.1329
57 , maxErr[5] 2 0.272844 -506.016 -619.8 57 130 0.617687 -5.87986e-05 -2.24794e-05 1.62057 93.7486
58 , maxErr[5] 2 0.272844 -503.465 -619.8 58 130 0.61795 -0.00390425 -0.00149162 1.62057 95.366
59 , maxErr[5] 2 0.272844 -501.694 -619.8 59 130 0.617892 -0.000119154 -4.55296e-05 1.62057 96.9831
60 , maxErr[5] 2 0.272844 -506.957 -619.8 60 130 0.617101 -5.90044e-05 -2.25928e-05 1.62057 98.5947
61 , maxErr[5] 2 0.272844 -505.242 -619.8 61 130 0.617289 -0.0039184 -0.00149961 1.62057 100.208
62 , maxErr[5] 2 0.272844 -504.266 -619.8 62 130 0.617441 -5.8972e-05 -2.25603e-05 1.62057 101.822
63 , maxErr[5] 2 0.272844 -504.811 -619.8 63 130 0.616865 -0.00392109 -0.0015023 1.62057 103.432
64 , maxErr[5] 2 0.272844 -503.235 -619.8 64 130 0.617806 -0.000118973 -4.54708e-05 1.62057 105.048
65 , maxErr[5] 2 0.272844 -505.426 -619.8 65 130 0.61772 -5.88564e-05 -2.24996e-05 1.62057 106.664
66 , maxErr[5] 2 0.272844 -502.81 -619.8 66 130 0.618241 -0.00390646 -0.00149133 1.62057 108.284
67 , maxErr[5] 2 0.272844 -501.022 -619.8 67 130 0.61759 -5.88688e-05 -2.2512e-05 1.62057 109.899
68 , maxErr[5] 2 0.272844 -502.983 -619.8 68 130 0.617349 -0.00391211 -0.00149697 1.62057 111.512
69 , maxErr[5] 2 0.272844 -501.264 -619.8 69 130 0.617721 -0.000118828 -4.54254e-05 1.62057 113.128
70 , maxErr[5] 2 0.272844 -503.997 -619.8 70 130 0.617667 -5.87901e-05 -2.24774e-05 1.62057 114.743
71 , maxErr[5] 2 0.272844 -501.367 -619.8 71 130 0.617892 -0.00390393 -0.00149172 1.62057 116.36
72 , maxErr[5] 2 0.272844 -499.57 -619.8 72 130 0.617683 -5.87885e-05 -2.24758e-05 1.62057 117.976
73 , maxErr[5] 2 0.272844 -501.347 -619.8 73 130 0.618209 -0.00390193 -0.00148972 1.62057 119.595
74 , maxErr[5] 2 0.272844 -499.541 -619.8 74 130 0.617671 -0.000118711 -4.53867e-05 1.62057 121.211
75 , maxErr[5] 2 0.272844 -502.663 -619.8 75 130 0.617703 -0.00391837 -0.00149798 1.62057 122.827
76 , maxErr[5] 2 0.272844 -500.963 -619.8 76 130 0.617774 -0.00391792 -0.00149753 1.62057 124.443
77 , maxErr[5] 2 0.272844 -500.97 -619.8 77 130 0.617601 -0.000118633 -4.53652e-05 1.62057 126.058
78 , maxErr[5] 2 0.272844 -501.487 -619.8 78 130 0.617612 -0.0039165 -0.00149762 1.62057 127.673
79 , maxErr[5] 2 0.272844 -500.158 -619.8 79 130 0.61735 -0.00391817 -0.00149929 1.62057 129.286
80 , maxErr[5] 2 0.272844 -500.003 -619.8 80 130 0.617537 -0.000118589 -4.53557e-05 1.62057 130.901
81 , maxErr[5] 2 0.272844 -500.372 -619.8 81 130 0.617513 -0.000118554 -4.53455e-05 1.62057 132.515
82 , maxErr[5] 2 0.272844 -499.296 -619.8 82 130 0.617413 -0.000118535 -4.53501e-05 1.62057 134.129
83 , maxErr[5] 2 0.272844 -498.237 -619.8 83 130 0.617286 -0.000118522 -4.536e-05 1.62057 135.742
84 , maxErr[5] 2 0.272844 -497.201 -619.8 84 130 0.617142 -0.000118513 -4.53735e-05 1.62057 137.354
85 , maxErr[5] 2 0.272844 -496.165 -619.8 85 130 0.617021 -0.000118499 -4.53826e-05 1.62057 138.965
86 , maxErr[5] 2 0.272844 -495.107 -619.8 86 130 0.616968 -0.000118473 -4.5379e-05 1.62057 140.576
87 , maxErr[5] 2 0.272844 -493.995 -619.8 87 130 0.616952 -0.00011844 -4.53684e-05 1.62057 142.187
88 , maxErr[5] 2 0.272844 -492.896 -619.8 88 130 0.616928 -0.00011841 -4.53595e-05 1.62057 143.797
89 , maxErr[5] 2 0.272844 -491.802 -619.8 89 130 0.616921 -0.00789215 -0.00302332 1.62057 145.407
90 , maxErr[5] 2 0.272844 -490.793 -619.8 90 130 0.618028 -0.000119466 -4.56327e-05 1.62057 147.025
91 , maxErr[5] 2 0.272844 -509.259 -619.8 91 130 0.617889 -0.000119454 -4.56447e-05 1.62057 148.643
92 , maxErr[5] 2 0.272844 -508.258 -619.8 92 130 0.617697 -0.000119452 -4.5667e-05 1.62057 150.258
93 , maxErr[5] 2 0.272844 -507.257 -619.8 93 130 0.617568 -0.000119439 -4.56773e-05 1.62057 151.873
94 , maxErr[5] 2 0.272844 -506.16 -619.8 94 130 0.617548 -0.000119406 -4.56669e-05 1.62057 153.488
95 , maxErr[5] 2 0.272844 -505.059 -619.8 95 130 0.617509 -0.000119376 -4.56604e-05 1.62057 155.102
96 , maxErr[5] 2 0.272844 -503.972 -619.8 96 130 0.617466 -0.000119348 -4.56547e-05 1.62057 156.716
97 , maxErr[5] 2 0.272844 -502.869 -619.8 97 130 0.617441 -0.000119317 -4.56458e-05 1.62057 158.33
98 , maxErr[5] 2 0.272844 -501.767 -619.8 98 130 0.617409 -0.000119288 -4.56384e-05 1.62057 159.944
99 , maxErr[5] 2 0.272844 -500.663 -619.8 99 130 0.617466 -0.00794984 -0.00304109 1.62057 161.558
100 , maxErr[5] 2 0.272844 -499.663 -619.8 100 130 0.617954 -0.000119482 -4.56476e-05 1.62057 163.176
101 , maxErr[5] 2 0.272844 -509.372 -619.8 101 130 0.617719 -0.000119491 -4.56793e-05 1.62057 164.792
102 , maxErr[5] 2 0.272844 -508.388 -619.8 102 130 0.617559 -0.000119487 -4.56967e-05 1.62057 166.406
103 , maxErr[5] 2 0.272844 -507.351 -619.8 103 130 0.617561 -0.00796382 -0.00304568 1.62057 168.021
104 , maxErr[5] 2 0.272844 -506.307 -619.8 104 130 nan 0 0 1.62057 168.021
105 , maxErr[5] 3 0.272844 -511.36 -619.8 105 130 nan 0 0 1.62057 168.021
106 , maxErr[5] 4 0.272844 -513.611 -619.8 106 130 nan 0 0 1.62057 168.021
107 , maxErr[5] 4 0.272844 -515.862 -619.8 107 130 nan 0 0 1.62057 168.021
108 , maxErr[5] 4 0.272844 -518.113 -619.8 108 130 nan 0 0 1.62057 168.021
109 , maxErr[5] 4 0.272844 -520.364 -619.8 109 130 0.632263 0.0219467 0.00807061 1.71934 169.741
110 , maxErr[5] 4 0.272844 -522.496 -619.8 110 130 0.627247 0.0216509 0.00807042 1.71934 171.423
111 , maxErr[5] 4 0.272844 -524.574 -619.8 111 130 0.622247 0.0213638 0.00807023 1.71934 173.07
112 , maxErr[5] 4 0.272844 -526.581 -619.8 112 130 0.617298 0.021087 0.00807005 1.71934 174.683
113 , maxErr[5] 4 0.272844 -528.512 -619.8 113 130 0.612416 0.020821 0.00806987 1.71934 176.264
114 , maxErr[5] 4 0.272844 -530.367 -619.8 114 130 0.607589 0.0205644 0.0080697 1.71934 177.812
115 , maxErr[5] 4 0.272844 -532.163 -619.8 115 130 0.602806 0.0203163 0.00806953 1.71934 179.33
116 , maxErr[5] 4 0.272844 -533.897 -619.8 116 130 nan 0 0 1.71934 179.33
117 , maxErr[5] 3 0.272844 -512.354 -619.8 117 130 nan 0 0 1.71934 179.33
118 , maxErr[5] 3 0.272844 -512.872 -619.8 118 130 nan 0 0 1.71934 179.33
119 , maxErr[5] 3 0.272844 -513.866 -619.8 119 130 nan 0 0 1.71934 179.33
120 , maxErr[5] 3 0.272844 -513.965 -619.8 120 130 nan 0 0 1.71934 179.33
121 , maxErr[5] 3 0.272844 -514.065 -619.8 121 130 nan 0 0 1.71934 179.33
122 , maxErr[5] 3 0.272844 -511.327 -619.8 122 130 nan 0 0 1.71934 179.33
123 , maxErr[5] 4 0.272844 -513.317 -619.8 123 130 nan 0 0 1.71934 179.33
124 , maxErr[5] 4 0.272844 -515.307 -619.8 124 130 nan 0 0 1.71934 179.33
125 , maxErr[5] 4 0.272844 -517.297 -619.8 125 130 nan 0 0 1.71934 179.33
126 , maxErr[5] 4 0.272844 -518.697 -619.8 126 130 nan 0 0 1.71934 179.33
127 , maxErr[5] 3 0.272844 -511.965 -619.8 127 130 nan 0 0 1.71934 179.33
128 , maxErr[5] 3 0.272844 -512.959 -619.8 128 130 nan 0 0 1.71934 179.33
129 , maxErr[5] 3 0.272844 -513.058 -619.8 129 130 nan 0 0 1.71934 179.33
130 , maxErr[5] 3 0.272844 -513.158 -619.8 130 130



0 abs: 0 0 0 0.000175 0 0.0138761 0 0.182519 0 an: 0 an_old: 0 gco2: 0 gco2_old> 0 ci: 0 ci_old:0.000175 0 0
0 0 0 0.000175 0 1.71934 0 an: 0 an_old: 0 gco2: 0 gco2_old> 0 ci: 0 ci_old:0.000175 0 0
1 abs: 0 0 0 0.000175 0 0.0138761 0 0.182519 0 an: 0 an_old: 0 gco2: 0 gco2_old> 0 ci: 0 ci_old:0.000175 0 0
1 0 0 0.000175 0 1.71934 0 an: 0 an_old: 0 gco2: 0 gco2_old> 0 ci: 0 ci_old:0.000175 0 0
2 abs: 0 0 0 0.000175 0 0.0138761 0 0.182519 0 an: 0 an_old: 0 gco2: 0 gco2_old> 0 ci: 0 ci_old:0.000175 0 0
2 0 0 0.000175 0 1.71934 0 an: 0 an_old: 0 gco2: 0 gco2_old> 0 ci: 0 ci_old:0.000175 0 0
3 abs: 0 0 0 0.000175 0 0.0138761 0 0.182519 0 an: 0 an_old: 0 gco2: 0 gco2_old> 0 ci: 0 ci_old:0.000175 0 0
3 0 0 0.000175 0 1.71934 0 an: 0 an_old: 0 gco2: 0 gco2_old> 0 ci: 0 ci_old:0.000175 0 0
4 abs: 9.51905e-07 9.51905e-07 0.0134558 0.000175 677.531 0.0138761 0 0.182519 9.51905e-07 an: 9.51905e-07 an_old: 0 gco2: 0.0134558 gco2_old> 0 ci: 0.000219226 ci_old:0.000175 -677.531 0
4 inf inf 0.252721 1 1.71934 0 an: 9.51905e-07 an_old: 0 gco2: 0.0134558 gco2_old> 0 ci: 0.000219226 ci_old:0.000175 -677.531 0
5 abs: 9.51905e-07 9.51905e-07 0.0134558 0.000175 677.531 0.0138761 0 0.182519 1.90381e-06 an: 9.51905e-07 an_old: 0 gco2: 0.0134558 gco2_old> 0 ci: 0.000219226 ci_old:0.000175 -677.531 0
5 inf inf 0.252721 1 1.71934 0 an: 9.51905e-07 an_old: 0 gco2: 0.0134558 gco2_old> 0 ci: 0.000219226 ci_old:0.000175 -677.531 0
6 abs: 9.51905e-07 9.51905e-07 0.0134558 0.000175 677.532 0.0138761 0 0.182519 2.85571e-06 an: 9.51905e-07 an_old: 0 gco2: 0.0134558 gco2_old> 0 ci: 0.000219226 ci_old:0.000175 -677.532 0
6 inf inf 0.252721 1 1.71934 0 an: 9.51905e-07 an_old: 0 gco2: 0.0134558 gco2_old> 0 ci: 0.000219226 ci_old:0.000175 -677.532 0
7 abs: 9.51905e-07 9.51905e-07 0.0134558 0.000175 677.532 0.0138761 0 0.182519 3.80762e-06 an: 9.51905e-07 an_old: 0 gco2: 0.0134558 gco2_old> 0 ci: 0.000219226 ci_old:0.000175 -677.532 0
7 inf inf 0.252721 1 1.71934 0 an: 9.51905e-07 an_old: 0 gco2: 0.0134558 gco2_old> 0 ci: 0.000219226 ci_old:0.000175 -677.532 0
8 abs: 9.51905e-07 9.51905e-07 0.0134558 0.000175 677.533 0.0138761 0 0.182519 4.75952e-06 an: 9.51905e-07 an_old: 0 gco2: 0.0134558 gco2_old> 0 ci: 0.000219226 ci_old:0.000175 -677.533 0
8 inf inf 0.252721 1 1.71934 0 an: 9.51905e-07 an_old: 0 gco2: 0.0134558 gco2_old> 0 ci: 0.000219226 ci_old:0.000175 -677.533 0
9 abs: 9.51905e-07 9.51905e-07 0.0134558 0.000175 677.534 0.0138761 0 0.182519 5.71143e-06 an: 9.51905e-07 an_old: 0 gco2: 0.0134558 gco2_old> 0 ci: 0.000219226 ci_old:0.000175 -677.534 0
9 inf inf 0.252721 1 1.71934 0 an: 9.51905e-07 an_old: 0 gco2: 0.0134558 gco2_old> 0 ci: 0.000219226 ci_old:0.000175 -677.534 0
10 abs: 9.51905e-07 9.51905e-07 0.0134558 0.000175 677.534 0.0138761 0 0.182519 6.66333e-06 an: 9.51905e-07 an_old: 0 gco2: 0.0134558 gco2_old> 0 ci: 0.000219226 ci_old:0.000175 -677.534 0
10 inf inf 0.252721 1 1.71934 0 an: 9.51905e-07 an_old: 0 gco2: 0.0134558 gco2_old> 0 ci: 0.000219226 ci_old:0.000175 -677.534 0
11 abs: 9.51905e-07 9.51905e-07 0.0134558 0.000175 677.534 0.0138761 0 0.182519 6.66333e-06 an: 0 an_old: 0 gco2: 0 gco2_old> 0 ci: 0 ci_old:0.000175 0 0
11 inf inf 0.252721 1 1.71934 0 an: 0 an_old: 0 gco2: 0 gco2_old> 0 ci: 0 ci_old:0.000175 0 0
12 abs: 9.51905e-07 9.51905e-07 0.0134558 0.000175 677.534 0.0138761 0 0.182519 6.66333e-06 an: 0 an_old: 0 gco2: 0 gco2_old> 0 ci: 0 ci_old:0.000175 0 0
12 inf inf 0.252721 1 1.71934 0 an: 0 an_old: 0 gco2: 0 gco2_old> 0 ci: 0 ci_old:0.000175 0 0
13 abs: 9.51905e-07 9.51905e-07 0.0134558 0.000175 677.534 0.0138761 0 0.182519 6.66333e-06 an: 0 an_old: 0 gco2: 0 gco2_old> 0 ci: 0 ci_old:0.000175 0 0
13 inf inf 0.252721 1 1.71934 0 an: 0 an_old: 0 gco2: 0 gco2_old> 0 ci: 0 ci_old:0.000175 0 0
14 abs: 9.51905e-07 9.51905e-07 0.0134558 0.000175 677.534 0.0138761 0 0.182519 6.66333e-06 an: 0 an_old: 0 gco2: 0 gco2_old> 0 ci: 0 ci_old:0.000175 0 0
14 inf inf 0.252721 1 1.71934 0 an: 0 an_old: 0 gco2: 0 gco2_old> 0 ci: 0 ci_old:0.000175 0 0
