psi err 

0 , maxErr[5] 2 0.0576027 -316.47 -334.7 0 130 0.092786 -6.00569e-05 -6.56293e-05 0.092786 0.092786
1 , maxErr[5] 2 0.0577264 -314.944 -333.125 1 130 0.0927513 -2.96991e-05 -3.24537e-05 0.092786 0.185537
2 , maxErr[5] 2 0.0577871 -313.248 -331.35 2 130 0.0926665 -2.9598e-05 -3.23407e-05 0.092786 0.278204
3 , maxErr[5] 2 0.0578374 -311.632 -329.656 3 130 0.0928658 -0.00196194 -0.00214413 0.0928658 0.37107
4 , maxErr[5] 2 0.0578374 -311.188 -329.174 4 130 0.0927333 -2.97049e-05 -3.24595e-05 0.0928658 0.463803
5 , maxErr[5] 2 0.0578374 -313.328 -331.429 5 130 0.0924386 -2.96709e-05 -3.24137e-05 0.0928658 0.556242
6 , maxErr[5] 2 0.0578374 -312.484 -330.508 6 130 0.0926422 -0.00196667 -0.00214887 0.0928658 0.648884
7 , maxErr[5] 2 0.0578374 -311.312 -329.298 7 130 0.0927869 -5.99038e-05 -6.54621e-05 0.0928658 0.741671
8 , maxErr[5] 2 0.0578582 -313.475 -331.612 8 130 0.0927251 -2.96364e-05 -3.23845e-05 0.0928658 0.834396
9 , maxErr[5] 2 0.0578953 -311.915 -329.973 9 130 0.0926426 -2.95348e-05 -3.2271e-05 0.0928658 0.927038
10 , maxErr[5] 2 0.0579745 -310.151 -328.132 10 130 0.0926208 -0.00196242 -0.00214418 0.0928658 1.01966
11 , maxErr[5] 2 0.0581071 -308.782 -326.724 11 130 0.0927884 -2.96162e-05 -3.23642e-05 0.0928658 1.11245
12 , maxErr[5] 2 0.0581071 -311.649 -329.707 12 130 0.0927302 -2.95069e-05 -3.22431e-05 0.0928658 1.20518
13 , maxErr[5] 2 0.0581071 -310.041 -328.022 13 130 0.0926669 -0.00196144 -0.0021432 0.0928658 1.29784
14 , maxErr[5] 2 0.0581071 -308.786 -326.729 14 130 0.0927732 -5.97781e-05 -6.53239e-05 0.0928658 1.39062
15 , maxErr[5] 2 0.0581071 -312.131 -330.23 15 130 0.0927445 -2.9568e-05 -3.23103e-05 0.0928658 1.48336
16 , maxErr[5] 2 0.0581071 -310.373 -328.393 16 130 0.0927065 -2.94525e-05 -3.21829e-05 0.0928658 1.57607
17 , maxErr[5] 2 0.058135 -308.647 -326.59 17 130 0.092701 -0.00195661 -0.00213799 0.0928658 1.66877
18 , maxErr[5] 2 0.0582467 -307.396 -325.3 18 130 0.0927426 -2.95686e-05 -3.23109e-05 0.0928658 1.76151
19 , maxErr[5] 2 0.0582467 -310.381 -328.401 19 130 0.092701 -2.94543e-05 -3.21847e-05 0.0928658 1.85421
20 , maxErr[5] 2 0.0582467 -308.616 -326.559 20 130 0.0926686 -0.00195729 -0.00213867 0.0928658 1.94688
21 , maxErr[5] 2 0.0582565 -307.344 -325.249 21 130 0.0927574 -5.96717e-05 -6.52067e-05 0.0928658 2.03964
22 , maxErr[5] 2 0.0582565 -310.783 -328.849 22 130 0.0927303 -2.952e-05 -3.22574e-05 0.0928658 2.13237
23 , maxErr[5] 2 0.0582565 -309.1 -327.089 23 130 0.0927035 -0.00196154 -0.00214338 0.0928658 2.22507
24 , maxErr[5] 2 0.0583152 -307.817 -325.767 24 130 0.0927306 -2.95199e-05 -3.22573e-05 0.0928658 2.3178
25 , maxErr[5] 2 0.0583152 -309.1 -327.089 25 130 0.0928397 -0.00195866 -0.0021405 0.0928658 2.41064
26 , maxErr[5] 2 0.0583293 -307.742 -325.693 26 130 0.09276 -5.95713e-05 -6.50971e-05 0.0928658 2.5034
27 , maxErr[5] 2 0.0583293 -309.492 -327.531 27 130 0.0927281 -2.94762e-05 -3.22094e-05 0.0928658 2.59613
28 , maxErr[5] 2 0.058364 -307.754 -325.716 28 130 0.0926968 -0.00195873 -0.00214029 0.0928658 2.68883
29 , maxErr[5] 2 0.0584834 -306.469 -324.392 29 130 0.092714 -2.94806e-05 -3.22139e-05 0.0928658 2.78154
30 , maxErr[5] 2 0.0584834 -307.827 -325.789 30 130 0.092784 -0.00195688 -0.00213845 0.0928658 2.87433
31 , maxErr[5] 2 0.0584834 -306.62 -324.544 31 130 0.0927507 -5.94962e-05 -6.50146e-05 0.0928658 2.96708
32 , maxErr[5] 2 0.0584834 -308.261 -326.278 32 130 0.0927426 -2.94358e-05 -3.21658e-05 0.0928658 3.05982
33 , maxErr[5] 2 0.0585383 -306.466 -324.406 33 130 0.092853 -0.00195306 -0.00213441 0.0928658 3.15267
34 , maxErr[5] 2 0.0586798 -305.073 -322.974 34 130 0.0927134 -2.94451e-05 -3.21751e-05 0.0928658 3.24539
35 , maxErr[5] 2 0.0586798 -306.588 -324.528 35 130 0.0926885 -0.00195653 -0.00213787 0.0928658 3.33807
36 , maxErr[5] 2 0.0586798 -305.324 -323.225 36 130 0.0927483 -5.94344e-05 -6.49469e-05 0.0928658 3.43082
37 , maxErr[5] 2 0.0586798 -307.088 -325.088 37 130 0.0926856 -0.00196322 -0.00214519 0.0928658 3.52351
38 , maxErr[5] 2 0.0587063 -305.969 -323.931 38 130 0.0927251 -0.00196239 -0.00214435 0.0928658 3.61623
39 , maxErr[5] 2 0.0587169 -305.914 -323.876 39 130 0.0927304 -5.94002e-05 -6.49084e-05 0.0928658 3.70896
40 , maxErr[5] 2 0.0587825 -306.037 -324.026 40 130 0.0928856 -0.00195778 -0.00213963 0.0928856 3.80185
41 , maxErr[5] 2 0.0589046 -304.749 -322.7 41 130 0.092708 -0.00196153 -0.00214337 0.0928856 3.89456
42 , maxErr[5] 2 0.0589046 -304.912 -322.863 42 130 0.0926976 -5.93929e-05 -6.48985e-05 0.0928856 3.98726
43 , maxErr[5] 2 0.0589546 -305.043 -323.027 43 130 0.0926758 -5.93875e-05 -6.48912e-05 0.0928856 4.07993
44 , maxErr[5] 2 0.0591377 -304 -321.978 44 130 0.0926585 -5.93794e-05 -6.48814e-05 0.0928856 4.17259
45 , maxErr[5] 2 0.0593146 -302.996 -320.968 45 130 0.0926352 -5.93754e-05 -6.48757e-05 0.0928856 4.26522
46 , maxErr[5] 2 0.0594982 -301.965 -319.932 46 130 0.0926183 -5.93676e-05 -6.48661e-05 0.0928856 4.35784
47 , maxErr[5] 2 0.0596817 -300.943 -318.904 47 130 0.0926031 -5.9359e-05 -6.48558e-05 0.0928856 4.45045
48 , maxErr[5] 2 0.059869 -299.909 -317.864 48 130 0.0925971 -5.93447e-05 -6.48398e-05 0.0928856 4.54304
49 , maxErr[5] 2 0.0600628 -298.851 -316.801 49 130 0.0925933 -5.93292e-05 -6.48227e-05 0.0928856 4.63564
50 , maxErr[5] 2 0.0602546 -297.811 -315.755 50 130 0.0925514 -5.93385e-05 -6.48303e-05 0.0928856 4.72819
51 , maxErr[5] 2 0.0604193 -296.911 -314.851 51 130 0.092452 -0.00395918 -0.00432522 0.0928856 4.82064
52 , maxErr[5] 2 0.0605565 -296.195 -314.132 52 130 0.0927671 -6.00868e-05 -6.56609e-05 0.0928856 4.91341
53 , maxErr[5] 2 0.0605565 -315.144 -333.335 53 130 0.0926779 -2.97402e-05 -3.24964e-05 0.0928856 5.00608
54 , maxErr[5] 2 0.0605565 -313.596 -331.708 54 130 0.0925877 -2.96406e-05 -3.2385e-05 0.0928856 5.09867
55 , maxErr[5] 2 0.0605565 -311.85 -329.885 55 130 0.0926465 -0.00196774 -0.00215004 0.0928856 5.19132
56 , maxErr[5] 2 0.0605565 -310.442 -328.438 56 130 0.0927216 -2.97261e-05 -3.24824e-05 0.0928856 5.28404
57 , maxErr[5] 2 0.0605565 -313.4 -331.513 57 130 0.0926717 -2.96138e-05 -3.23581e-05 0.0928856 5.37671
58 , maxErr[5] 2 0.0605565 -311.677 -329.711 58 130 0.09275 -0.00196554 -0.00214785 0.0928856 5.46946
59 , maxErr[5] 2 0.0605565 -310.315 -328.311 59 130 0.0927327 -5.99919e-05 -6.55551e-05 0.0928856 5.5622
60 , maxErr[5] 2 0.0605565 -313.85 -332.009 60 130 0.0924972 -2.97452e-05 -3.24966e-05 0.0928856 5.65469
61 , maxErr[5] 2 0.0605565 -312.965 -331.045 61 130 0.0925531 -0.00197474 -0.00215751 0.0928856 5.74725
62 , maxErr[5] 2 0.0605565 -312.4 -330.441 62 130 0.0925983 -2.97128e-05 -3.24641e-05 0.0928856 5.83984
63 , maxErr[5] 2 0.0605565 -312.534 -330.614 63 130 0.0924272 -0.00197743 -0.0021602 0.0928856 5.93227
64 , maxErr[5] 2 0.0605565 -311.369 -329.41 64 130 0.0927071 -5.99092e-05 -6.54632e-05 0.0928856 6.02498
65 , maxErr[5] 2 0.0605565 -312.61 -330.741 65 130 0.0926816 -2.96413e-05 -3.23885e-05 0.0928856 6.11766
66 , maxErr[5] 2 0.0605565 -310.822 -328.876 66 130 0.0928369 -0.00196574 -0.00214823 0.0928856 6.2105
67 , maxErr[5] 2 0.0605565 -309.445 -327.46 67 130 0.0926428 -2.96537e-05 -3.24009e-05 0.0928856 6.30314
68 , maxErr[5] 2 0.0605565 -310.995 -329.048 68 130 0.092571 -0.00197139 -0.00215388 0.0928856 6.39571
69 , maxErr[5] 2 0.0605565 -309.687 -327.702 69 130 0.0926817 -5.98441e-05 -6.53905e-05 0.0928856 6.48839
70 , maxErr[5] 2 0.0605565 -311.415 -329.524 70 130 0.0926658 -2.96104e-05 -3.23543e-05 0.0928856 6.58106
71 , maxErr[5] 2 0.0605565 -309.612 -327.643 71 130 0.0927328 -0.00196556 -0.00214783 0.0928856 6.67379
72 , maxErr[5] 2 0.0605565 -308.225 -326.218 72 130 0.0926706 -2.96089e-05 -3.23528e-05 0.0928856 6.76646
73 , maxErr[5] 2 0.0605565 -309.592 -327.623 73 130 0.0928274 -0.00196356 -0.00214583 0.0928856 6.85929
74 , maxErr[5] 2 0.0605565 -308.196 -326.189 74 130 0.0926667 -5.979e-05 -6.53306e-05 0.0928856 6.95196
75 , maxErr[5] 2 0.0605565 -310.257 -328.35 75 130 0.0926763 -0.00197343 -0.00215632 0.0928856 7.04463
76 , maxErr[5] 2 0.0605565 -308.969 -327.023 76 130 0.0926975 -0.00197298 -0.00215587 0.0928856 7.13733
77 , maxErr[5] 2 0.0605565 -308.977 -327.031 77 130 0.0926459 -5.97574e-05 -6.52937e-05 0.0928856 7.22997
78 , maxErr[5] 2 0.0605565 -309.202 -327.283 78 130 0.0926494 -0.00197277 -0.00215555 0.0928856 7.32262
79 , maxErr[5] 2 0.0605565 -308.284 -326.327 79 130 0.0925712 -0.00197444 -0.00215721 0.0928856 7.4152
80 , maxErr[5] 2 0.0605565 -308.129 -326.171 80 130 0.092627 -5.97412e-05 -6.52748e-05 0.0928856 7.50782
81 , maxErr[5] 2 0.0605565 -308.15 -326.225 81 130 0.0926199 -5.97262e-05 -6.52581e-05 0.0928856 7.60044
82 , maxErr[5] 2 0.0605565 -307.136 -325.205 82 130 0.0925901 -5.97262e-05 -6.52562e-05 0.0928856 7.69303
83 , maxErr[5] 2 0.0605565 -306.139 -324.203 83 130 0.0925524 -5.97315e-05 -6.52598e-05 0.0928856 7.78558
84 , maxErr[5] 2 0.0605565 -305.163 -323.221 84 130 0.0925094 -5.97405e-05 -6.52671e-05 0.0928856 7.87809
85 , maxErr[5] 2 0.0605565 -304.187 -322.24 85 130 0.0924735 -5.97452e-05 -6.527e-05 0.0928856 7.97057
86 , maxErr[5] 2 0.0605565 -303.189 -321.236 86 130 0.0924576 -5.97372e-05 -6.52604e-05 0.0928856 8.06303
87 , maxErr[5] 2 0.0605565 -302.135 -320.176 87 130 0.0924529 -5.97222e-05 -6.52437e-05 0.0928856 8.15548
88 , maxErr[5] 2 0.0605565 -301.093 -319.129 88 130 0.0924459 -5.9709e-05 -6.52289e-05 0.0928856 8.24792
89 , maxErr[5] 2 0.0605565 -300.056 -318.087 89 130 0.0924438 -0.00397972 -0.00434762 0.0928856 8.34037
90 , maxErr[5] 2 0.0605565 -299.074 -317.102 90 130 0.0927731 -6.01361e-05 -6.57151e-05 0.0928856 8.43314
91 , maxErr[5] 2 0.0605565 -315.461 -333.684 91 130 0.0927317 -6.01433e-05 -6.57205e-05 0.0928856 8.52587
92 , maxErr[5] 2 0.0605565 -314.523 -332.741 92 130 0.0926746 -6.01609e-05 -6.57363e-05 0.0928856 8.61855
93 , maxErr[5] 2 0.0605565 -313.584 -331.796 93 130 0.0926363 -6.01667e-05 -6.57403e-05 0.0928856 8.71118
94 , maxErr[5] 2 0.0605565 -312.548 -330.754 94 130 0.0926303 -6.01517e-05 -6.57236e-05 0.0928856 8.80381
95 , maxErr[5] 2 0.0605565 -311.508 -329.708 95 130 0.0926186 -6.01407e-05 -6.57108e-05 0.0928856 8.89643
96 , maxErr[5] 2 0.0605565 -310.48 -328.675 96 130 0.0926058 -6.01306e-05 -6.5699e-05 0.0928856 8.98904
97 , maxErr[5] 2 0.0605565 -309.436 -327.625 97 130 0.0925983 -6.01174e-05 -6.56841e-05 0.0928856 9.08164
98 , maxErr[5] 2 0.0605565 -308.392 -326.576 98 130 0.0925888 -6.01056e-05 -6.56707e-05 0.0928856 9.17423
99 , maxErr[5] 2 0.0605565 -307.345 -325.523 99 130 0.0926057 -0.00400533 -0.00437625 0.0928856 9.26683
100 , maxErr[5] 2 0.0605565 -306.373 -324.549 100 130 0.0927511 -6.01512e-05 -6.57303e-05 0.0928856 9.35958
101 , maxErr[5] 2 0.0605565 -315.569 -333.793 101 130 0.0926811 -6.01784e-05 -6.57558e-05 0.0928856 9.45226
102 , maxErr[5] 2 0.0605565 -314.643 -332.861 102 130 0.0926334 -6.01916e-05 -6.57673e-05 0.0928856 9.5449
103 , maxErr[5] 2 0.0605565 -313.663 -331.876 103 130 0.092634 -0.00401177 -0.00438339 0.0928856 9.63753
104 , maxErr[5] 2 0.0605565 -312.647 -330.858 104 130 nan 0 0 0.0928856 9.63753
105 , maxErr[5] 3 0.0605565 -317.482 -335.713 105 130 nan 0 0 0.0928856 9.63753
106 , maxErr[5] 4 0.0605565 -319.603 -337.846 106 130 nan 0 0 0.0928856 9.63753
107 , maxErr[5] 4 0.0605565 -321.724 -339.98 107 130 nan 0 0 0.0928856 9.63753
108 , maxErr[5] 4 0.0605565 -323.846 -342.113 108 130 nan 0 0 0.0928856 9.63753
109 , maxErr[5] 4 0.0605565 -325.967 -344.247 109 130 0.0925728 0.0106284 0.0116123 0.0928856 9.7301
110 , maxErr[5] 4 0.0605565 -327.978 -346.27 110 130 0.0926146 0.0106297 0.0116141 0.0928856 9.82272
111 , maxErr[5] 4 0.0605565 -329.957 -348.257 111 130 0.0926495 0.0106307 0.0116156 0.0928856 9.91537
112 , maxErr[5] 4 0.0605565 -331.882 -350.191 112 130 0.0926778 0.0106315 0.0116168 0.0928856 10.008
113 , maxErr[5] 4 0.0605565 -333.752 -352.067 113 130 0.0926993 0.010632 0.0116176 0.0928856 10.1007
114 , maxErr[5] 4 0.0605565 -335.563 -353.882 114 130 0.092714 0.0106323 0.0116181 0.0928856 10.1935
115 , maxErr[5] 4 0.0605565 -337.333 -355.655 115 130 0.092722 0.0106324 0.0116183 0.0928856 10.2862
116 , maxErr[5] 4 0.0605565 -339.058 -357.381 116 130 nan 0 0 0.0928856 10.2862
117 , maxErr[5] 3 0.0605565 -318.476 -336.707 117 130 nan 0 0 0.0928856 10.2862
118 , maxErr[5] 3 0.0605565 -318.994 -337.225 118 130 nan 0 0 0.0928856 10.2862
119 , maxErr[5] 3 0.0605565 -319.988 -338.219 119 130 nan 0 0 0.0928856 10.2862
120 , maxErr[5] 3 0.0605565 -320.087 -338.318 120 130 nan 0 0 0.0928856 10.2862
121 , maxErr[5] 3 0.0605565 -320.187 -338.418 121 130 nan 0 0 0.0928856 10.2862
122 , maxErr[5] 3 0.0605565 -317.465 -335.695 122 130 nan 0 0 0.0928856 10.2862
123 , maxErr[5] 4 0.0605565 -319.455 -337.685 123 130 nan 0 0 0.0928856 10.2862
124 , maxErr[5] 4 0.0605565 -321.445 -339.674 124 130 nan 0 0 0.0928856 10.2862
125 , maxErr[5] 4 0.0605565 -323.435 -341.664 125 130 nan 0 0 0.0928856 10.2862
126 , maxErr[5] 4 0.0605565 -324.835 -343.065 126 130 nan 0 0 0.0928856 10.2862
127 , maxErr[5] 3 0.0605565 -318.103 -336.332 127 130 nan 0 0 0.0928856 10.2862
128 , maxErr[5] 3 0.0605565 -319.097 -337.326 128 130 nan 0 0 0.0928856 10.2862
129 , maxErr[5] 3 0.0605565 -319.196 -337.426 129 130 nan 0 0 0.0928856 10.2862
130 , maxErr[5] 3 0.0605565 -319.296 -337.525 130 130



0 abs: 0 0 0 0 0 0.000985857 0 0.0137916 0 an: 0 an_old: 0 gco2: 0 gco2_old> 0 ci: 0 ci_old:0 0 0
0 0 0 0 0 0.0928856 0 an: 0 an_old: 0 gco2: 0 gco2_old> 0 ci: 0 ci_old:0 0 0
1 abs: 0 0 0 0 0 0.000985857 0 0.0137916 0 an: 0 an_old: 0 gco2: 0 gco2_old> 0 ci: 0 ci_old:0 0 0
1 0 0 0 0 0.0928856 0 an: 0 an_old: 0 gco2: 0 gco2_old> 0 ci: 0 ci_old:0 0 0
2 abs: 0 0 0 0 0 0.000985857 0 0.0137916 0 an: 0 an_old: 0 gco2: 0 gco2_old> 0 ci: 0 ci_old:0 0 0
2 0 0 0 0 0.0928856 0 an: 0 an_old: 0 gco2: 0 gco2_old> 0 ci: 0 ci_old:0 0 0
3 abs: 0 0 0 0 0 0.000985857 0 0.0137916 0 an: 0 an_old: 0 gco2: 0 gco2_old> 0 ci: 0 ci_old:0 0 0
3 0 0 0 0 0.0928856 0 an: 0 an_old: 0 gco2: 0 gco2_old> 0 ci: 0 ci_old:0 0 0
4 abs: 1.23215e-10 1.23215e-10 4.62066e-06 3.60615e-08 25.2838 0.000985857 0 0.0137916 1.23215e-10 an: 9.50527e-07 an_old: 9.50404e-07 gco2: 0.0134039 gco2_old> 0.0133993 ci: 0.000218822 ci_old:0.000218786 -402.569 -427.853
4 0.000129645 0.000344843 0.000164825 0.062806 0.0928856 0 an: 9.50527e-07 an_old: 9.50404e-07 gco2: 0.0134039 gco2_old> 0.0133993 ci: 0.000218822 ci_old:0.000218786 -402.569 -427.853
5 abs: 1.23383e-10 1.23383e-10 4.62676e-06 3.61102e-08 25.2982 0.000985857 0 0.0137916 2.46598e-10 an: 9.5052e-07 an_old: 9.50397e-07 gco2: 0.0134037 gco2_old> 0.013399 ci: 0.00021882 ci_old:0.000218784 -404.573 -429.871
5 0.000129823 0.000345305 0.000165049 0.062806 0.0928856 0 an: 9.5052e-07 an_old: 9.50397e-07 gco2: 0.0134037 gco2_old> 0.013399 ci: 0.00021882 ci_old:0.000218784 -404.573 -429.871
6 abs: 1.23537e-10 1.23537e-10 4.63235e-06 3.61548e-08 25.3103 0.000985857 0 0.0137916 3.70135e-10 an: 9.50513e-07 an_old: 9.5039e-07 gco2: 0.0134034 gco2_old> 0.0133988 ci: 0.000218818 ci_old:0.000218782 -406.532 -431.843
6 0.000129986 0.000345729 0.000165255 0.062806 0.0928856 0 an: 9.50513e-07 an_old: 9.5039e-07 gco2: 0.0134034 gco2_old> 0.0133988 ci: 0.000218818 ci_old:0.000218782 -406.532 -431.843
7 abs: 1.23677e-10 1.23677e-10 4.63739e-06 3.61952e-08 25.3199 0.000985857 0 0.0137916 4.93812e-10 an: 9.50507e-07 an_old: 9.50383e-07 gco2: 0.0134032 gco2_old> 0.0133985 ci: 0.000218816 ci_old:0.00021878 -408.436 -433.756
7 0.000130134 0.000346112 0.000165441 0.062806 0.0928856 0 an: 9.50507e-07 an_old: 9.50383e-07 gco2: 0.0134032 gco2_old> 0.0133985 ci: 0.000218816 ci_old:0.00021878 -408.436 -433.756
8 abs: 1.23802e-10 1.23802e-10 4.64189e-06 3.62313e-08 25.3271 0.000985857 0 0.0137916 6.17614e-10 an: 9.505e-07 an_old: 9.50376e-07 gco2: 0.0134029 gco2_old> 0.0133983 ci: 0.000218815 ci_old:0.000218778 -410.28 -435.607
8 0.000130266 0.000346455 0.000165607 0.062806 0.0928856 0 an: 9.505e-07 an_old: 9.50376e-07 gco2: 0.0134029 gco2_old> 0.0133983 ci: 0.000218815 ci_old:0.000218778 -410.28 -435.607
9 abs: 1.23912e-10 1.23912e-10 4.64586e-06 3.62632e-08 25.332 0.000985857 0 0.0137916 7.41526e-10 an: 9.50494e-07 an_old: 9.5037e-07 gco2: 0.0134027 gco2_old> 0.013398 ci: 0.000218813 ci_old:0.000218776 -412.073 -437.405
9 0.000130383 0.000346757 0.000165755 0.062806 0.0928856 0 an: 9.50494e-07 an_old: 9.5037e-07 gco2: 0.0134027 gco2_old> 0.013398 ci: 0.000218813 ci_old:0.000218776 -412.073 -437.405
10 abs: 1.24009e-10 1.24009e-10 4.64931e-06 3.6291e-08 25.3343 0.000985857 0 0.0137916 8.65535e-10 an: 9.50488e-07 an_old: 9.50364e-07 gco2: 0.0134025 gco2_old> 0.0133978 ci: 0.000218811 ci_old:0.000218775 -413.821 -439.155
10 0.000130486 0.00034702 0.000165883 0.062806 0.0928856 0 an: 9.50488e-07 an_old: 9.50364e-07 gco2: 0.0134025 gco2_old> 0.0133978 ci: 0.000218811 ci_old:0.000218775 -413.821 -439.155
11 abs: 1.24009e-10 1.24009e-10 4.64931e-06 3.6291e-08 25.3343 0.000985857 0 0.0137916 8.65535e-10 an: 0 an_old: 0 gco2: 0 gco2_old> 0 ci: 0 ci_old:0 0 0
11 0.000130486 0.00034702 0.000165883 0.062806 0.0928856 0 an: 0 an_old: 0 gco2: 0 gco2_old> 0 ci: 0 ci_old:0 0 0
12 abs: 1.24009e-10 1.24009e-10 4.64931e-06 3.6291e-08 25.3343 0.000985857 0 0.0137916 8.65535e-10 an: 0 an_old: 0 gco2: 0 gco2_old> 0 ci: 0 ci_old:0 0 0
12 0.000130486 0.00034702 0.000165883 0.062806 0.0928856 0 an: 0 an_old: 0 gco2: 0 gco2_old> 0 ci: 0 ci_old:0 0 0
13 abs: 1.24009e-10 1.24009e-10 4.64931e-06 3.6291e-08 25.3343 0.000985857 0 0.0137916 8.65535e-10 an: 0 an_old: 0 gco2: 0 gco2_old> 0 ci: 0 ci_old:0 0 0
13 0.000130486 0.00034702 0.000165883 0.062806 0.0928856 0 an: 0 an_old: 0 gco2: 0 gco2_old> 0 ci: 0 ci_old:0 0 0
14 abs: 1.24009e-10 1.24009e-10 4.64931e-06 3.6291e-08 25.3343 0.000985857 0 0.0137916 8.65535e-10 an: 0 an_old: 0 gco2: 0 gco2_old> 0 ci: 0 ci_old:0 0 0
14 0.000130486 0.00034702 0.000165883 0.062806 0.0928856 0 an: 0 an_old: 0 gco2: 0 gco2_old> 0 ci: 0 ci_old:0 0 0
