psi err 

0 , maxErr[5] 2 0.12257 -394.896 -443.299 0 130 0.176076 -8.40302e-05 -9.88259e-05 0.176076 0.176076
1 , maxErr[5] 2 0.12278 -393.159 -441.431 1 130 0.176029 -4.15499e-05 -4.88638e-05 0.176076 0.352104
2 , maxErr[5] 2 0.122884 -391.124 -439.187 2 130 0.175914 -4.13976e-05 -4.868e-05 0.176076 0.528018
3 , maxErr[5] 2 0.122969 -389.174 -437.03 3 130 0.176184 -0.00274577 -0.00322953 0.176184 0.704202
4 , maxErr[5] 2 0.122969 -388.564 -436.318 4 130 0.176004 -4.15556e-05 -4.88696e-05 0.176184 0.880206
5 , maxErr[5] 2 0.122969 -391.204 -439.266 5 130 0.175604 -4.14706e-05 -4.8753e-05 0.176184 1.05581
6 , maxErr[5] 2 0.122969 -390.026 -437.882 6 130 0.175881 -0.00275051 -0.00323427 0.176184 1.23169
7 , maxErr[5] 2 0.122969 -388.688 -436.442 7 130 0.176077 -8.38163e-05 -9.85744e-05 0.176184 1.40777
8 , maxErr[5] 2 0.123005 -391.503 -439.66 8 130 0.175993 -4.14588e-05 -4.87553e-05 0.176184 1.58376
9 , maxErr[5] 2 0.123068 -389.605 -437.552 9 130 0.175881 -4.13062e-05 -4.85711e-05 0.176184 1.75964
10 , maxErr[5] 2 0.123203 -387.507 -435.249 10 130 0.175851 -0.00274438 -0.00322698 0.176184 1.93549
11 , maxErr[5] 2 0.123428 -385.972 -433.612 11 130 0.176079 -4.14386e-05 -4.87351e-05 0.176184 2.11157
12 , maxErr[5] 2 0.123428 -389.338 -437.286 12 130 0.176 -4.12783e-05 -4.85432e-05 0.176184 2.28757
13 , maxErr[5] 2 0.123428 -387.397 -435.139 13 130 0.175914 -0.0027434 -0.003226 0.176184 2.46349
14 , maxErr[5] 2 0.123428 -385.977 -433.617 14 130 0.176058 -8.36369e-05 -9.83619e-05 0.176184 2.63954
15 , maxErr[5] 2 0.123428 -389.995 -438.051 15 130 0.176019 -4.13657e-05 -4.86468e-05 0.176184 2.81556
16 , maxErr[5] 2 0.123428 -387.899 -435.747 16 130 0.175968 -4.11992e-05 -4.84489e-05 0.176184 2.99153
17 , maxErr[5] 2 0.123475 -385.84 -433.482 17 130 0.17596 -0.00273693 -0.00321852 0.176184 3.16749
18 , maxErr[5] 2 0.123665 -384.424 -431.964 18 130 0.176017 -4.13663e-05 -4.86474e-05 0.176184 3.34351
19 , maxErr[5] 2 0.123665 -387.907 -435.755 19 130 0.17596 -4.12009e-05 -4.84507e-05 0.176184 3.51947
20 , maxErr[5] 2 0.123665 -385.809 -433.451 20 130 0.175916 -0.00273761 -0.0032192 0.176184 3.69539
21 , maxErr[5] 2 0.123682 -384.372 -431.912 21 130 0.176037 -8.3484e-05 -9.81802e-05 0.176184 3.87142
22 , maxErr[5] 2 0.123682 -388.507 -436.476 22 130 0.176 -4.12966e-05 -4.85648e-05 0.176184 4.04742
23 , maxErr[5] 2 0.123682 -386.491 -434.254 23 130 0.175964 -0.00274385 -0.00322667 0.176184 4.22339
24 , maxErr[5] 2 0.123782 -385.042 -432.703 24 130 0.176001 -4.12965e-05 -4.85647e-05 0.176184 4.39939
25 , maxErr[5] 2 0.123782 -386.491 -434.254 25 130 0.176149 -0.00274097 -0.00322379 0.176184 4.57553
26 , maxErr[5] 2 0.123805 -384.967 -432.628 26 130 0.17604 -8.33441e-05 -9.80161e-05 0.176184 4.75158
27 , maxErr[5] 2 0.123805 -387.099 -434.996 27 130 0.175997 -4.1235e-05 -4.84923e-05 0.176184 4.92757
28 , maxErr[5] 2 0.123864 -385.028 -432.719 28 130 0.175955 -0.00273985 -0.00322194 0.176184 5.10353
29 , maxErr[5] 2 0.124067 -383.577 -431.166 29 130 0.175978 -4.12395e-05 -4.84968e-05 0.176184 5.2795
30 , maxErr[5] 2 0.124067 -385.101 -432.792 30 130 0.176073 -0.00273801 -0.0032201 0.176184 5.45558
31 , maxErr[5] 2 0.124067 -383.729 -431.318 31 130 0.176028 -8.32367e-05 -9.78887e-05 0.176184 5.63161
32 , maxErr[5] 2 0.124067 -385.774 -433.613 32 130 0.176017 -4.11804e-05 -4.84289e-05 0.176184 5.80762
33 , maxErr[5] 2 0.12416 -383.646 -431.279 33 130 0.176166 -0.00273324 -0.00321475 0.176184 5.98379
34 , maxErr[5] 2 0.124399 -382.088 -429.619 34 130 0.175977 -4.11897e-05 -4.84382e-05 0.176184 6.15977
35 , maxErr[5] 2 0.124399 -383.768 -431.402 35 130 0.175943 -0.00273671 -0.00321821 0.176184 6.33571
36 , maxErr[5] 2 0.124399 -382.339 -429.87 36 130 0.176025 -8.31497e-05 -9.7786e-05 0.176184 6.51173
37 , maxErr[5] 2 0.124399 -384.529 -432.324 37 130 0.175939 -0.00274605 -0.00322919 0.176184 6.68767
38 , maxErr[5] 2 0.124444 -383.245 -430.938 38 130 0.175993 -0.00274521 -0.00322835 0.176184 6.86367
39 , maxErr[5] 2 0.124462 -383.19 -430.883 39 130 0.176 -8.30972e-05 -9.77223e-05 0.176184 7.03967
40 , maxErr[5] 2 0.124573 -383.43 -431.195 40 130 0.176211 -0.00274011 -0.00322295 0.176211 7.21588
41 , maxErr[5] 2 0.12478 -381.977 -429.64 41 130 0.17597 -0.00274386 -0.0032267 0.176211 7.39185
42 , maxErr[5] 2 0.12478 -382.14 -429.803 42 130 0.175956 -8.30786e-05 -9.76968e-05 0.176211 7.5678
43 , maxErr[5] 2 0.124864 -382.411 -430.161 43 130 0.175926 -8.30654e-05 -9.76788e-05 0.176211 7.74373
44 , maxErr[5] 2 0.125173 -381.343 -429.077 44 130 0.175903 -8.30497e-05 -9.76583e-05 0.176211 7.91963
45 , maxErr[5] 2 0.125472 -380.314 -428.033 45 130 0.175871 -8.30382e-05 -9.76422e-05 0.176211 8.0955
46 , maxErr[5] 2 0.125781 -379.259 -426.963 46 130 0.175848 -8.30229e-05 -9.76223e-05 0.176211 8.27135
47 , maxErr[5] 2 0.12609 -378.213 -425.901 47 130 0.175827 -8.3007e-05 -9.76019e-05 0.176211 8.44718
48 , maxErr[5] 2 0.126404 -377.155 -424.829 48 130 0.175819 -8.29855e-05 -9.75759e-05 0.176211 8.623
49 , maxErr[5] 2 0.126729 -376.073 -423.733 49 130 0.175814 -8.29629e-05 -9.7549e-05 0.176211 8.79881
50 , maxErr[5] 2 0.127051 -375.01 -422.655 50 130 0.175757 -8.29651e-05 -9.75468e-05 0.176211 8.97457
51 , maxErr[5] 2 0.127326 -374.088 -421.719 51 130 0.175622 -0.00553391 -0.00650578 0.176211 9.15019
52 , maxErr[5] 2 0.127556 -373.36 -420.985 52 130 0.17605 -8.40672e-05 -9.88672e-05 0.176211 9.32624
53 , maxErr[5] 2 0.127556 -393.405 -441.706 53 130 0.175929 -4.15979e-05 -4.89162e-05 0.176211 9.50217
54 , maxErr[5] 2 0.127556 -391.517 -439.608 54 130 0.175807 -4.14472e-05 -4.87339e-05 0.176211 9.67798
55 , maxErr[5] 2 0.127556 -389.438 -437.322 55 130 0.175886 -0.00275203 -0.00323608 0.176211 9.85386
56 , maxErr[5] 2 0.127556 -387.863 -435.645 56 130 0.175988 -4.15839e-05 -4.89022e-05 0.176211 10.0299
57 , maxErr[5] 2 0.127556 -391.322 -439.413 57 130 0.175921 -4.14203e-05 -4.8707e-05 0.176211 10.2058
58 , maxErr[5] 2 0.127556 -389.264 -437.148 58 130 0.176027 -0.00274984 -0.00323388 0.176211 10.3818
59 , maxErr[5] 2 0.127556 -387.737 -435.519 59 130 0.176003 -8.39255e-05 -9.86967e-05 0.176211 10.5578
60 , maxErr[5] 2 0.127556 -391.971 -440.184 60 130 0.175684 -4.15819e-05 -4.88872e-05 0.176211 10.7335
61 , maxErr[5] 2 0.127556 -390.75 -438.756 61 130 0.17576 -0.00276104 -0.00324632 0.176211 10.9092
62 , maxErr[5] 2 0.127556 -390.018 -437.922 62 130 0.175821 -4.15494e-05 -4.88547e-05 0.176211 11.0851
63 , maxErr[5] 2 0.127556 -390.318 -438.325 63 130 0.175589 -0.00276373 -0.00324901 0.176211 11.2607
64 , maxErr[5] 2 0.127556 -388.987 -436.891 64 130 0.175969 -8.38032e-05 -9.85499e-05 0.176211 11.4366
65 , maxErr[5] 2 0.127556 -390.612 -438.753 65 130 0.175934 -4.14601e-05 -4.87544e-05 0.176211 11.6126
66 , maxErr[5] 2 0.127556 -388.49 -436.424 66 130 0.176145 -0.00275085 -0.0032354 0.176211 11.7887
67 , maxErr[5] 2 0.127556 -386.947 -434.778 67 130 0.175881 -4.14725e-05 -4.87668e-05 0.176211 11.9646
68 , maxErr[5] 2 0.127556 -388.663 -436.597 68 130 0.175784 -0.0027565 -0.00324104 0.176211 12.1404
69 , maxErr[5] 2 0.127556 -387.189 -435.021 69 130 0.175934 -8.37056e-05 -9.84323e-05 0.176211 12.3163
70 , maxErr[5] 2 0.127556 -389.323 -437.406 70 130 0.175913 -4.14149e-05 -4.87003e-05 0.176211 12.4922
71 , maxErr[5] 2 0.127556 -387.185 -435.062 71 130 0.176004 -0.00274972 -0.00323368 0.176211 12.6682
72 , maxErr[5] 2 0.127556 -385.633 -433.406 72 130 0.175919 -4.14134e-05 -4.86988e-05 0.176211 12.8441
73 , maxErr[5] 2 0.127556 -387.165 -435.041 73 130 0.176132 -0.00274772 -0.00323168 0.176211 13.0203
74 , maxErr[5] 2 0.127556 -385.603 -433.377 74 130 0.175914 -8.36262e-05 -9.83371e-05 0.176211 13.1962
75 , maxErr[5] 2 0.127556 -388.094 -436.132 75 130 0.175927 -0.00276025 -0.00324585 0.176211 13.3721
76 , maxErr[5] 2 0.127556 -386.639 -434.575 76 130 0.175956 -0.00275979 -0.00324539 0.176211 13.5481
77 , maxErr[5] 2 0.127556 -386.647 -434.583 77 130 0.175886 -8.35752e-05 -9.82749e-05 0.176211 13.7239
78 , maxErr[5] 2 0.127556 -386.99 -434.999 78 130 0.17589 -0.0027591 -0.0032444 0.176211 13.8998
79 , maxErr[5] 2 0.127556 -385.906 -433.812 79 130 0.175784 -0.00276076 -0.00324606 0.176211 14.0756
80 , maxErr[5] 2 0.127556 -385.75 -433.656 80 130 0.17586 -8.35476e-05 -9.82403e-05 0.176211 14.2515
81 , maxErr[5] 2 0.127556 -385.912 -433.905 81 130 0.17585 -8.35249e-05 -9.82128e-05 0.176211 14.4273
82 , maxErr[5] 2 0.127556 -384.873 -432.85 82 130 0.17581 -8.35172e-05 -9.82003e-05 0.176211 14.6031
83 , maxErr[5] 2 0.127556 -383.852 -431.813 83 130 0.175759 -8.35149e-05 -9.81934e-05 0.176211 14.7789
84 , maxErr[5] 2 0.127556 -382.851 -430.798 84 130 0.1757 -8.35164e-05 -9.81903e-05 0.176211 14.9546
85 , maxErr[5] 2 0.127556 -381.851 -429.783 85 130 0.175651 -8.35137e-05 -9.8183e-05 0.176211 15.1303
86 , maxErr[5] 2 0.127556 -380.829 -428.746 86 130 0.17563 -8.34985e-05 -9.81633e-05 0.176211 15.3059
87 , maxErr[5] 2 0.127556 -379.751 -427.653 87 130 0.175623 -8.34764e-05 -9.81368e-05 0.176211 15.4815
88 , maxErr[5] 2 0.127556 -378.686 -426.574 88 130 0.175614 -8.34561e-05 -9.81122e-05 0.176211 15.6571
89 , maxErr[5] 2 0.127556 -377.626 -425.5 89 130 0.175611 -0.00556247 -0.0065393 0.176211 15.8327
90 , maxErr[5] 2 0.127556 -376.633 -424.5 90 130 0.176058 -8.41377e-05 -9.89509e-05 0.176211 16.0088
91 , maxErr[5] 2 0.127556 -393.861 -442.247 91 130 0.176002 -8.41371e-05 -9.89454e-05 0.176211 16.1848
92 , maxErr[5] 2 0.127556 -392.898 -441.268 92 130 0.175925 -8.4147e-05 -9.89505e-05 0.176211 16.3607
93 , maxErr[5] 2 0.127556 -391.933 -440.288 93 130 0.175872 -8.41451e-05 -9.89439e-05 0.176211 16.5366
94 , maxErr[5] 2 0.127556 -390.873 -439.213 94 130 0.175864 -8.41226e-05 -9.89167e-05 0.176211 16.7125
95 , maxErr[5] 2 0.127556 -389.808 -438.133 95 130 0.175848 -8.41041e-05 -9.88937e-05 0.176211 16.8883
96 , maxErr[5] 2 0.127556 -388.756 -437.066 96 130 0.175831 -8.40867e-05 -9.88718e-05 0.176211 17.0641
97 , maxErr[5] 2 0.127556 -387.688 -435.984 97 130 0.175821 -8.40663e-05 -9.88469e-05 0.176211 17.24
98 , maxErr[5] 2 0.127556 -386.621 -434.902 98 130 0.175808 -8.40474e-05 -9.88236e-05 0.176211 17.4158
99 , maxErr[5] 2 0.127556 -385.551 -433.817 99 130 0.175831 -0.00560106 -0.0065859 0.176211 17.5916
100 , maxErr[5] 2 0.127556 -384.568 -432.827 100 130 0.176028 -8.41531e-05 -9.89664e-05 0.176211 17.7676
101 , maxErr[5] 2 0.127556 -393.971 -442.359 101 130 0.175933 -8.41731e-05 -9.8982e-05 0.176211 17.9436
102 , maxErr[5] 2 0.127556 -393.021 -441.394 102 130 0.175869 -8.41791e-05 -9.89836e-05 0.176211 18.1194
103 , maxErr[5] 2 0.127556 -392.018 -440.377 103 130 0.175869 -0.00561055 -0.00659727 0.176211 18.2953
104 , maxErr[5] 2 0.127556 -390.992 -439.343 104 130 nan 0 0 0.176211 18.2953
105 , maxErr[5] 3 0.127556 -395.914 -444.32 105 130 nan 0 0 0.176211 18.2953
106 , maxErr[5] 4 0.127556 -398.088 -446.526 106 130 nan 0 0 0.176211 18.2953
107 , maxErr[5] 4 0.127556 -400.262 -448.733 107 130 nan 0 0 0.176211 18.2953
108 , maxErr[5] 4 0.127556 -402.435 -450.939 108 130 nan 0 0 0.176211 18.2953
109 , maxErr[5] 4 0.127556 -404.609 -453.145 109 130 0.175785 0.0148612 0.0174736 0.176211 18.4711
110 , maxErr[5] 4 0.127556 -406.67 -455.236 110 130 0.175851 0.0148649 0.0174789 0.176211 18.6469
111 , maxErr[5] 4 0.127556 -408.689 -457.281 111 130 0.175898 0.014868 0.0174832 0.176211 18.8228
112 , maxErr[5] 4 0.127556 -410.649 -459.261 112 130 0.17593 0.0148704 0.0174865 0.176211 18.9988
113 , maxErr[5] 4 0.127556 -412.545 -461.173 113 130 0.175953 0.0148721 0.0174889 0.176211 19.1747
114 , maxErr[5] 4 0.127556 -414.374 -463.014 114 130 0.17597 0.0148732 0.0174905 0.176211 19.3507
115 , maxErr[5] 4 0.127556 -416.156 -464.803 115 130 0.175987 0.0148737 0.0174913 0.176211 19.5267
116 , maxErr[5] 4 0.127556 -417.885 -466.534 116 130 nan 0 0 0.176211 19.5267
117 , maxErr[5] 3 0.127556 -396.909 -445.315 117 130 nan 0 0 0.176211 19.5267
118 , maxErr[5] 3 0.127556 -397.426 -445.832 118 130 nan 0 0 0.176211 19.5267
119 , maxErr[5] 3 0.127556 -398.42 -446.827 119 130 nan 0 0 0.176211 19.5267
120 , maxErr[5] 3 0.127556 -398.52 -446.926 120 130 nan 0 0 0.176211 19.5267
121 , maxErr[5] 3 0.127556 -398.619 -447.025 121 130 nan 0 0 0.176211 19.5267
122 , maxErr[5] 3 0.127556 -395.891 -444.293 122 130 nan 0 0 0.176211 19.5267
123 , maxErr[5] 4 0.127556 -397.881 -446.283 123 130 nan 0 0 0.176211 19.5267
124 , maxErr[5] 4 0.127556 -399.871 -448.273 124 130 nan 0 0 0.176211 19.5267
125 , maxErr[5] 4 0.127556 -401.861 -450.263 125 130 nan 0 0 0.176211 19.5267
126 , maxErr[5] 4 0.127556 -403.261 -451.663 126 130 nan 0 0 0.176211 19.5267
127 , maxErr[5] 3 0.127556 -396.529 -444.931 127 130 nan 0 0 0.176211 19.5267
128 , maxErr[5] 3 0.127556 -397.523 -445.925 128 130 nan 0 0 0.176211 19.5267
129 , maxErr[5] 3 0.127556 -397.622 -446.024 129 130 nan 0 0 0.176211 19.5267
130 , maxErr[5] 3 0.127556 -397.721 -446.124 130 130



0 abs: 0 0 0 0 0 0.00261758 0 0.0366188 0 an: 0 an_old: 0 gco2: 0 gco2_old> 0 ci: 0 ci_old:0 0 0
0 0 0 0 0 0.176211 0 an: 0 an_old: 0 gco2: 0 gco2_old> 0 ci: 0 ci_old:0 0 0
1 abs: 0 0 0 0 0 0.00261758 0 0.0366188 0 an: 0 an_old: 0 gco2: 0 gco2_old> 0 ci: 0 ci_old:0 0 0
1 0 0 0 0 0.176211 0 an: 0 an_old: 0 gco2: 0 gco2_old> 0 ci: 0 ci_old:0 0 0
2 abs: 0 0 0 0 0 0.00261758 0 0.0366188 0 an: 0 an_old: 0 gco2: 0 gco2_old> 0 ci: 0 ci_old:0 0 0
2 0 0 0 0 0.176211 0 an: 0 an_old: 0 gco2: 0 gco2_old> 0 ci: 0 ci_old:0 0 0
3 abs: 0 0 0 0 0 0.00261758 0 0.0366188 0 an: 0 an_old: 0 gco2: 0 gco2_old> 0 ci: 0 ci_old:0 0 0
3 0 0 0 0 0.176211 0 an: 0 an_old: 0 gco2: 0 gco2_old> 0 ci: 0 ci_old:0 0 0
4 abs: 3.74394e-10 3.74394e-10 1.39832e-05 1.09426e-07 67.1321 0.00261758 0 0.0366188 3.74394e-10 an: 9.49985e-07 an_old: 9.49611e-07 gco2: 0.0133836 gco2_old> 0.0133696 ci: 0.000218664 ci_old:0.000218554 -511.343 -578.475
4 0.00039426 0.00104589 0.00050068 0.131286 0.176211 0 an: 9.49985e-07 an_old: 9.49611e-07 gco2: 0.0133836 gco2_old> 0.0133696 ci: 0.000218664 ci_old:0.000218554 -511.343 -578.475
5 abs: 3.74394e-10 3.74394e-10 1.39832e-05 1.09426e-07 67.1715 0.00261758 0 0.0366188 7.40982e-10 an: 9.49977e-07 an_old: 9.49611e-07 gco2: 0.0133833 gco2_old> 0.0133696 ci: 0.000218662 ci_old:0.000218554 -513.409 -580.581
5 0.00039426 0.00104589 0.00050068 0.131286 0.176211 0 an: 9.49977e-07 an_old: 9.49611e-07 gco2: 0.0133833 gco2_old> 0.0133696 ci: 0.000218662 ci_old:0.000218554 -513.409 -580.581
6 abs: 3.74394e-10 3.74394e-10 1.39832e-05 1.09426e-07 67.2034 0.00261758 0 0.0366188 1.09999e-09 an: 9.4997e-07 an_old: 9.49611e-07 gco2: 0.0133831 gco2_old> 0.0133696 ci: 0.000218659 ci_old:0.000218554 -515.42 -582.624
6 0.00039426 0.00104589 0.00050068 0.131286 0.176211 0 an: 9.4997e-07 an_old: 9.49611e-07 gco2: 0.0133831 gco2_old> 0.0133696 ci: 0.000218659 ci_old:0.000218554 -515.42 -582.624
7 abs: 3.74394e-10 3.74394e-10 1.39832e-05 1.09426e-07 67.2284 0.00261758 0 0.0366188 1.45168e-09 an: 9.49962e-07 an_old: 9.49611e-07 gco2: 0.0133828 gco2_old> 0.0133696 ci: 0.000218657 ci_old:0.000218554 -517.365 -584.594
7 0.00039426 0.00104589 0.00050068 0.131286 0.176211 0 an: 9.49962e-07 an_old: 9.49611e-07 gco2: 0.0133828 gco2_old> 0.0133696 ci: 0.000218657 ci_old:0.000218554 -517.365 -584.594
8 abs: 3.74394e-10 3.74394e-10 1.39832e-05 1.09426e-07 67.2469 0.00261758 0 0.0366188 1.79634e-09 an: 9.49955e-07 an_old: 9.49611e-07 gco2: 0.0133825 gco2_old> 0.0133696 ci: 0.000218655 ci_old:0.000218554 -519.241 -586.487
8 0.00039426 0.00104589 0.00050068 0.131286 0.176211 0 an: 9.49955e-07 an_old: 9.49611e-07 gco2: 0.0133825 gco2_old> 0.0133696 ci: 0.000218655 ci_old:0.000218554 -519.241 -586.487
9 abs: 3.74394e-10 3.74394e-10 1.39832e-05 1.09426e-07 67.2594 0.00261758 0 0.0366188 2.1342e-09 an: 9.49949e-07 an_old: 9.49611e-07 gco2: 0.0133823 gco2_old> 0.0133696 ci: 0.000218653 ci_old:0.000218554 -521.054 -588.313
9 0.00039426 0.00104589 0.00050068 0.131286 0.176211 0 an: 9.49949e-07 an_old: 9.49611e-07 gco2: 0.0133823 gco2_old> 0.0133696 ci: 0.000218653 ci_old:0.000218554 -521.054 -588.313
10 abs: 3.74394e-10 3.74394e-10 1.39832e-05 1.09426e-07 67.2664 0.00261758 0 0.0366188 2.4655e-09 an: 9.49942e-07 an_old: 9.49611e-07 gco2: 0.013382 gco2_old> 0.0133696 ci: 0.000218651 ci_old:0.000218554 -522.812 -590.079
10 0.00039426 0.00104589 0.00050068 0.131286 0.176211 0 an: 9.49942e-07 an_old: 9.49611e-07 gco2: 0.013382 gco2_old> 0.0133696 ci: 0.000218651 ci_old:0.000218554 -522.812 -590.079
11 abs: 3.74394e-10 3.74394e-10 1.39832e-05 1.09426e-07 67.2664 0.00261758 0 0.0366188 2.4655e-09 an: 0 an_old: 0 gco2: 0 gco2_old> 0 ci: 0 ci_old:0 0 0
11 0.00039426 0.00104589 0.00050068 0.131286 0.176211 0 an: 0 an_old: 0 gco2: 0 gco2_old> 0 ci: 0 ci_old:0 0 0
12 abs: 3.74394e-10 3.74394e-10 1.39832e-05 1.09426e-07 67.2664 0.00261758 0 0.0366188 2.4655e-09 an: 0 an_old: 0 gco2: 0 gco2_old> 0 ci: 0 ci_old:0 0 0
12 0.00039426 0.00104589 0.00050068 0.131286 0.176211 0 an: 0 an_old: 0 gco2: 0 gco2_old> 0 ci: 0 ci_old:0 0 0
13 abs: 3.74394e-10 3.74394e-10 1.39832e-05 1.09426e-07 67.2664 0.00261758 0 0.0366188 2.4655e-09 an: 0 an_old: 0 gco2: 0 gco2_old> 0 ci: 0 ci_old:0 0 0
13 0.00039426 0.00104589 0.00050068 0.131286 0.176211 0 an: 0 an_old: 0 gco2: 0 gco2_old> 0 ci: 0 ci_old:0 0 0
14 abs: 3.74394e-10 3.74394e-10 1.39832e-05 1.09426e-07 67.2664 0.00261758 0 0.0366188 2.4655e-09 an: 0 an_old: 0 gco2: 0 gco2_old> 0 ci: 0 ci_old:0 0 0
14 0.00039426 0.00104589 0.00050068 0.131286 0.176211 0 an: 0 an_old: 0 gco2: 0 gco2_old> 0 ci: 0 ci_old:0 0 0
