psi err 

0 , maxErr[5] 2 0.0754182 -334.7 -359.942 0 130 0.117572 -6.56293e-05 -7.33455e-05 0.117572 0.117572
1 , maxErr[5] 2 0.0755714 -333.125 -358.299 1 130 0.117532 -3.24537e-05 -3.62681e-05 0.117572 0.235103
2 , maxErr[5] 2 0.0756465 -331.35 -356.415 2 130 0.117433 -3.23407e-05 -3.61386e-05 0.117572 0.352537
3 , maxErr[5] 2 0.0757087 -329.656 -354.614 3 130 0.117664 -0.00214413 -0.00239642 0.117664 0.470201
4 , maxErr[5] 2 0.0757087 -329.174 -354.078 4 130 0.117511 -3.24595e-05 -3.62738e-05 0.117664 0.587712
5 , maxErr[5] 2 0.0757087 -331.429 -356.495 5 130 0.117169 -3.24137e-05 -3.62116e-05 0.117664 0.704881
6 , maxErr[5] 2 0.0757087 -330.508 -355.466 6 130 0.117405 -0.00214887 -0.00240116 0.117664 0.822286
7 , maxErr[5] 2 0.0757087 -329.298 -354.202 7 130 0.117573 -6.54621e-05 -7.31587e-05 0.117664 0.939858
8 , maxErr[5] 2 0.0757344 -331.612 -356.727 8 130 0.117501 -3.23845e-05 -3.61897e-05 0.117664 1.05736
9 , maxErr[5] 2 0.0757803 -329.973 -354.979 9 130 0.117405 -3.2271e-05 -3.60597e-05 0.117664 1.17477
10 , maxErr[5] 2 0.0758783 -328.132 -353.03 10 130 0.11738 -0.00214418 -0.00239586 0.117664 1.29215
11 , maxErr[5] 2 0.0760423 -326.724 -351.569 11 130 0.117575 -3.23642e-05 -3.61695e-05 0.117664 1.40972
12 , maxErr[5] 2 0.0760423 -329.707 -354.713 12 130 0.117507 -3.22431e-05 -3.60318e-05 0.117664 1.52723
13 , maxErr[5] 2 0.0760423 -328.022 -352.92 13 130 0.117434 -0.0021432 -0.00239489 0.117664 1.64466
14 , maxErr[5] 2 0.0760423 -326.729 -351.574 14 130 0.117557 -6.53239e-05 -7.30032e-05 0.117664 1.76222
15 , maxErr[5] 2 0.0760423 -330.23 -355.292 15 130 0.117524 -3.23103e-05 -3.61076e-05 0.117664 1.87974
16 , maxErr[5] 2 0.0760423 -328.393 -353.346 16 130 0.11748 -3.21829e-05 -3.59638e-05 0.117664 1.99722
17 , maxErr[5] 2 0.0760768 -326.59 -351.436 17 130 0.117473 -0.00213799 -0.00238914 0.117664 2.11469
18 , maxErr[5] 2 0.076215 -325.3 -350.093 18 130 0.117522 -3.23109e-05 -3.61082e-05 0.117664 2.23222
19 , maxErr[5] 2 0.076215 -328.401 -353.354 19 130 0.117473 -3.21847e-05 -3.59655e-05 0.117664 2.34969
20 , maxErr[5] 2 0.076215 -326.559 -351.405 20 130 0.117436 -0.00213867 -0.00238983 0.117664 2.46712
21 , maxErr[5] 2 0.0762271 -325.249 -350.041 21 130 0.117539 -6.52067e-05 -7.2871e-05 0.117664 2.58466
22 , maxErr[5] 2 0.0762271 -328.849 -353.866 22 130 0.117507 -3.22574e-05 -3.60479e-05 0.117664 2.70217
23 , maxErr[5] 2 0.0762271 -327.089 -351.998 23 130 0.117476 -0.00214338 -0.00239518 0.117664 2.81965
24 , maxErr[5] 2 0.0762997 -325.767 -350.623 24 130 0.117508 -3.22573e-05 -3.60477e-05 0.117664 2.93715
25 , maxErr[5] 2 0.0762997 -327.089 -351.998 25 130 0.117634 -0.0021405 -0.0023923 0.117664 3.05479
26 , maxErr[5] 2 0.0763171 -325.693 -350.549 26 130 0.117542 -6.50971e-05 -7.27488e-05 0.117664 3.17233
27 , maxErr[5] 2 0.0763171 -327.531 -352.51 27 130 0.117505 -3.22094e-05 -3.59942e-05 0.117664 3.28983
28 , maxErr[5] 2 0.07636 -325.716 -350.588 28 130 0.117468 -0.00214029 -0.00239171 0.117664 3.4073
29 , maxErr[5] 2 0.0765076 -324.392 -349.211 29 130 0.117488 -3.22139e-05 -3.59987e-05 0.117664 3.52479
30 , maxErr[5] 2 0.0765076 -325.789 -350.66 30 130 0.11757 -0.00213845 -0.00238987 0.117664 3.64236
31 , maxErr[5] 2 0.0765076 -324.544 -349.362 31 130 0.117531 -6.50146e-05 -7.26558e-05 0.117664 3.75989
32 , maxErr[5] 2 0.0765076 -326.278 -351.227 32 130 0.117521 -3.21658e-05 -3.5946e-05 0.117664 3.87741
33 , maxErr[5] 2 0.0765754 -324.406 -349.247 33 130 0.117649 -0.00213441 -0.00238552 0.117664 3.99506
34 , maxErr[5] 2 0.0767502 -322.974 -347.763 34 130 0.117488 -3.21751e-05 -3.59552e-05 0.117664 4.11255
35 , maxErr[5] 2 0.0767502 -324.528 -349.37 35 130 0.117459 -0.00213787 -0.00238899 0.117664 4.23001
36 , maxErr[5] 2 0.0767502 -323.225 -348.014 36 130 0.117528 -6.49469e-05 -7.258e-05 0.117664 4.34754
37 , maxErr[5] 2 0.0767502 -325.088 -350.014 37 130 0.117455 -0.00214519 -0.00239715 0.117664 4.46499
38 , maxErr[5] 2 0.076783 -323.931 -348.804 38 130 0.117501 -0.00214435 -0.00239631 0.117664 4.58249
39 , maxErr[5] 2 0.0767961 -323.876 -348.749 39 130 0.117507 -6.49084e-05 -7.25356e-05 0.117664 4.7
40 , maxErr[5] 2 0.0768772 -324.026 -348.936 40 130 0.117687 -0.00213963 -0.00239143 0.117687 4.81769
41 , maxErr[5] 2 0.0770279 -322.7 -347.557 41 130 0.117481 -0.00214337 -0.00239518 0.117687 4.93517
42 , maxErr[5] 2 0.0770279 -322.863 -347.72 42 130 0.117469 -6.48985e-05 -7.25221e-05 0.117687 5.05264
43 , maxErr[5] 2 0.0770896 -323.027 -347.929 43 130 0.117444 -6.48912e-05 -7.25123e-05 0.117687 5.17008
44 , maxErr[5] 2 0.0773157 -321.978 -346.872 44 130 0.117424 -6.48814e-05 -7.25e-05 0.117687 5.28751
45 , maxErr[5] 2 0.077534 -320.968 -345.854 45 130 0.117397 -6.48757e-05 -7.24919e-05 0.117687 5.4049
46 , maxErr[5] 2 0.0777606 -319.932 -344.81 46 130 0.117377 -6.48661e-05 -7.24799e-05 0.117687 5.52228
47 , maxErr[5] 2 0.0779869 -318.904 -343.774 47 130 0.11736 -6.48558e-05 -7.24672e-05 0.117687 5.63964
48 , maxErr[5] 2 0.0782179 -317.864 -342.727 48 130 0.117353 -6.48398e-05 -7.2449e-05 0.117687 5.75699
49 , maxErr[5] 2 0.0784567 -316.801 -341.656 49 130 0.117348 -6.48227e-05 -7.24296e-05 0.117687 5.87434
50 , maxErr[5] 2 0.078693 -315.755 -340.603 50 130 0.1173 -6.48303e-05 -7.24349e-05 0.117687 5.99164
51 , maxErr[5] 2 0.0788958 -314.851 -339.691 51 130 0.117184 -0.00432522 -0.00483206 0.117687 6.10883
52 , maxErr[5] 2 0.0790648 -314.132 -338.968 52 130 0.11755 -6.56609e-05 -7.33793e-05 0.117687 6.22638
53 , maxErr[5] 2 0.0790648 -333.335 -358.525 53 130 0.117446 -3.24964e-05 -3.6313e-05 0.117687 6.34382
54 , maxErr[5] 2 0.0790648 -331.708 -356.788 54 130 0.117342 -3.2385e-05 -3.61851e-05 0.117687 6.46116
55 , maxErr[5] 2 0.0790648 -329.885 -354.857 55 130 0.11741 -0.00215004 -0.00240248 0.117687 6.57857
56 , maxErr[5] 2 0.0790648 -328.438 -353.357 56 130 0.117497 -3.24824e-05 -3.6299e-05 0.117687 6.69607
57 , maxErr[5] 2 0.0790648 -331.513 -356.593 57 130 0.117439 -3.23581e-05 -3.61582e-05 0.117687 6.81351
58 , maxErr[5] 2 0.0790648 -329.711 -354.684 58 130 0.11753 -0.00214785 -0.00240028 0.117687 6.93104
59 , maxErr[5] 2 0.0790648 -328.311 -353.23 59 130 0.11751 -6.55551e-05 -7.32585e-05 0.117687 7.04855
60 , maxErr[5] 2 0.0790648 -332.009 -357.153 60 130 0.117237 -3.24966e-05 -3.63064e-05 0.117687 7.16579
61 , maxErr[5] 2 0.0790648 -331.045 -356.081 61 130 0.117302 -0.00215751 -0.00241059 0.117687 7.28309
62 , maxErr[5] 2 0.0790648 -330.441 -355.424 62 130 0.117354 -3.24641e-05 -3.62739e-05 0.117687 7.40044
63 , maxErr[5] 2 0.0790648 -330.614 -355.65 63 130 0.117156 -0.0021602 -0.00241328 0.117687 7.5176
64 , maxErr[5] 2 0.0790648 -329.41 -354.393 64 130 0.11748 -6.54632e-05 -7.31538e-05 0.117687 7.63508
65 , maxErr[5] 2 0.0790648 -330.741 -355.847 65 130 0.117451 -3.23885e-05 -3.61926e-05 0.117687 7.75253
66 , maxErr[5] 2 0.0790648 -328.876 -353.874 66 130 0.117631 -0.00214823 -0.00240093 0.117687 7.87016
67 , maxErr[5] 2 0.0790648 -327.46 -352.405 67 130 0.117406 -3.24009e-05 -3.6205e-05 0.117687 7.98757
68 , maxErr[5] 2 0.0790648 -329.048 -354.047 68 130 0.117322 -0.00215388 -0.00240658 0.117687 8.10489
69 , maxErr[5] 2 0.0790648 -327.702 -352.647 69 130 0.117451 -6.53905e-05 -7.30707e-05 0.117687 8.22234
70 , maxErr[5] 2 0.0790648 -329.524 -354.6 70 130 0.117432 -3.23543e-05 -3.61537e-05 0.117687 8.33977
71 , maxErr[5] 2 0.0790648 -327.643 -352.611 71 130 0.11751 -0.00214783 -0.00240022 0.117687 8.45728
72 , maxErr[5] 2 0.0790648 -326.218 -351.133 72 130 0.117438 -3.23528e-05 -3.61522e-05 0.117687 8.57472
73 , maxErr[5] 2 0.0790648 -327.623 -352.591 73 130 0.11762 -0.00214583 -0.00239822 0.117687 8.69234
74 , maxErr[5] 2 0.0790648 -326.189 -351.103 74 130 0.117434 -6.53306e-05 -7.30026e-05 0.117687 8.80977
75 , maxErr[5] 2 0.0790648 -328.35 -353.403 75 130 0.117445 -0.00215632 -0.00240957 0.117687 8.92722
76 , maxErr[5] 2 0.0790648 -327.023 -352.022 76 130 0.117469 -0.00215587 -0.00240912 0.117687 9.04469
77 , maxErr[5] 2 0.0790648 -327.031 -352.03 77 130 0.117409 -6.52937e-05 -7.29598e-05 0.117687 9.1621
78 , maxErr[5] 2 0.0790648 -327.283 -352.32 78 130 0.117413 -0.00215555 -0.00240864 0.117687 9.27951
79 , maxErr[5] 2 0.0790648 -326.327 -351.311 79 130 0.117323 -0.00215721 -0.0024103 0.117687 9.39683
80 , maxErr[5] 2 0.0790648 -326.171 -351.155 80 130 0.117387 -6.52748e-05 -7.29373e-05 0.117687 9.51422
81 , maxErr[5] 2 0.0790648 -326.225 -351.254 81 130 0.117379 -6.52581e-05 -7.2918e-05 0.117687 9.6316
82 , maxErr[5] 2 0.0790648 -325.205 -350.226 82 130 0.117345 -6.52562e-05 -7.29137e-05 0.117687 9.74894
83 , maxErr[5] 2 0.0790648 -324.203 -349.216 83 130 0.117301 -6.52598e-05 -7.29148e-05 0.117687 9.86624
84 , maxErr[5] 2 0.0790648 -323.221 -348.226 84 130 0.117251 -6.52671e-05 -7.29197e-05 0.117687 9.9835
85 , maxErr[5] 2 0.0790648 -322.24 -347.237 85 130 0.117209 -6.527e-05 -7.29203e-05 0.117687 10.1007
86 , maxErr[5] 2 0.0790648 -321.236 -346.225 86 130 0.117191 -6.52604e-05 -7.29083e-05 0.117687 10.2179
87 , maxErr[5] 2 0.0790648 -320.176 -345.158 87 130 0.117185 -6.52437e-05 -7.28893e-05 0.117687 10.3351
88 , maxErr[5] 2 0.0790648 -319.129 -344.103 88 130 0.117177 -6.52289e-05 -7.28722e-05 0.117687 10.4523
89 , maxErr[5] 2 0.0790648 -318.087 -343.054 89 130 0.117175 -0.00434762 -0.00485705 0.117687 10.5694
90 , maxErr[5] 2 0.0790648 -317.102 -342.066 90 130 0.117557 -6.57151e-05 -7.34404e-05 0.117687 10.687
91 , maxErr[5] 2 0.0790648 -333.684 -358.918 91 130 0.117509 -6.57205e-05 -7.34432e-05 0.117687 10.8045
92 , maxErr[5] 2 0.0790648 -332.741 -357.967 92 130 0.117443 -6.57363e-05 -7.34566e-05 0.117687 10.9219
93 , maxErr[5] 2 0.0790648 -331.796 -357.014 93 130 0.117398 -6.57403e-05 -7.34581e-05 0.117687 11.0393
94 , maxErr[5] 2 0.0790648 -330.754 -355.964 94 130 0.117391 -6.57236e-05 -7.34389e-05 0.117687 11.1567
95 , maxErr[5] 2 0.0790648 -329.708 -354.91 95 130 0.117378 -6.57108e-05 -7.34238e-05 0.117687 11.2741
96 , maxErr[5] 2 0.0790648 -328.675 -353.869 96 130 0.117363 -6.5699e-05 -7.34096e-05 0.117687 11.3915
97 , maxErr[5] 2 0.0790648 -327.625 -352.812 97 130 0.117354 -6.56841e-05 -7.33924e-05 0.117687 11.5088
98 , maxErr[5] 2 0.0790648 -326.576 -351.755 98 130 0.117343 -6.56707e-05 -7.33767e-05 0.117687 11.6262
99 , maxErr[5] 2 0.0790648 -325.523 -350.695 99 130 0.117363 -0.00437625 -0.00488986 0.117687 11.7435
100 , maxErr[5] 2 0.0790648 -324.549 -349.717 100 130 0.117531 -6.57303e-05 -7.34556e-05 0.117687 11.8611
101 , maxErr[5] 2 0.0790648 -333.793 -359.028 101 130 0.11745 -6.57558e-05 -7.34789e-05 0.117687 11.9785
102 , maxErr[5] 2 0.0790648 -332.861 -358.089 102 130 0.117395 -6.57673e-05 -7.34881e-05 0.117687 12.0959
103 , maxErr[5] 2 0.0790648 -331.876 -357.096 103 130 0.117395 -0.00438339 -0.00489798 0.117687 12.2133
104 , maxErr[5] 2 0.0790648 -330.858 -356.074 104 130 nan 0 0 0.117687 12.2133
105 , maxErr[5] 3 0.0790648 -335.713 -360.957 105 130 nan 0 0 0.117687 12.2133
106 , maxErr[5] 4 0.0790648 -337.846 -363.108 106 130 nan 0 0 0.117687 12.2133
107 , maxErr[5] 4 0.0790648 -339.98 -365.258 107 130 nan 0 0 0.117687 12.2133
108 , maxErr[5] 4 0.0790648 -342.113 -367.409 108 130 nan 0 0 0.117687 12.2133
109 , maxErr[5] 4 0.0790648 -344.247 -369.559 109 130 0.117325 0.0116123 0.0129747 0.117687 12.3306
110 , maxErr[5] 4 0.0790648 -346.27 -371.598 110 130 0.117373 0.0116141 0.0129773 0.117687 12.448
111 , maxErr[5] 4 0.0790648 -348.257 -373.599 111 130 0.117414 0.0116156 0.0129794 0.117687 12.5654
112 , maxErr[5] 4 0.0790648 -350.191 -375.543 112 130 0.117446 0.0116168 0.0129811 0.117687 12.6829
113 , maxErr[5] 4 0.0790648 -352.067 -377.428 113 130 0.117471 0.0116176 0.0129823 0.117687 12.8003
114 , maxErr[5] 4 0.0790648 -353.882 -379.249 114 130 0.117488 0.0116181 0.0129831 0.117687 12.9178
115 , maxErr[5] 4 0.0790648 -355.655 -381.025 115 130 0.117498 0.0116183 0.0129834 0.117687 13.0353
116 , maxErr[5] 4 0.0790648 -357.381 -382.752 116 130 nan 0 0 0.117687 13.0353
117 , maxErr[5] 3 0.0790648 -336.707 -361.952 117 130 nan 0 0 0.117687 13.0353
118 , maxErr[5] 3 0.0790648 -337.225 -362.469 118 130 nan 0 0 0.117687 13.0353
119 , maxErr[5] 3 0.0790648 -338.219 -363.464 119 130 nan 0 0 0.117687 13.0353
120 , maxErr[5] 3 0.0790648 -338.318 -363.563 120 130 nan 0 0 0.117687 13.0353
121 , maxErr[5] 3 0.0790648 -338.418 -363.662 121 130 nan 0 0 0.117687 13.0353
122 , maxErr[5] 3 0.0790648 -335.695 -360.937 122 130 nan 0 0 0.117687 13.0353
123 , maxErr[5] 4 0.0790648 -337.685 -362.927 123 130 nan 0 0 0.117687 13.0353
124 , maxErr[5] 4 0.0790648 -339.674 -364.917 124 130 nan 0 0 0.117687 13.0353
125 , maxErr[5] 4 0.0790648 -341.664 -366.907 125 130 nan 0 0 0.117687 13.0353
126 , maxErr[5] 4 0.0790648 -343.065 -368.307 126 130 nan 0 0 0.117687 13.0353
127 , maxErr[5] 3 0.0790648 -336.332 -361.575 127 130 nan 0 0 0.117687 13.0353
128 , maxErr[5] 3 0.0790648 -337.326 -362.569 128 130 nan 0 0 0.117687 13.0353
129 , maxErr[5] 3 0.0790648 -337.426 -362.668 129 130 nan 0 0 0.117687 13.0353
130 , maxErr[5] 3 0.0790648 -337.525 -362.768 130 130



0 abs: 0 0 0 0 0 0.00136512 0 0.0190972 0 an: 0 an_old: 0 gco2: 0 gco2_old> 0 ci: 0 ci_old:0 0 0
0 0 0 0 0 0.117687 0 an: 0 an_old: 0 gco2: 0 gco2_old> 0 ci: 0 ci_old:0 0 0
1 abs: 0 0 0 0 0 0.00136512 0 0.0190972 0 an: 0 an_old: 0 gco2: 0 gco2_old> 0 ci: 0 ci_old:0 0 0
1 0 0 0 0 0.117687 0 an: 0 an_old: 0 gco2: 0 gco2_old> 0 ci: 0 ci_old:0 0 0
2 abs: 0 0 0 0 0 0.00136512 0 0.0190972 0 an: 0 an_old: 0 gco2: 0 gco2_old> 0 ci: 0 ci_old:0 0 0
2 0 0 0 0 0.117687 0 an: 0 an_old: 0 gco2: 0 gco2_old> 0 ci: 0 ci_old:0 0 0
3 abs: 0 0 0 0 0 0.00136512 0 0.0190972 0 an: 0 an_old: 0 gco2: 0 gco2_old> 0 ci: 0 ci_old:0 0 0
3 0 0 0 0 0.117687 0 an: 0 an_old: 0 gco2: 0 gco2_old> 0 ci: 0 ci_old:0 0 0
4 abs: 1.73423e-10 1.73423e-10 6.49763e-06 5.07407e-08 35.0105 0.00136512 0 0.0190972 1.73423e-10 an: 9.50404e-07 an_old: 9.50231e-07 gco2: 0.0133993 gco2_old> 0.0133928 ci: 0.000218786 ci_old:0.000218736 -427.853 -462.864
4 0.000182506 0.000485158 0.000231973 0.0818282 0.117687 0 an: 9.50404e-07 an_old: 9.50231e-07 gco2: 0.0133993 gco2_old> 0.0133928 ci: 0.000218786 ci_old:0.000218736 -427.853 -462.864
5 abs: 1.73661e-10 1.73661e-10 6.50627e-06 5.08096e-08 35.0305 0.00136512 0 0.0190972 3.47084e-10 an: 9.50397e-07 an_old: 9.50223e-07 gco2: 0.013399 gco2_old> 0.0133925 ci: 0.000218784 ci_old:0.000218733 -429.871 -464.902
5 0.000182758 0.000485813 0.00023229 0.0818282 0.117687 0 an: 9.50397e-07 an_old: 9.50223e-07 gco2: 0.013399 gco2_old> 0.0133925 ci: 0.000218784 ci_old:0.000218733 -429.871 -464.902
6 abs: 1.73879e-10 1.73879e-10 6.51417e-06 5.08728e-08 35.0472 0.00136512 0 0.0190972 5.20963e-10 an: 9.5039e-07 an_old: 9.50216e-07 gco2: 0.0133988 gco2_old> 0.0133923 ci: 0.000218782 ci_old:0.000218731 -431.843 -466.89
6 0.000182989 0.000486412 0.000232581 0.0818282 0.117687 0 an: 9.5039e-07 an_old: 9.50216e-07 gco2: 0.0133988 gco2_old> 0.0133923 ci: 0.000218782 ci_old:0.000218731 -431.843 -466.89
7 abs: 1.74077e-10 1.74077e-10 6.5213e-06 5.09299e-08 35.0605 0.00136512 0 0.0190972 6.9504e-10 an: 9.50383e-07 an_old: 9.50209e-07 gco2: 0.0133985 gco2_old> 0.013392 ci: 0.00021878 ci_old:0.000218729 -433.756 -468.816
7 0.000183199 0.000486954 0.000232844 0.0818282 0.117687 0 an: 9.50383e-07 an_old: 9.50209e-07 gco2: 0.0133985 gco2_old> 0.013392 ci: 0.00021878 ci_old:0.000218729 -433.756 -468.816
8 abs: 1.74254e-10 1.74254e-10 6.52765e-06 5.09809e-08 35.0705 0.00136512 0 0.0190972 8.69294e-10 an: 9.50376e-07 an_old: 9.50202e-07 gco2: 0.0133983 gco2_old> 0.0133918 ci: 0.000218778 ci_old:0.000218727 -435.607 -470.678
8 0.000183386 0.000487438 0.00023308 0.0818282 0.117687 0 an: 9.50376e-07 an_old: 9.50202e-07 gco2: 0.0133983 gco2_old> 0.0133918 ci: 0.000218778 ci_old:0.000218727 -435.607 -470.678
9 abs: 1.7441e-10 1.7441e-10 6.53324e-06 5.10259e-08 35.0772 0.00136512 0 0.0190972 1.0437e-09 an: 9.5037e-07 an_old: 9.50196e-07 gco2: 0.013398 gco2_old> 0.0133915 ci: 0.000218776 ci_old:0.000218725 -437.405 -472.482
9 0.000183552 0.000487865 0.000233288 0.0818282 0.117687 0 an: 9.5037e-07 an_old: 9.50196e-07 gco2: 0.013398 gco2_old> 0.0133915 ci: 0.000218776 ci_old:0.000218725 -437.405 -472.482
10 abs: 1.74546e-10 1.74546e-10 6.53809e-06 5.10651e-08 35.0805 0.00136512 0 0.0190972 1.21825e-09 an: 9.50364e-07 an_old: 9.50189e-07 gco2: 0.0133978 gco2_old> 0.0133913 ci: 0.000218775 ci_old:0.000218724 -439.155 -474.236
10 0.000183696 0.000488236 0.000233469 0.0818282 0.117687 0 an: 9.50364e-07 an_old: 9.50189e-07 gco2: 0.0133978 gco2_old> 0.0133913 ci: 0.000218775 ci_old:0.000218724 -439.155 -474.236
11 abs: 1.74546e-10 1.74546e-10 6.53809e-06 5.10651e-08 35.0805 0.00136512 0 0.0190972 1.21825e-09 an: 0 an_old: 0 gco2: 0 gco2_old> 0 ci: 0 ci_old:0 0 0
11 0.000183696 0.000488236 0.000233469 0.0818282 0.117687 0 an: 0 an_old: 0 gco2: 0 gco2_old> 0 ci: 0 ci_old:0 0 0
12 abs: 1.74546e-10 1.74546e-10 6.53809e-06 5.10651e-08 35.0805 0.00136512 0 0.0190972 1.21825e-09 an: 0 an_old: 0 gco2: 0 gco2_old> 0 ci: 0 ci_old:0 0 0
12 0.000183696 0.000488236 0.000233469 0.0818282 0.117687 0 an: 0 an_old: 0 gco2: 0 gco2_old> 0 ci: 0 ci_old:0 0 0
13 abs: 1.74546e-10 1.74546e-10 6.53809e-06 5.10651e-08 35.0805 0.00136512 0 0.0190972 1.21825e-09 an: 0 an_old: 0 gco2: 0 gco2_old> 0 ci: 0 ci_old:0 0 0
13 0.000183696 0.000488236 0.000233469 0.0818282 0.117687 0 an: 0 an_old: 0 gco2: 0 gco2_old> 0 ci: 0 ci_old:0 0 0
14 abs: 1.74546e-10 1.74546e-10 6.53809e-06 5.10651e-08 35.0805 0.00136512 0 0.0190972 1.21825e-09 an: 0 an_old: 0 gco2: 0 gco2_old> 0 ci: 0 ci_old:0 0 0
14 0.000183696 0.000488236 0.000233469 0.0818282 0.117687 0 an: 0 an_old: 0 gco2: 0 gco2_old> 0 ci: 0 ci_old:0 0 0
