psi err 

0 , maxErr[5] 2 0.0434055 -303.305 -316.47 0 130 0.0718214 -5.60325e-05 -6.00569e-05 0.0718214 0.0718214
1 , maxErr[5] 2 0.0435028 -301.814 -314.944 1 130 0.0717925 -2.77098e-05 -2.96991e-05 0.0718214 0.143614
2 , maxErr[5] 2 0.0435505 -300.175 -313.248 2 130 0.0717222 -2.76172e-05 -2.9598e-05 0.0718214 0.215336
3 , maxErr[5] 2 0.0435901 -298.615 -311.632 3 130 0.0718876 -0.00183036 -0.00196194 0.0718876 0.287224
4 , maxErr[5] 2 0.0435901 -298.199 -311.188 4 130 0.0717776 -2.77155e-05 -2.97049e-05 0.0718876 0.359001
5 , maxErr[5] 2 0.0435901 -300.255 -313.328 5 130 0.0715332 -2.76902e-05 -2.96709e-05 0.0718876 0.430535
6 , maxErr[5] 2 0.0435901 -299.467 -312.484 6 130 0.0717021 -0.00183509 -0.00196667 0.0718876 0.502237
7 , maxErr[5] 2 0.0435901 -298.323 -311.312 7 130 0.0718221 -5.58897e-05 -5.99038e-05 0.0718876 0.574059
8 , maxErr[5] 2 0.0436064 -300.377 -313.475 8 130 0.0717708 -2.76518e-05 -2.96364e-05 0.0718876 0.64583
9 , maxErr[5] 2 0.0436356 -298.874 -311.915 9 130 0.0717024 -2.75588e-05 -2.95348e-05 0.0718876 0.717532
10 , maxErr[5] 2 0.0436979 -297.166 -310.151 10 130 0.0716843 -0.00183115 -0.00196242 0.0718876 0.789216
11 , maxErr[5] 2 0.0438022 -295.824 -308.782 11 130 0.0718233 -2.76316e-05 -2.96162e-05 0.0718876 0.86104
12 , maxErr[5] 2 0.0438022 -298.607 -311.649 12 130 0.071775 -2.75309e-05 -2.95069e-05 0.0718876 0.932815
13 , maxErr[5] 2 0.0438022 -297.055 -310.041 13 130 0.0717226 -0.00183018 -0.00196144 0.0718876 1.00454
14 , maxErr[5] 2 0.0438022 -295.829 -308.786 14 130 0.0718107 -5.5773e-05 -5.97781e-05 0.0718876 1.07635
15 , maxErr[5] 2 0.0438022 -299.06 -312.131 15 130 0.0717869 -2.75876e-05 -2.9568e-05 0.0718876 1.14813
16 , maxErr[5] 2 0.0438022 -297.359 -310.373 16 130 0.0717554 -2.74806e-05 -2.94525e-05 0.0718876 1.21989
17 , maxErr[5] 2 0.0438241 -295.688 -308.647 17 130 0.0717508 -0.00182562 -0.00195661 0.0718876 1.29164
18 , maxErr[5] 2 0.0439121 -294.465 -307.396 18 130 0.0717854 -2.75882e-05 -2.95686e-05 0.0718876 1.36343
19 , maxErr[5] 2 0.0439121 -297.367 -310.381 19 130 0.0717508 -2.74824e-05 -2.94543e-05 0.0718876 1.43518
20 , maxErr[5] 2 0.0439121 -295.657 -308.616 20 130 0.071724 -0.0018263 -0.00195729 0.0718876 1.5069
21 , maxErr[5] 2 0.0439198 -294.413 -307.344 21 130 0.0717976 -5.56744e-05 -5.96717e-05 0.0718876 1.5787
22 , maxErr[5] 2 0.0439198 -297.736 -310.783 22 130 0.0717751 -2.75431e-05 -2.952e-05 0.0718876 1.65047
23 , maxErr[5] 2 0.0439198 -296.109 -309.1 23 130 0.0717529 -0.00183022 -0.00196154 0.0718876 1.72223
24 , maxErr[5] 2 0.043966 -294.853 -307.817 24 130 0.0717754 -2.7543e-05 -2.95199e-05 0.0718876 1.794
25 , maxErr[5] 2 0.043966 -296.109 -309.1 25 130 0.0718659 -0.00182734 -0.00195866 0.0718876 1.86587
26 , maxErr[5] 2 0.0439771 -294.779 -307.742 26 130 0.0717998 -5.55806e-05 -5.95713e-05 0.0718876 1.93767
27 , maxErr[5] 2 0.0439771 -296.464 -309.492 27 130 0.0717733 -2.75022e-05 -2.94762e-05 0.0718876 2.00944
28 , maxErr[5] 2 0.0440044 -294.782 -307.754 28 130 0.0717473 -0.0018276 -0.00195873 0.0718876 2.08119
29 , maxErr[5] 2 0.0440984 -293.525 -306.469 29 130 0.0717616 -2.75067e-05 -2.94806e-05 0.0718876 2.15295
30 , maxErr[5] 2 0.0440984 -294.855 -307.827 30 130 0.0718197 -0.00182576 -0.00195688 0.0718876 2.22477
31 , maxErr[5] 2 0.0440984 -293.676 -306.62 31 130 0.0717921 -5.5511e-05 -5.94962e-05 0.0718876 2.29656
32 , maxErr[5] 2 0.0440984 -295.249 -308.261 32 130 0.0717853 -2.74643e-05 -2.94358e-05 0.0718876 2.36835
33 , maxErr[5] 2 0.0441416 -293.51 -306.466 33 130 0.0718769 -0.00182209 -0.00195306 0.0718876 2.44022
34 , maxErr[5] 2 0.044253 -292.145 -305.073 34 130 0.0717611 -2.74736e-05 -2.94451e-05 0.0718876 2.51199
35 , maxErr[5] 2 0.044253 -293.632 -306.588 35 130 0.0717405 -0.00182556 -0.00195653 0.0718876 2.58373
36 , maxErr[5] 2 0.044253 -292.396 -305.324 36 130 0.0717901 -5.54534e-05 -5.94344e-05 0.0718876 2.65552
37 , maxErr[5] 2 0.044253 -294.088 -307.088 37 130 0.071738 -0.00183181 -0.00196322 0.0718876 2.72725
38 , maxErr[5] 2 0.0442739 -292.997 -305.969 38 130 0.0717708 -0.00183098 -0.00196239 0.0718876 2.79902
39 , maxErr[5] 2 0.0442823 -292.942 -305.914 39 130 0.0717752 -5.54223e-05 -5.94002e-05 0.0718876 2.8708
40 , maxErr[5] 2 0.0443339 -293.045 -306.037 40 130 0.071904 -0.00182645 -0.00195778 0.071904 2.9427
41 , maxErr[5] 2 0.0444301 -291.785 -304.749 41 130 0.0717567 -0.0018302 -0.00196153 0.071904 3.01446
42 , maxErr[5] 2 0.0444301 -291.948 -304.912 42 130 0.071748 -5.54169e-05 -5.93929e-05 0.071904 3.08621
43 , maxErr[5] 2 0.0444695 -292.056 -305.043 43 130 0.0717299 -5.54127e-05 -5.93875e-05 0.071904 3.15794
44 , maxErr[5] 2 0.0446138 -291.017 -304 44 130 0.0717156 -5.54059e-05 -5.93794e-05 0.071904 3.22965
45 , maxErr[5] 2 0.0447532 -290.017 -302.996 45 130 0.0716962 -5.54032e-05 -5.93754e-05 0.071904 3.30135
46 , maxErr[5] 2 0.0448979 -288.99 -301.965 46 130 0.0716823 -5.53966e-05 -5.93676e-05 0.071904 3.37303
47 , maxErr[5] 2 0.0450427 -287.972 -300.943 47 130 0.0716696 -5.53892e-05 -5.9359e-05 0.071904 3.4447
48 , maxErr[5] 2 0.0451904 -286.942 -299.909 48 130 0.0716646 -5.53762e-05 -5.93447e-05 0.071904 3.51637
49 , maxErr[5] 2 0.0453433 -285.888 -298.851 49 130 0.0716615 -5.53619e-05 -5.93292e-05 0.071904 3.58803
50 , maxErr[5] 2 0.0454947 -284.851 -297.811 50 130 0.0716267 -5.53723e-05 -5.93385e-05 0.071904 3.65966
51 , maxErr[5] 2 0.0456247 -283.956 -296.911 51 130 0.0715443 -0.00369484 -0.00395918 0.071904 3.7312
52 , maxErr[5] 2 0.0457331 -283.242 -296.195 52 130 0.0718057 -5.60613e-05 -6.00868e-05 0.071904 3.80301
53 , maxErr[5] 2 0.0457331 -302.006 -315.144 53 130 0.0717316 -2.77496e-05 -2.97402e-05 0.071904 3.87474
54 , maxErr[5] 2 0.0457331 -300.515 -313.596 54 130 0.0716569 -2.76587e-05 -2.96406e-05 0.071904 3.94639
55 , maxErr[5] 2 0.0457331 -298.826 -311.85 55 130 0.0717056 -0.00183608 -0.00196774 0.071904 4.0181
56 , maxErr[5] 2 0.0457331 -297.445 -310.442 56 130 0.0717679 -2.77356e-05 -2.97261e-05 0.071904 4.08987
57 , maxErr[5] 2 0.0457331 -300.32 -313.4 57 130 0.0717266 -2.76318e-05 -2.96138e-05 0.071904 4.16159
58 , maxErr[5] 2 0.0457331 -298.652 -311.677 58 130 0.0717915 -0.00183389 -0.00196554 0.071904 4.23339
59 , maxErr[5] 2 0.0457331 -297.319 -310.315 59 130 0.0717771 -5.59742e-05 -5.99919e-05 0.071904 4.30516
60 , maxErr[5] 2 0.0457331 -300.736 -313.85 60 130 0.0715818 -2.77583e-05 -2.97452e-05 0.071904 4.37674
61 , maxErr[5] 2 0.0457331 -299.907 -312.965 61 130 0.0716282 -0.00184275 -0.00197474 0.071904 4.44837
62 , maxErr[5] 2 0.0457331 -299.37 -312.4 62 130 0.0716656 -2.77258e-05 -2.97128e-05 0.071904 4.52004
63 , maxErr[5] 2 0.0457331 -299.476 -312.534 63 130 0.0715238 -0.00184544 -0.00197743 0.071904 4.59156
64 , maxErr[5] 2 0.0457331 -298.339 -311.369 64 130 0.0717559 -5.58982e-05 -5.99092e-05 0.071904 4.66332
65 , maxErr[5] 2 0.0457331 -299.516 -312.61 65 130 0.0717347 -2.76573e-05 -2.96413e-05 0.071904 4.73505
66 , maxErr[5] 2 0.0457331 -297.784 -310.822 66 130 0.0718636 -0.00183395 -0.00196574 0.071904 4.80692
67 , maxErr[5] 2 0.0457331 -296.435 -309.445 67 130 0.0717025 -2.76697e-05 -2.96537e-05 0.071904 4.87862
68 , maxErr[5] 2 0.0457331 -297.957 -310.995 68 130 0.071643 -0.00183959 -0.00197139 0.071904 4.95026
69 , maxErr[5] 2 0.0457331 -296.677 -309.687 69 130 0.0717348 -5.58385e-05 -5.98441e-05 0.071904 5.022
70 , maxErr[5] 2 0.0457331 -298.337 -311.415 70 130 0.0717216 -2.76288e-05 -2.96104e-05 0.071904 5.09372
71 , maxErr[5] 2 0.0457331 -296.59 -309.612 71 130 0.0717773 -0.00183393 -0.00196556 0.071904 5.1655
72 , maxErr[5] 2 0.0457331 -295.231 -308.225 72 130 0.0717256 -2.76273e-05 -2.96089e-05 0.071904 5.23722
73 , maxErr[5] 2 0.0457331 -296.57 -309.592 73 130 0.0718557 -0.00183192 -0.00196356 0.071904 5.30908
74 , maxErr[5] 2 0.0457331 -295.202 -308.196 74 130 0.0717224 -5.57887e-05 -5.979e-05 0.071904 5.3808
75 , maxErr[5] 2 0.0457331 -297.191 -310.257 75 130 0.0717303 -0.00184135 -0.00197343 0.071904 5.45253
76 , maxErr[5] 2 0.0457331 -295.931 -308.969 76 130 0.071748 -0.0018409 -0.00197298 0.071904 5.52428
77 , maxErr[5] 2 0.0457331 -295.938 -308.977 77 130 0.0717051 -5.57592e-05 -5.97574e-05 0.071904 5.59598
78 , maxErr[5] 2 0.0457331 -296.144 -309.202 78 130 0.071708 -0.00184078 -0.00197277 0.071904 5.66769
79 , maxErr[5] 2 0.0457331 -295.254 -308.284 79 130 0.0716432 -0.00184244 -0.00197444 0.071904 5.73933
80 , maxErr[5] 2 0.0457331 -295.098 -308.129 80 130 0.0716895 -5.57449e-05 -5.97412e-05 0.071904 5.81102
81 , maxErr[5] 2 0.0457331 -295.096 -308.15 81 130 0.0716835 -5.57312e-05 -5.97262e-05 0.071904 5.88271
82 , maxErr[5] 2 0.0457331 -294.086 -307.136 82 130 0.0716588 -5.57325e-05 -5.97262e-05 0.071904 5.95437
83 , maxErr[5] 2 0.0457331 -293.094 -306.139 83 130 0.0716275 -5.57391e-05 -5.97315e-05 0.071904 6.02599
84 , maxErr[5] 2 0.0457331 -292.122 -305.163 84 130 0.0715919 -5.57493e-05 -5.97405e-05 0.071904 6.09758
85 , maxErr[5] 2 0.0457331 -291.15 -304.187 85 130 0.0715621 -5.57552e-05 -5.97452e-05 0.071904 6.16915
86 , maxErr[5] 2 0.0457331 -290.156 -303.189 86 130 0.0715489 -5.57485e-05 -5.97372e-05 0.071904 6.2407
87 , maxErr[5] 2 0.0457331 -289.106 -302.135 87 130 0.0715451 -5.57347e-05 -5.97222e-05 0.071904 6.31224
88 , maxErr[5] 2 0.0457331 -288.068 -301.093 88 130 0.0715392 -5.57227e-05 -5.9709e-05 0.071904 6.38378
89 , maxErr[5] 2 0.0457331 -287.034 -300.056 89 130 0.0715375 -0.00371403 -0.00397972 0.071904 6.45532
90 , maxErr[5] 2 0.0457331 -286.055 -299.074 90 130 0.0718107 -5.6107e-05 -6.01361e-05 0.071904 6.52713
91 , maxErr[5] 2 0.0457331 -302.3 -315.461 91 130 0.0717763 -5.61155e-05 -6.01433e-05 0.071904 6.5989
92 , maxErr[5] 2 0.0457331 -301.366 -314.523 92 130 0.071729 -5.61345e-05 -6.01609e-05 0.071904 6.67063
93 , maxErr[5] 2 0.0457331 -300.432 -313.584 93 130 0.0716971 -5.61415e-05 -6.01667e-05 0.071904 6.74233
94 , maxErr[5] 2 0.0457331 -299.4 -312.548 94 130 0.0716922 -5.61278e-05 -6.01517e-05 0.071904 6.81402
95 , maxErr[5] 2 0.0457331 -298.364 -311.508 95 130 0.0716824 -5.6118e-05 -6.01407e-05 0.071904 6.88571
96 , maxErr[5] 2 0.0457331 -297.34 -310.48 96 130 0.0716718 -5.61091e-05 -6.01306e-05 0.071904 6.95738
97 , maxErr[5] 2 0.0457331 -296.3 -309.436 97 130 0.0716656 -5.60971e-05 -6.01174e-05 0.071904 7.02904
98 , maxErr[5] 2 0.0457331 -295.26 -308.392 98 130 0.0716578 -5.60866e-05 -6.01056e-05 0.071904 7.1007
99 , maxErr[5] 2 0.0457331 -294.217 -307.345 99 130 0.0716718 -0.00373746 -0.00400533 0.071904 7.17237
100 , maxErr[5] 2 0.0457331 -293.247 -306.373 100 130 0.0717924 -5.61221e-05 -6.01512e-05 0.071904 7.24416
101 , maxErr[5] 2 0.0457331 -302.408 -315.569 101 130 0.0717344 -5.61505e-05 -6.01784e-05 0.071904 7.3159
102 , maxErr[5] 2 0.0457331 -301.486 -314.643 102 130 0.0716948 -5.61648e-05 -6.01916e-05 0.071904 7.38759
103 , maxErr[5] 2 0.0457331 -300.51 -313.663 103 130 0.0716952 -0.00374338 -0.00401177 0.071904 7.45929
104 , maxErr[5] 2 0.0457331 -299.496 -312.647 104 130 nan 0 0 0.071904 7.45929
105 , maxErr[5] 3 0.0457331 -304.315 -317.482 105 130 nan 0 0 0.071904 7.45929
106 , maxErr[5] 4 0.0457331 -306.428 -319.603 106 130 nan 0 0 0.071904 7.45929
107 , maxErr[5] 4 0.0457331 -308.54 -321.724 107 130 nan 0 0 0.071904 7.45929
108 , maxErr[5] 4 0.0457331 -310.653 -323.846 108 130 nan 0 0 0.071904 7.45929
109 , maxErr[5] 4 0.0457331 -312.765 -325.967 109 130 0.0716445 0.00991783 0.0106284 0.071904 7.53093
110 , maxErr[5] 4 0.0457331 -314.769 -327.978 110 130 0.0716791 0.00991869 0.0106297 0.071904 7.60261
111 , maxErr[5] 4 0.0457331 -316.74 -329.957 111 130 0.0717081 0.00991938 0.0106307 0.071904 7.67432
112 , maxErr[5] 4 0.0457331 -318.66 -331.882 112 130 0.0717316 0.0099199 0.0106315 0.071904 7.74605
113 , maxErr[5] 4 0.0457331 -320.526 -333.752 113 130 0.0717494 0.00992024 0.010632 0.071904 7.8178
114 , maxErr[5] 4 0.0457331 -322.333 -335.563 114 130 0.0717616 0.00992042 0.0106323 0.071904 7.88956
115 , maxErr[5] 4 0.0457331 -324.101 -337.333 115 130 0.0717683 0.00992042 0.0106324 0.071904 7.96133
116 , maxErr[5] 4 0.0457331 -325.826 -339.058 116 130 nan 0 0 0.071904 7.96133
117 , maxErr[5] 3 0.0457331 -305.31 -318.476 117 130 nan 0 0 0.071904 7.96133
118 , maxErr[5] 3 0.0457331 -305.828 -318.994 118 130 nan 0 0 0.071904 7.96133
119 , maxErr[5] 3 0.0457331 -306.822 -319.988 119 130 nan 0 0 0.071904 7.96133
120 , maxErr[5] 3 0.0457331 -306.921 -320.087 120 130 nan 0 0 0.071904 7.96133
121 , maxErr[5] 3 0.0457331 -307.021 -320.187 121 130 nan 0 0 0.071904 7.96133
122 , maxErr[5] 3 0.0457331 -304.3 -317.465 122 130 nan 0 0 0.071904 7.96133
123 , maxErr[5] 4 0.0457331 -306.29 -319.455 123 130 nan 0 0 0.071904 7.96133
124 , maxErr[5] 4 0.0457331 -308.28 -321.445 124 130 nan 0 0 0.071904 7.96133
125 , maxErr[5] 4 0.0457331 -310.27 -323.435 125 130 nan 0 0 0.071904 7.96133
126 , maxErr[5] 4 0.0457331 -311.67 -324.835 126 130 nan 0 0 0.071904 7.96133
127 , maxErr[5] 3 0.0457331 -304.938 -318.103 127 130 nan 0 0 0.071904 7.96133
128 , maxErr[5] 3 0.0457331 -305.932 -319.097 128 130 nan 0 0 0.071904 7.96133
129 , maxErr[5] 3 0.0457331 -306.031 -319.196 129 130 nan 0 0 0.071904 7.96133
130 , maxErr[5] 3 0.0457331 -306.13 -319.296 130 130



0 abs: 0 0 0 0 0 0.000711972 0 0.00996008 0 an: 0 an_old: 0 gco2: 0 gco2_old> 0 ci: 0 ci_old:0 0 0
0 0 0 0 0 0.071904 0 an: 0 an_old: 0 gco2: 0 gco2_old> 0 ci: 0 ci_old:0 0 0
1 abs: 0 0 0 0 0 0.000711972 0 0.00996008 0 an: 0 an_old: 0 gco2: 0 gco2_old> 0 ci: 0 ci_old:0 0 0
1 0 0 0 0 0.071904 0 an: 0 an_old: 0 gco2: 0 gco2_old> 0 ci: 0 ci_old:0 0 0
2 abs: 0 0 0 0 0 0.000711972 0 0.00996008 0 an: 0 an_old: 0 gco2: 0 gco2_old> 0 ci: 0 ci_old:0 0 0
2 0 0 0 0 0.071904 0 an: 0 an_old: 0 gco2: 0 gco2_old> 0 ci: 0 ci_old:0 0 0
3 abs: 0 0 0 0 0 0.000711972 0 0.00996008 0 an: 0 an_old: 0 gco2: 0 gco2_old> 0 ci: 0 ci_old:0 0 0
3 0 0 0 0 0.071904 0 an: 0 an_old: 0 gco2: 0 gco2_old> 0 ci: 0 ci_old:0 0 0
4 abs: 8.79415e-11 8.79415e-11 3.3e-06 2.57435e-08 18.2596 0.000711972 0 0.00996008 8.79415e-11 an: 9.50615e-07 an_old: 9.50527e-07 gco2: 0.0134072 gco2_old> 0.0134039 ci: 0.000218848 ci_old:0.000218822 -384.31 -402.569
4 9.25186e-05 0.000246196 0.000117646 0.0475127 0.071904 0 an: 9.50615e-07 an_old: 9.50527e-07 gco2: 0.0134072 gco2_old> 0.0134039 ci: 0.000218848 ci_old:0.000218822 -384.31 -402.569
5 abs: 8.80609e-11 8.80609e-11 3.30434e-06 2.57781e-08 18.27 0.000711972 0 0.00996008 1.76002e-10 an: 9.50608e-07 an_old: 9.5052e-07 gco2: 0.013407 gco2_old> 0.0134037 ci: 0.000218846 ci_old:0.00021882 -386.303 -404.573
5 9.26449e-05 0.000246525 0.000117805 0.0475127 0.071904 0 an: 9.50608e-07 an_old: 9.5052e-07 gco2: 0.013407 gco2_old> 0.0134037 ci: 0.000218846 ci_old:0.00021882 -386.303 -404.573
6 abs: 8.81704e-11 8.81704e-11 3.30831e-06 2.58098e-08 18.2787 0.000711972 0 0.00996008 2.64173e-10 an: 9.50602e-07 an_old: 9.50513e-07 gco2: 0.0134067 gco2_old> 0.0134034 ci: 0.000218844 ci_old:0.000218818 -388.254 -406.532
6 9.27609e-05 0.000246826 0.000117951 0.0475127 0.071904 0 an: 9.50602e-07 an_old: 9.50513e-07 gco2: 0.0134067 gco2_old> 0.0134034 ci: 0.000218844 ci_old:0.000218818 -388.254 -406.532
7 abs: 8.82697e-11 8.82697e-11 3.3119e-06 2.58386e-08 18.2857 0.000711972 0 0.00996008 3.52443e-10 an: 9.50595e-07 an_old: 9.50507e-07 gco2: 0.0134065 gco2_old> 0.0134032 ci: 0.000218842 ci_old:0.000218816 -390.15 -408.436
7 9.2866e-05 0.000247099 0.000118083 0.0475127 0.071904 0 an: 9.50595e-07 an_old: 9.50507e-07 gco2: 0.0134065 gco2_old> 0.0134032 ci: 0.000218842 ci_old:0.000218816 -390.15 -408.436
8 abs: 8.83587e-11 8.83587e-11 3.31511e-06 2.58642e-08 18.2909 0.000711972 0 0.00996008 4.40801e-10 an: 9.50589e-07 an_old: 9.505e-07 gco2: 0.0134062 gco2_old> 0.0134029 ci: 0.00021884 ci_old:0.000218815 -391.989 -410.28
8 9.29602e-05 0.000247342 0.000118202 0.0475127 0.071904 0 an: 9.50589e-07 an_old: 9.505e-07 gco2: 0.0134062 gco2_old> 0.0134029 ci: 0.00021884 ci_old:0.000218815 -391.989 -410.28
9 abs: 8.84374e-11 8.84374e-11 3.31794e-06 2.5887e-08 18.2944 0.000711972 0 0.00996008 5.29239e-10 an: 9.50582e-07 an_old: 9.50494e-07 gco2: 0.013406 gco2_old> 0.0134027 ci: 0.000218839 ci_old:0.000218813 -393.778 -412.073
9 9.30436e-05 0.000247558 0.000118307 0.0475127 0.071904 0 an: 9.50582e-07 an_old: 9.50494e-07 gco2: 0.013406 gco2_old> 0.0134027 ci: 0.000218839 ci_old:0.000218813 -393.778 -412.073
10 abs: 8.85062e-11 8.85062e-11 3.32039e-06 2.59068e-08 18.2961 0.000711972 0 0.00996008 6.17745e-10 an: 9.50576e-07 an_old: 9.50488e-07 gco2: 0.0134058 gco2_old> 0.0134025 ci: 0.000218837 ci_old:0.000218811 -395.525 -413.821
10 9.31166e-05 0.000247745 0.000118398 0.0475127 0.071904 0 an: 9.50576e-07 an_old: 9.50488e-07 gco2: 0.0134058 gco2_old> 0.0134025 ci: 0.000218837 ci_old:0.000218811 -395.525 -413.821
11 abs: 8.85062e-11 8.85062e-11 3.32039e-06 2.59068e-08 18.2961 0.000711972 0 0.00996008 6.17745e-10 an: 0 an_old: 0 gco2: 0 gco2_old> 0 ci: 0 ci_old:0 0 0
11 9.31166e-05 0.000247745 0.000118398 0.0475127 0.071904 0 an: 0 an_old: 0 gco2: 0 gco2_old> 0 ci: 0 ci_old:0 0 0
12 abs: 8.85062e-11 8.85062e-11 3.32039e-06 2.59068e-08 18.2961 0.000711972 0 0.00996008 6.17745e-10 an: 0 an_old: 0 gco2: 0 gco2_old> 0 ci: 0 ci_old:0 0 0
12 9.31166e-05 0.000247745 0.000118398 0.0475127 0.071904 0 an: 0 an_old: 0 gco2: 0 gco2_old> 0 ci: 0 ci_old:0 0 0
13 abs: 8.85062e-11 8.85062e-11 3.32039e-06 2.59068e-08 18.2961 0.000711972 0 0.00996008 6.17745e-10 an: 0 an_old: 0 gco2: 0 gco2_old> 0 ci: 0 ci_old:0 0 0
13 9.31166e-05 0.000247745 0.000118398 0.0475127 0.071904 0 an: 0 an_old: 0 gco2: 0 gco2_old> 0 ci: 0 ci_old:0 0 0
14 abs: 8.85062e-11 8.85062e-11 3.32039e-06 2.59068e-08 18.2961 0.000711972 0 0.00996008 6.17745e-10 an: 0 an_old: 0 gco2: 0 gco2_old> 0 ci: 0 ci_old:0 0 0
14 9.31166e-05 0.000247745 0.000118398 0.0475127 0.071904 0 an: 0 an_old: 0 gco2: 0 gco2_old> 0 ci: 0 ci_old:0 0 0
