psi err 

0 , maxErr[5] 2 0.151216 -443.299 -510.332 0 130 0.207345 -9.88259e-05 -0.000119317 0.207345 0.207345
1 , maxErr[5] 2 0.151448 -441.431 -508.285 1 130 0.207297 -4.88638e-05 -5.89932e-05 0.207345 0.414642
2 , maxErr[5] 2 0.151561 -439.187 -505.751 2 130 0.207182 -4.868e-05 -5.87656e-05 0.207345 0.621824
3 , maxErr[5] 2 0.151655 -437.03 -503.308 3 130 0.207453 -0.00322953 -0.0038995 0.207453 0.829277
4 , maxErr[5] 2 0.151655 -436.318 -502.454 4 130 0.207273 -4.88696e-05 -5.89989e-05 0.207453 1.03655
5 , maxErr[5] 2 0.151655 -439.266 -505.83 5 130 0.206872 -4.8753e-05 -5.88386e-05 0.207453 1.24342
6 , maxErr[5] 2 0.151655 -437.882 -504.16 6 130 0.207149 -0.00323427 -0.00390424 0.207453 1.45057
7 , maxErr[5] 2 0.151655 -436.442 -502.578 7 130 0.207346 -9.85744e-05 -0.000119013 0.207453 1.65792
8 , maxErr[5] 2 0.151694 -439.66 -506.354 8 130 0.207262 -4.87553e-05 -5.88604e-05 0.207453 1.86518
9 , maxErr[5] 2 0.151764 -437.552 -503.957 9 130 0.20715 -4.85711e-05 -5.86326e-05 0.207453 2.07233
10 , maxErr[5] 2 0.151912 -435.249 -501.369 10 130 0.20712 -0.00322698 -0.00389535 0.207453 2.27945
11 , maxErr[5] 2 0.152159 -433.612 -499.59 11 130 0.207348 -4.87351e-05 -5.88402e-05 0.207453 2.4868
12 , maxErr[5] 2 0.152159 -437.286 -503.69 12 130 0.207269 -4.85432e-05 -5.86047e-05 0.207453 2.69407
13 , maxErr[5] 2 0.152159 -435.139 -501.258 13 130 0.207183 -0.003226 -0.00389438 0.207453 2.90125
14 , maxErr[5] 2 0.152159 -433.617 -499.595 14 130 0.207327 -9.83619e-05 -0.000118755 0.207453 3.10858
15 , maxErr[5] 2 0.152159 -438.051 -504.605 15 130 0.207288 -4.86468e-05 -5.87307e-05 0.207453 3.31586
16 , maxErr[5] 2 0.152159 -435.747 -502.012 16 130 0.207237 -4.84489e-05 -5.84893e-05 0.207453 3.5231
17 , maxErr[5] 2 0.152211 -433.482 -499.463 17 130 0.207229 -0.00321852 -0.00388549 0.207453 3.73033
18 , maxErr[5] 2 0.152419 -431.964 -497.804 18 130 0.207286 -4.86474e-05 -5.87313e-05 0.207453 3.93761
19 , maxErr[5] 2 0.152419 -435.755 -502.02 19 130 0.207229 -4.84507e-05 -5.84911e-05 0.207453 4.14484
20 , maxErr[5] 2 0.152419 -433.451 -499.432 20 130 0.207185 -0.0032192 -0.00388617 0.207453 4.35203
21 , maxErr[5] 2 0.152437 -431.912 -497.752 21 130 0.207306 -9.81802e-05 -0.000118534 0.207453 4.55933
22 , maxErr[5] 2 0.152437 -436.476 -502.91 22 130 0.207269 -4.85648e-05 -5.86308e-05 0.207453 4.7666
23 , maxErr[5] 2 0.152437 -434.254 -500.403 23 130 0.207232 -0.00322667 -0.00389533 0.207453 4.97384
24 , maxErr[5] 2 0.152547 -432.703 -498.71 24 130 0.207269 -4.85647e-05 -5.86307e-05 0.207453 5.18111
25 , maxErr[5] 2 0.152547 -434.254 -500.403 25 130 0.207418 -0.00322379 -0.00389246 0.207453 5.38852
26 , maxErr[5] 2 0.152573 -432.628 -498.635 26 130 0.207309 -9.80161e-05 -0.000118336 0.207453 5.59583
27 , maxErr[5] 2 0.152573 -434.996 -501.33 27 130 0.207266 -4.84923e-05 -5.85431e-05 0.207453 5.8031
28 , maxErr[5] 2 0.152637 -432.719 -498.768 28 130 0.207223 -0.00322194 -0.0038896 0.207453 6.01032
29 , maxErr[5] 2 0.152859 -431.166 -497.074 29 130 0.207247 -4.84968e-05 -5.85476e-05 0.207453 6.21757
30 , maxErr[5] 2 0.152859 -432.792 -498.841 30 130 0.207342 -0.0032201 -0.00388776 0.207453 6.42491
31 , maxErr[5] 2 0.152859 -431.318 -497.226 31 130 0.207297 -9.78887e-05 -0.000118181 0.207453 6.63221
32 , maxErr[5] 2 0.152859 -433.613 -499.866 32 130 0.207286 -4.84289e-05 -5.84675e-05 0.207453 6.83949
33 , maxErr[5] 2 0.152961 -431.279 -497.248 33 130 0.207435 -0.00321475 -0.0038816 0.207453 7.04693
34 , maxErr[5] 2 0.153224 -429.619 -495.447 34 130 0.207246 -4.84382e-05 -5.84768e-05 0.207453 7.25417
35 , maxErr[5] 2 0.153224 -431.402 -497.371 35 130 0.207212 -0.00321821 -0.00388506 0.207453 7.46139
36 , maxErr[5] 2 0.153224 -429.87 -495.698 36 130 0.207293 -9.7786e-05 -0.000118056 0.207453 7.66868
37 , maxErr[5] 2 0.153224 -432.324 -498.517 37 130 0.207208 -0.00322919 -0.0038983 0.207453 7.87589
38 , maxErr[5] 2 0.153273 -430.938 -496.989 38 130 0.207262 -0.00322835 -0.00389746 0.207453 8.08315
39 , maxErr[5] 2 0.153293 -430.883 -496.934 39 130 0.207269 -9.77223e-05 -0.000117977 0.207453 8.29042
40 , maxErr[5] 2 0.153414 -431.195 -497.347 40 130 0.20748 -0.00322295 -0.00389165 0.20748 8.4979
41 , maxErr[5] 2 0.15364 -429.64 -495.65 41 130 0.207239 -0.0032267 -0.0038954 0.20748 8.70514
42 , maxErr[5] 2 0.15364 -429.803 -495.813 42 130 0.207224 -9.76968e-05 -0.000117942 0.20748 8.91236
43 , maxErr[5] 2 0.153733 -430.161 -496.29 43 130 0.207195 -9.76788e-05 -0.000117917 0.20748 9.11956
44 , maxErr[5] 2 0.154071 -429.077 -495.185 44 130 0.207171 -9.76583e-05 -0.00011789 0.20748 9.32673
45 , maxErr[5] 2 0.154397 -428.033 -494.12 45 130 0.20714 -9.76422e-05 -0.000117868 0.20748 9.53387
46 , maxErr[5] 2 0.154735 -426.963 -493.029 46 130 0.207117 -9.76223e-05 -0.000117842 0.20748 9.74098
47 , maxErr[5] 2 0.155073 -425.901 -491.947 47 130 0.207096 -9.76019e-05 -0.000117815 0.20748 9.94808
48 , maxErr[5] 2 0.155416 -424.829 -490.854 48 130 0.207088 -9.75759e-05 -0.000117783 0.20748 10.1552
49 , maxErr[5] 2 0.155771 -423.733 -489.738 49 130 0.207083 -9.7549e-05 -0.00011775 0.20748 10.3622
50 , maxErr[5] 2 0.156121 -422.655 -488.641 50 130 0.207026 -9.75468e-05 -0.000117742 0.20748 10.5693
51 , maxErr[5] 2 0.156422 -421.719 -487.685 51 130 0.20689 -0.00650578 -0.00785177 0.20748 10.7762
52 , maxErr[5] 2 0.156672 -420.985 -486.941 52 130 0.207319 -9.88672e-05 -0.000119364 0.20748 10.9835
53 , maxErr[5] 2 0.156672 -441.706 -508.599 53 130 0.207198 -4.89162e-05 -5.90515e-05 0.20748 11.1907
54 , maxErr[5] 2 0.156672 -439.608 -506.211 54 130 0.207075 -4.87339e-05 -5.88255e-05 0.20748 11.3978
55 , maxErr[5] 2 0.156672 -437.322 -503.639 55 130 0.207155 -0.00323608 -0.00390645 0.20748 11.6049
56 , maxErr[5] 2 0.156672 -435.645 -501.821 56 130 0.207257 -4.89022e-05 -5.90375e-05 0.20748 11.8122
57 , maxErr[5] 2 0.156672 -439.413 -506.016 57 130 0.207189 -4.8707e-05 -5.87986e-05 0.20748 12.0194
58 , maxErr[5] 2 0.156672 -437.148 -503.465 58 130 0.207296 -0.00323388 -0.00390425 0.20748 12.2267
59 , maxErr[5] 2 0.156672 -435.519 -501.694 59 130 0.207272 -9.86967e-05 -0.000119154 0.20748 12.4339
60 , maxErr[5] 2 0.156672 -440.184 -506.957 60 130 0.206952 -4.88872e-05 -5.90044e-05 0.20748 12.6409
61 , maxErr[5] 2 0.156672 -438.756 -505.242 61 130 0.207028 -0.00324632 -0.0039184 0.20748 12.8479
62 , maxErr[5] 2 0.156672 -437.922 -504.266 62 130 0.207089 -4.88547e-05 -5.8972e-05 0.20748 13.055
63 , maxErr[5] 2 0.156672 -438.325 -504.811 63 130 0.206857 -0.00324901 -0.00392109 0.20748 13.2619
64 , maxErr[5] 2 0.156672 -436.891 -503.235 64 130 0.207237 -9.85499e-05 -0.000118973 0.20748 13.4691
65 , maxErr[5] 2 0.156672 -438.753 -505.426 65 130 0.207203 -4.87544e-05 -5.88564e-05 0.20748 13.6763
66 , maxErr[5] 2 0.156672 -436.424 -502.81 66 130 0.207414 -0.0032354 -0.00390646 0.20748 13.8837
67 , maxErr[5] 2 0.156672 -434.778 -501.022 67 130 0.20715 -4.87668e-05 -5.88688e-05 0.20748 14.0909
68 , maxErr[5] 2 0.156672 -436.597 -502.983 68 130 0.207052 -0.00324104 -0.00391211 0.20748 14.2979
69 , maxErr[5] 2 0.156672 -435.021 -501.264 69 130 0.207203 -9.84323e-05 -0.000118828 0.20748 14.5051
70 , maxErr[5] 2 0.156672 -437.406 -503.997 70 130 0.207181 -4.87003e-05 -5.87901e-05 0.20748 14.7123
71 , maxErr[5] 2 0.156672 -435.062 -501.367 71 130 0.207272 -0.00323368 -0.00390393 0.20748 14.9196
72 , maxErr[5] 2 0.156672 -433.406 -499.57 72 130 0.207188 -4.86988e-05 -5.87885e-05 0.20748 15.1268
73 , maxErr[5] 2 0.156672 -435.041 -501.347 73 130 0.207401 -0.00323168 -0.00390193 0.20748 15.3342
74 , maxErr[5] 2 0.156672 -433.377 -499.541 74 130 0.207183 -9.83371e-05 -0.000118711 0.20748 15.5413
75 , maxErr[5] 2 0.156672 -436.132 -502.663 75 130 0.207195 -0.00324585 -0.00391837 0.20748 15.7485
76 , maxErr[5] 2 0.156672 -434.575 -500.963 76 130 0.207224 -0.00324539 -0.00391792 0.20748 15.9558
77 , maxErr[5] 2 0.156672 -434.583 -500.97 77 130 0.207154 -9.82749e-05 -0.000118633 0.20748 16.1629
78 , maxErr[5] 2 0.156672 -434.999 -501.487 78 130 0.207159 -0.0032444 -0.0039165 0.20748 16.3701
79 , maxErr[5] 2 0.156672 -433.812 -500.158 79 130 0.207053 -0.00324606 -0.00391817 0.20748 16.5771
80 , maxErr[5] 2 0.156672 -433.656 -500.003 80 130 0.207129 -9.82403e-05 -0.000118589 0.20748 16.7842
81 , maxErr[5] 2 0.156672 -433.905 -500.372 81 130 0.207119 -9.82128e-05 -0.000118554 0.20748 16.9914
82 , maxErr[5] 2 0.156672 -432.85 -499.296 82 130 0.207078 -9.82003e-05 -0.000118535 0.20748 17.1984
83 , maxErr[5] 2 0.156672 -431.813 -498.237 83 130 0.207027 -9.81934e-05 -0.000118522 0.20748 17.4055
84 , maxErr[5] 2 0.156672 -430.798 -497.201 84 130 0.206968 -9.81903e-05 -0.000118513 0.20748 17.6124
85 , maxErr[5] 2 0.156672 -429.783 -496.165 85 130 0.20692 -9.8183e-05 -0.000118499 0.20748 17.8194
86 , maxErr[5] 2 0.156672 -428.746 -495.107 86 130 0.206898 -9.81633e-05 -0.000118473 0.20748 18.0263
87 , maxErr[5] 2 0.156672 -427.653 -493.995 87 130 0.206892 -9.81368e-05 -0.00011844 0.20748 18.2332
88 , maxErr[5] 2 0.156672 -426.574 -492.896 88 130 0.206882 -9.81122e-05 -0.00011841 0.20748 18.44
89 , maxErr[5] 2 0.156672 -425.5 -491.802 89 130 0.206879 -0.0065393 -0.00789215 0.20748 18.6469
90 , maxErr[5] 2 0.156672 -424.5 -490.793 90 130 0.207327 -9.89509e-05 -0.000119466 0.20748 18.8542
91 , maxErr[5] 2 0.156672 -442.247 -509.259 91 130 0.207271 -9.89454e-05 -0.000119454 0.20748 19.0615
92 , maxErr[5] 2 0.156672 -441.268 -508.258 92 130 0.207193 -9.89505e-05 -0.000119452 0.20748 19.2687
93 , maxErr[5] 2 0.156672 -440.288 -507.257 93 130 0.207141 -9.89439e-05 -0.000119439 0.20748 19.4758
94 , maxErr[5] 2 0.156672 -439.213 -506.16 94 130 0.207133 -9.89167e-05 -0.000119406 0.20748 19.683
95 , maxErr[5] 2 0.156672 -438.133 -505.059 95 130 0.207117 -9.88937e-05 -0.000119376 0.20748 19.8901
96 , maxErr[5] 2 0.156672 -437.066 -503.972 96 130 0.2071 -9.88718e-05 -0.000119348 0.20748 20.0972
97 , maxErr[5] 2 0.156672 -435.984 -502.869 97 130 0.207089 -9.88469e-05 -0.000119317 0.20748 20.3043
98 , maxErr[5] 2 0.156672 -434.902 -501.767 98 130 0.207077 -9.88236e-05 -0.000119288 0.20748 20.5114
99 , maxErr[5] 2 0.156672 -433.817 -500.663 99 130 0.2071 -0.0065859 -0.00794984 0.20748 20.7185
100 , maxErr[5] 2 0.156672 -432.827 -499.663 100 130 0.207297 -9.89664e-05 -0.000119482 0.20748 20.9258
101 , maxErr[5] 2 0.156672 -442.359 -509.372 101 130 0.207202 -9.8982e-05 -0.000119491 0.20748 21.133
102 , maxErr[5] 2 0.156672 -441.394 -508.388 102 130 0.207137 -9.89836e-05 -0.000119487 0.20748 21.3401
103 , maxErr[5] 2 0.156672 -440.377 -507.351 103 130 0.207138 -0.00659727 -0.00796382 0.20748 21.5472
104 , maxErr[5] 2 0.156672 -439.343 -506.307 104 130 nan 0 0 0.20748 21.5472
105 , maxErr[5] 3 0.156672 -444.32 -511.36 105 130 nan 0 0 0.20748 21.5472
106 , maxErr[5] 4 0.156672 -446.526 -513.611 106 130 nan 0 0 0.20748 21.5472
107 , maxErr[5] 4 0.156672 -448.733 -515.862 107 130 nan 0 0 0.20748 21.5472
108 , maxErr[5] 4 0.156672 -450.939 -518.113 108 130 nan 0 0 0.20748 21.5472
109 , maxErr[5] 4 0.156672 -453.145 -520.364 109 130 0.25599 0.0174736 0.0219467 0.25599 21.8032
110 , maxErr[5] 4 0.156672 -455.236 -522.496 110 130 0.238684 0.0174789 0.0216509 0.25599 22.0419
111 , maxErr[5] 4 0.156672 -457.281 -524.574 111 130 0.221962 0.0174832 0.0213638 0.25599 22.2639
112 , maxErr[5] 4 0.156672 -459.261 -526.581 112 130 0.205904 0.0174865 0.021087 0.25599 22.4698
113 , maxErr[5] 4 0.156672 -461.173 -528.512 113 130 0.190525 0.0174889 0.020821 0.25599 22.6603
114 , maxErr[5] 4 0.156672 -463.014 -530.367 114 130 0.17575 0.0174905 0.0205644 0.25599 22.836
115 , maxErr[5] 4 0.156672 -464.803 -532.163 115 130 0.161515 0.0174913 0.0203163 0.25599 22.9976
116 , maxErr[5] 4 0.156672 -466.534 -533.897 116 130 nan 0 0 0.25599 22.9976
117 , maxErr[5] 3 0.156672 -445.315 -512.354 117 130 nan 0 0 0.25599 22.9976
118 , maxErr[5] 3 0.156672 -445.832 -512.872 118 130 nan 0 0 0.25599 22.9976
119 , maxErr[5] 3 0.156672 -446.827 -513.866 119 130 nan 0 0 0.25599 22.9976
120 , maxErr[5] 3 0.156672 -446.926 -513.965 120 130 nan 0 0 0.25599 22.9976
121 , maxErr[5] 3 0.156672 -447.025 -514.065 121 130 nan 0 0 0.25599 22.9976
122 , maxErr[5] 3 0.156672 -444.293 -511.327 122 130 nan 0 0 0.25599 22.9976
123 , maxErr[5] 4 0.156672 -446.283 -513.317 123 130 nan 0 0 0.25599 22.9976
124 , maxErr[5] 4 0.156672 -448.273 -515.307 124 130 nan 0 0 0.25599 22.9976
125 , maxErr[5] 4 0.156672 -450.263 -517.297 125 130 nan 0 0 0.25599 22.9976
126 , maxErr[5] 4 0.156672 -451.663 -518.697 126 130 nan 0 0 0.25599 22.9976
127 , maxErr[5] 3 0.156672 -444.931 -511.965 127 130 nan 0 0 0.25599 22.9976
128 , maxErr[5] 3 0.156672 -445.925 -512.959 128 130 nan 0 0 0.25599 22.9976
129 , maxErr[5] 3 0.156672 -446.024 -513.058 129 130 nan 0 0 0.25599 22.9976
130 , maxErr[5] 3 0.156672 -446.124 -513.158 130 130



0 abs: 0 0 0 0 0 0.00447307 0 0.0507145 0 an: 0 an_old: 0 gco2: 0 gco2_old> 0 ci: 0 ci_old:0 0 0
0 0 0 0 0 0.25599 0 an: 0 an_old: 0 gco2: 0 gco2_old> 0 ci: 0 ci_old:0 0 0
1 abs: 0 0 0 0 0 0.00447307 0 0.0507145 0 an: 0 an_old: 0 gco2: 0 gco2_old> 0 ci: 0 ci_old:0 0 0
1 0 0 0 0 0.25599 0 an: 0 an_old: 0 gco2: 0 gco2_old> 0 ci: 0 ci_old:0 0 0
2 abs: 0 0 0 0 0 0.00447307 0 0.0507145 0 an: 0 an_old: 0 gco2: 0 gco2_old> 0 ci: 0 ci_old:0 0 0
2 0 0 0 0 0.25599 0 an: 0 an_old: 0 gco2: 0 gco2_old> 0 ci: 0 ci_old:0 0 0
3 abs: 0 0 0 0 0 0.00447307 0 0.0507145 0 an: 0 an_old: 0 gco2: 0 gco2_old> 0 ci: 0 ci_old:0 0 0
3 0 0 0 0 0.25599 0 an: 0 an_old: 0 gco2: 0 gco2_old> 0 ci: 0 ci_old:0 0 0
4 abs: 2.29391e-09 2.29391e-09 8.61775e-05 6.71762e-07 99.0552 0.00447307 0 0.0507145 2.29391e-09 an: 9.49611e-07 an_old: 9.51905e-07 gco2: 0.0133696 gco2_old> 0.0134558 ci: 0.000218554 ci_old:0.000219226 -578.475 -677.531
4 0.00241563 0.00644575 0.00307366 0.171235 0.25599 0 an: 9.49611e-07 an_old: 9.51905e-07 gco2: 0.0133696 gco2_old> 0.0134558 ci: 0.000218554 ci_old:0.000219226 -578.475 -677.531
5 abs: 2.29391e-09 2.29391e-09 8.61775e-05 6.71763e-07 99.0552 0.00447307 0 0.0507145 4.58781e-09 an: 9.49611e-07 an_old: 9.51905e-07 gco2: 0.0133696 gco2_old> 0.0134558 ci: 0.000218554 ci_old:0.000219226 -580.581 -677.531
5 0.00241563 0.00644576 0.00307366 0.171235 0.25599 0 an: 9.49611e-07 an_old: 9.51905e-07 gco2: 0.0133696 gco2_old> 0.0134558 ci: 0.000218554 ci_old:0.000219226 -580.581 -677.531
6 abs: 2.29391e-09 2.29391e-09 8.61776e-05 6.71764e-07 99.0552 0.00447307 0 0.0507145 6.88173e-09 an: 9.49611e-07 an_old: 9.51905e-07 gco2: 0.0133696 gco2_old> 0.0134558 ci: 0.000218554 ci_old:0.000219226 -582.624 -677.532
6 0.00241563 0.00644577 0.00307367 0.171235 0.25599 0 an: 9.49611e-07 an_old: 9.51905e-07 gco2: 0.0133696 gco2_old> 0.0134558 ci: 0.000218554 ci_old:0.000219226 -582.624 -677.532
7 abs: 2.29391e-09 2.29391e-09 8.61777e-05 6.71764e-07 99.0552 0.00447307 0 0.0507145 9.17564e-09 an: 9.49611e-07 an_old: 9.51905e-07 gco2: 0.0133696 gco2_old> 0.0134558 ci: 0.000218554 ci_old:0.000219226 -584.594 -677.532
7 0.00241564 0.00644577 0.00307367 0.171235 0.25599 0 an: 9.49611e-07 an_old: 9.51905e-07 gco2: 0.0133696 gco2_old> 0.0134558 ci: 0.000218554 ci_old:0.000219226 -584.594 -677.532
8 abs: 2.29392e-09 2.29392e-09 8.61778e-05 6.71765e-07 99.0552 0.00447307 0 0.0507145 1.14696e-08 an: 9.49611e-07 an_old: 9.51905e-07 gco2: 0.0133696 gco2_old> 0.0134558 ci: 0.000218554 ci_old:0.000219226 -586.487 -677.533
8 0.00241564 0.00644578 0.00307367 0.171235 0.25599 0 an: 9.49611e-07 an_old: 9.51905e-07 gco2: 0.0133696 gco2_old> 0.0134558 ci: 0.000218554 ci_old:0.000219226 -586.487 -677.533
9 abs: 2.29392e-09 2.29392e-09 8.61779e-05 6.71766e-07 99.0552 0.00447307 0 0.0507145 1.37635e-08 an: 9.49611e-07 an_old: 9.51905e-07 gco2: 0.0133696 gco2_old> 0.0134558 ci: 0.000218554 ci_old:0.000219226 -588.313 -677.534
9 0.00241564 0.00644579 0.00307368 0.171235 0.25599 0 an: 9.49611e-07 an_old: 9.51905e-07 gco2: 0.0133696 gco2_old> 0.0134558 ci: 0.000218554 ci_old:0.000219226 -588.313 -677.534
10 abs: 2.29392e-09 2.29392e-09 8.6178e-05 6.71766e-07 99.0552 0.00447307 0 0.0507145 1.60574e-08 an: 9.49611e-07 an_old: 9.51905e-07 gco2: 0.0133696 gco2_old> 0.0134558 ci: 0.000218554 ci_old:0.000219226 -590.079 -677.534
10 0.00241564 0.00644579 0.00307368 0.171235 0.25599 0 an: 9.49611e-07 an_old: 9.51905e-07 gco2: 0.0133696 gco2_old> 0.0134558 ci: 0.000218554 ci_old:0.000219226 -590.079 -677.534
11 abs: 2.29392e-09 2.29392e-09 8.6178e-05 6.71766e-07 99.0552 0.00447307 0 0.0507145 1.60574e-08 an: 0 an_old: 0 gco2: 0 gco2_old> 0 ci: 0 ci_old:0 0 0
11 0.00241564 0.00644579 0.00307368 0.171235 0.25599 0 an: 0 an_old: 0 gco2: 0 gco2_old> 0 ci: 0 ci_old:0 0 0
12 abs: 2.29392e-09 2.29392e-09 8.6178e-05 6.71766e-07 99.0552 0.00447307 0 0.0507145 1.60574e-08 an: 0 an_old: 0 gco2: 0 gco2_old> 0 ci: 0 ci_old:0 0 0
12 0.00241564 0.00644579 0.00307368 0.171235 0.25599 0 an: 0 an_old: 0 gco2: 0 gco2_old> 0 ci: 0 ci_old:0 0 0
13 abs: 2.29392e-09 2.29392e-09 8.6178e-05 6.71766e-07 99.0552 0.00447307 0 0.0507145 1.60574e-08 an: 0 an_old: 0 gco2: 0 gco2_old> 0 ci: 0 ci_old:0 0 0
13 0.00241564 0.00644579 0.00307368 0.171235 0.25599 0 an: 0 an_old: 0 gco2: 0 gco2_old> 0 ci: 0 ci_old:0 0 0
14 abs: 2.29392e-09 2.29392e-09 8.6178e-05 6.71766e-07 99.0552 0.00447307 0 0.0507145 1.60574e-08 an: 0 an_old: 0 gco2: 0 gco2_old> 0 ci: 0 ci_old:0 0 0
14 0.00241564 0.00644579 0.00307368 0.171235 0.25599 0 an: 0 an_old: 0 gco2: 0 gco2_old> 0 ci: 0 ci_old:0 0 0
