psi err 

0 , maxErr[5] 2 0.0971094 -359.942 -394.896 0 130 0.145677 -7.33455e-05 -8.40302e-05 0.145677 0.145677
1 , maxErr[5] 2 0.0972927 -358.299 -393.159 1 130 0.145632 -3.62681e-05 -4.15499e-05 0.145677 0.291309
2 , maxErr[5] 2 0.0973826 -356.415 -391.124 2 130 0.145523 -3.61386e-05 -4.13976e-05 0.145677 0.436832
3 , maxErr[5] 2 0.0974571 -354.614 -389.174 3 130 0.145779 -0.00239642 -0.00274577 0.145779 0.582611
4 , maxErr[5] 2 0.0974571 -354.078 -388.564 4 130 0.145609 -3.62738e-05 -4.15556e-05 0.145779 0.72822
5 , maxErr[5] 2 0.0974571 -356.495 -391.204 5 130 0.14523 -3.62116e-05 -4.14706e-05 0.145779 0.87345
6 , maxErr[5] 2 0.0974571 -355.466 -390.026 6 130 0.145492 -0.00240116 -0.00275051 0.145779 1.01894
7 , maxErr[5] 2 0.0974571 -354.202 -388.688 7 130 0.145678 -7.31587e-05 -8.38163e-05 0.145779 1.16462
8 , maxErr[5] 2 0.0974879 -356.727 -391.503 8 130 0.145598 -3.61897e-05 -4.14588e-05 0.145779 1.31022
9 , maxErr[5] 2 0.0975427 -354.979 -389.605 9 130 0.145492 -3.60597e-05 -4.13062e-05 0.145779 1.45571
10 , maxErr[5] 2 0.0976601 -353.03 -387.507 10 130 0.145464 -0.00239586 -0.00274438 0.145779 1.60117
11 , maxErr[5] 2 0.0978562 -351.569 -385.972 11 130 0.14568 -3.61695e-05 -4.14386e-05 0.145779 1.74685
12 , maxErr[5] 2 0.0978562 -354.713 -389.338 12 130 0.145605 -3.60318e-05 -4.12783e-05 0.145779 1.89246
13 , maxErr[5] 2 0.0978562 -352.92 -387.397 13 130 0.145524 -0.00239489 -0.0027434 0.145779 2.03798
14 , maxErr[5] 2 0.0978562 -351.574 -385.977 14 130 0.14566 -7.30032e-05 -8.36369e-05 0.145779 2.18364
15 , maxErr[5] 2 0.0978562 -355.292 -389.995 15 130 0.145623 -3.61076e-05 -4.13657e-05 0.145779 2.32927
16 , maxErr[5] 2 0.0978562 -353.346 -387.899 16 130 0.145574 -3.59638e-05 -4.11992e-05 0.145779 2.47484
17 , maxErr[5] 2 0.0978974 -351.436 -385.84 17 130 0.145567 -0.00238914 -0.00273693 0.145779 2.62041
18 , maxErr[5] 2 0.0980626 -350.093 -384.424 18 130 0.145621 -3.61082e-05 -4.13663e-05 0.145779 2.76603
19 , maxErr[5] 2 0.0980626 -353.354 -387.907 19 130 0.145567 -3.59655e-05 -4.12009e-05 0.145779 2.9116
20 , maxErr[5] 2 0.0980626 -351.405 -385.809 20 130 0.145526 -0.00238983 -0.00273761 0.145779 3.05712
21 , maxErr[5] 2 0.0980771 -350.041 -384.372 21 130 0.14564 -7.2871e-05 -8.3484e-05 0.145779 3.20276
22 , maxErr[5] 2 0.0980771 -353.866 -388.507 22 130 0.145605 -3.60479e-05 -4.12966e-05 0.145779 3.34837
23 , maxErr[5] 2 0.0980771 -351.998 -386.491 23 130 0.145571 -0.00239518 -0.00274385 0.145779 3.49394
24 , maxErr[5] 2 0.0981639 -350.623 -385.042 24 130 0.145605 -3.60477e-05 -4.12965e-05 0.145779 3.63954
25 , maxErr[5] 2 0.0981639 -351.998 -386.491 25 130 0.145746 -0.0023923 -0.00274097 0.145779 3.78529
26 , maxErr[5] 2 0.0981847 -350.549 -384.967 26 130 0.145643 -7.27488e-05 -8.33441e-05 0.145779 3.93093
27 , maxErr[5] 2 0.0981847 -352.51 -387.099 27 130 0.145602 -3.59942e-05 -4.1235e-05 0.145779 4.07653
28 , maxErr[5] 2 0.098236 -350.588 -385.028 28 130 0.145562 -0.00239171 -0.00273985 0.145779 4.2221
29 , maxErr[5] 2 0.0984123 -349.211 -383.577 29 130 0.145584 -3.59987e-05 -4.12395e-05 0.145779 4.36768
30 , maxErr[5] 2 0.0984123 -350.66 -385.101 30 130 0.145674 -0.00238987 -0.00273801 0.145779 4.51335
31 , maxErr[5] 2 0.0984123 -349.362 -383.729 31 130 0.145631 -7.26558e-05 -8.32367e-05 0.145779 4.65899
32 , maxErr[5] 2 0.0984123 -351.227 -385.774 32 130 0.145621 -3.5946e-05 -4.11804e-05 0.145779 4.80461
33 , maxErr[5] 2 0.0984934 -349.247 -383.646 33 130 0.145763 -0.00238552 -0.00273324 0.145779 4.95037
34 , maxErr[5] 2 0.0987022 -347.763 -382.088 34 130 0.145583 -3.59552e-05 -4.11897e-05 0.145779 5.09595
35 , maxErr[5] 2 0.0987022 -349.37 -383.768 35 130 0.145551 -0.00238899 -0.00273671 0.145779 5.2415
36 , maxErr[5] 2 0.0987022 -348.014 -382.339 36 130 0.145628 -7.258e-05 -8.31497e-05 0.145779 5.38713
37 , maxErr[5] 2 0.0987022 -350.014 -384.529 37 130 0.145548 -0.00239715 -0.00274605 0.145779 5.53268
38 , maxErr[5] 2 0.0987414 -348.804 -383.245 38 130 0.145598 -0.00239631 -0.00274521 0.145779 5.67828
39 , maxErr[5] 2 0.0987571 -348.749 -383.19 39 130 0.145605 -7.25356e-05 -8.30972e-05 0.145779 5.82388
40 , maxErr[5] 2 0.0988538 -348.936 -383.43 40 130 0.145805 -0.00239143 -0.00274011 0.145805 5.96969
41 , maxErr[5] 2 0.0990338 -347.557 -381.977 41 130 0.145576 -0.00239518 -0.00274386 0.145805 6.11526
42 , maxErr[5] 2 0.0990338 -347.72 -382.14 42 130 0.145563 -7.25221e-05 -8.30786e-05 0.145805 6.26083
43 , maxErr[5] 2 0.0991075 -347.929 -382.411 43 130 0.145535 -7.25123e-05 -8.30654e-05 0.145805 6.40636
44 , maxErr[5] 2 0.0993773 -346.872 -381.343 44 130 0.145513 -7.25e-05 -8.30497e-05 0.145805 6.55188
45 , maxErr[5] 2 0.0996377 -345.854 -380.314 45 130 0.145483 -7.24919e-05 -8.30382e-05 0.145805 6.69736
46 , maxErr[5] 2 0.0999078 -344.81 -379.259 46 130 0.145461 -7.24799e-05 -8.30229e-05 0.145805 6.84282
47 , maxErr[5] 2 0.100178 -343.774 -378.213 47 130 0.145441 -7.24672e-05 -8.3007e-05 0.145805 6.98826
48 , maxErr[5] 2 0.100453 -342.727 -377.155 48 130 0.145434 -7.2449e-05 -8.29855e-05 0.145805 7.13369
49 , maxErr[5] 2 0.100737 -341.656 -376.073 49 130 0.145429 -7.24296e-05 -8.29629e-05 0.145805 7.27912
50 , maxErr[5] 2 0.101018 -340.603 -375.01 50 130 0.145375 -7.24349e-05 -8.29651e-05 0.145805 7.4245
51 , maxErr[5] 2 0.10126 -339.691 -374.088 51 130 0.145247 -0.00483206 -0.00553391 0.145805 7.56975
52 , maxErr[5] 2 0.101461 -338.968 -373.36 52 130 0.145652 -7.33793e-05 -8.40672e-05 0.145805 7.7154
53 , maxErr[5] 2 0.101461 -358.525 -393.405 53 130 0.145538 -3.6313e-05 -4.15979e-05 0.145805 7.86094
54 , maxErr[5] 2 0.101461 -356.788 -391.517 54 130 0.145422 -3.61851e-05 -4.14472e-05 0.145805 8.00636
55 , maxErr[5] 2 0.101461 -354.857 -389.438 55 130 0.145497 -0.00240248 -0.00275203 0.145805 8.15185
56 , maxErr[5] 2 0.101461 -353.357 -387.863 56 130 0.145594 -3.6299e-05 -4.15839e-05 0.145805 8.29745
57 , maxErr[5] 2 0.101461 -356.593 -391.322 57 130 0.14553 -3.61582e-05 -4.14203e-05 0.145805 8.44298
58 , maxErr[5] 2 0.101461 -354.684 -389.264 58 130 0.14563 -0.00240028 -0.00274984 0.145805 8.58861
59 , maxErr[5] 2 0.101461 -353.23 -387.737 59 130 0.145608 -7.32585e-05 -8.39255e-05 0.145805 8.73422
60 , maxErr[5] 2 0.101461 -357.153 -391.971 60 130 0.145305 -3.63064e-05 -4.15819e-05 0.145805 8.87952
61 , maxErr[5] 2 0.101461 -356.081 -390.75 61 130 0.145377 -0.00241059 -0.00276104 0.145805 9.0249
62 , maxErr[5] 2 0.101461 -355.424 -390.018 62 130 0.145435 -3.62739e-05 -4.15494e-05 0.145805 9.17033
63 , maxErr[5] 2 0.101461 -355.65 -390.318 63 130 0.145215 -0.00241328 -0.00276373 0.145805 9.31555
64 , maxErr[5] 2 0.101461 -354.393 -388.987 64 130 0.145575 -7.31538e-05 -8.38032e-05 0.145805 9.46112
65 , maxErr[5] 2 0.101461 -355.847 -390.612 65 130 0.145542 -3.61926e-05 -4.14601e-05 0.145805 9.60667
66 , maxErr[5] 2 0.101461 -353.874 -388.49 66 130 0.145742 -0.00240093 -0.00275085 0.145805 9.75241
67 , maxErr[5] 2 0.101461 -352.405 -386.947 67 130 0.145492 -3.6205e-05 -4.14725e-05 0.145805 9.8979
68 , maxErr[5] 2 0.101461 -354.047 -388.663 68 130 0.1454 -0.00240658 -0.0027565 0.145805 10.0433
69 , maxErr[5] 2 0.101461 -352.647 -387.189 69 130 0.145543 -7.30707e-05 -8.37056e-05 0.145805 10.1888
70 , maxErr[5] 2 0.101461 -354.6 -389.323 70 130 0.145522 -3.61537e-05 -4.14149e-05 0.145805 10.3344
71 , maxErr[5] 2 0.101461 -352.611 -387.185 71 130 0.145608 -0.00240022 -0.00274972 0.145805 10.48
72 , maxErr[5] 2 0.101461 -351.133 -385.633 72 130 0.145528 -3.61522e-05 -4.14134e-05 0.145805 10.6255
73 , maxErr[5] 2 0.101461 -352.591 -387.165 73 130 0.14573 -0.00239822 -0.00274772 0.145805 10.7712
74 , maxErr[5] 2 0.101461 -351.103 -385.603 74 130 0.145523 -7.30026e-05 -8.36262e-05 0.145805 10.9168
75 , maxErr[5] 2 0.101461 -353.403 -388.094 75 130 0.145536 -0.00240957 -0.00276025 0.145805 11.0623
76 , maxErr[5] 2 0.101461 -352.022 -386.639 76 130 0.145563 -0.00240912 -0.00275979 0.145805 11.2079
77 , maxErr[5] 2 0.101461 -352.03 -386.647 77 130 0.145497 -7.29598e-05 -8.35752e-05 0.145805 11.3534
78 , maxErr[5] 2 0.101461 -352.32 -386.99 78 130 0.145501 -0.00240864 -0.0027591 0.145805 11.4989
79 , maxErr[5] 2 0.101461 -351.311 -385.906 79 130 0.1454 -0.0024103 -0.00276076 0.145805 11.6443
80 , maxErr[5] 2 0.101461 -351.155 -385.75 80 130 0.145472 -7.29373e-05 -8.35476e-05 0.145805 11.7897
81 , maxErr[5] 2 0.101461 -351.254 -385.912 81 130 0.145463 -7.2918e-05 -8.35249e-05 0.145805 11.9352
82 , maxErr[5] 2 0.101461 -350.226 -384.873 82 130 0.145425 -7.29137e-05 -8.35172e-05 0.145805 12.0806
83 , maxErr[5] 2 0.101461 -349.216 -383.852 83 130 0.145376 -7.29148e-05 -8.35149e-05 0.145805 12.226
84 , maxErr[5] 2 0.101461 -348.226 -382.851 84 130 0.145321 -7.29197e-05 -8.35164e-05 0.145805 12.3713
85 , maxErr[5] 2 0.101461 -347.237 -381.851 85 130 0.145275 -7.29203e-05 -8.35137e-05 0.145805 12.5166
86 , maxErr[5] 2 0.101461 -346.225 -380.829 86 130 0.145254 -7.29083e-05 -8.34985e-05 0.145805 12.6618
87 , maxErr[5] 2 0.101461 -345.158 -379.751 87 130 0.145248 -7.28893e-05 -8.34764e-05 0.145805 12.8071
88 , maxErr[5] 2 0.101461 -344.103 -378.686 88 130 0.145239 -7.28722e-05 -8.34561e-05 0.145805 12.9523
89 , maxErr[5] 2 0.101461 -343.054 -377.626 89 130 0.145236 -0.00485705 -0.00556247 0.145805 13.0976
90 , maxErr[5] 2 0.101461 -342.066 -376.633 90 130 0.14566 -7.34404e-05 -8.41377e-05 0.145805 13.2432
91 , maxErr[5] 2 0.101461 -358.918 -393.861 91 130 0.145607 -7.34432e-05 -8.41371e-05 0.145805 13.3888
92 , maxErr[5] 2 0.101461 -357.967 -392.898 92 130 0.145533 -7.34566e-05 -8.4147e-05 0.145805 13.5344
93 , maxErr[5] 2 0.101461 -357.014 -391.933 93 130 0.145484 -7.34581e-05 -8.41451e-05 0.145805 13.6798
94 , maxErr[5] 2 0.101461 -355.964 -390.873 94 130 0.145476 -7.34389e-05 -8.41226e-05 0.145805 13.8253
95 , maxErr[5] 2 0.101461 -354.91 -389.808 95 130 0.145461 -7.34238e-05 -8.41041e-05 0.145805 13.9708
96 , maxErr[5] 2 0.101461 -353.869 -388.756 96 130 0.145445 -7.34096e-05 -8.40867e-05 0.145805 14.1162
97 , maxErr[5] 2 0.101461 -352.812 -387.688 97 130 0.145435 -7.33924e-05 -8.40663e-05 0.145805 14.2617
98 , maxErr[5] 2 0.101461 -351.755 -386.621 98 130 0.145423 -7.33767e-05 -8.40474e-05 0.145805 14.4071
99 , maxErr[5] 2 0.101461 -350.695 -385.551 99 130 0.145445 -0.00488986 -0.00560106 0.145805 14.5525
100 , maxErr[5] 2 0.101461 -349.717 -384.568 100 130 0.145632 -7.34556e-05 -8.41531e-05 0.145805 14.6982
101 , maxErr[5] 2 0.101461 -359.028 -393.971 101 130 0.145542 -7.34789e-05 -8.41731e-05 0.145805 14.8437
102 , maxErr[5] 2 0.101461 -358.089 -393.021 102 130 0.14548 -7.34881e-05 -8.41791e-05 0.145805 14.9892
103 , maxErr[5] 2 0.101461 -357.096 -392.018 103 130 0.145481 -0.00489798 -0.00561055 0.145805 15.1347
104 , maxErr[5] 2 0.101461 -356.074 -390.992 104 130 nan 0 0 0.145805 15.1347
105 , maxErr[5] 3 0.101461 -360.957 -395.914 105 130 nan 0 0 0.145805 15.1347
106 , maxErr[5] 4 0.101461 -363.108 -398.088 106 130 nan 0 0 0.145805 15.1347
107 , maxErr[5] 4 0.101461 -365.258 -400.262 107 130 nan 0 0 0.145805 15.1347
108 , maxErr[5] 4 0.101461 -367.409 -402.435 108 130 nan 0 0 0.145805 15.1347
109 , maxErr[5] 4 0.101461 -369.559 -404.609 109 130 0.145403 0.0129747 0.0148612 0.145805 15.2801
110 , maxErr[5] 4 0.101461 -371.598 -406.67 110 130 0.145456 0.0129773 0.0148649 0.145805 15.4255
111 , maxErr[5] 4 0.101461 -373.599 -408.689 111 130 0.145501 0.0129794 0.014868 0.145805 15.571
112 , maxErr[5] 4 0.101461 -375.543 -410.649 112 130 0.145538 0.0129811 0.0148704 0.145805 15.7166
113 , maxErr[5] 4 0.101461 -377.428 -412.545 113 130 0.145565 0.0129823 0.0148721 0.145805 15.8621
114 , maxErr[5] 4 0.101461 -379.249 -414.374 114 130 0.145584 0.0129831 0.0148732 0.145805 16.0077
115 , maxErr[5] 4 0.101461 -381.025 -416.156 115 130 0.145594 0.0129834 0.0148737 0.145805 16.1533
116 , maxErr[5] 4 0.101461 -382.752 -417.885 116 130 nan 0 0 0.145805 16.1533
117 , maxErr[5] 3 0.101461 -361.952 -396.909 117 130 nan 0 0 0.145805 16.1533
118 , maxErr[5] 3 0.101461 -362.469 -397.426 118 130 nan 0 0 0.145805 16.1533
119 , maxErr[5] 3 0.101461 -363.464 -398.42 119 130 nan 0 0 0.145805 16.1533
120 , maxErr[5] 3 0.101461 -363.563 -398.52 120 130 nan 0 0 0.145805 16.1533
121 , maxErr[5] 3 0.101461 -363.662 -398.619 121 130 nan 0 0 0.145805 16.1533
122 , maxErr[5] 3 0.101461 -360.937 -395.891 122 130 nan 0 0 0.145805 16.1533
123 , maxErr[5] 4 0.101461 -362.927 -397.881 123 130 nan 0 0 0.145805 16.1533
124 , maxErr[5] 4 0.101461 -364.917 -399.871 124 130 nan 0 0 0.145805 16.1533
125 , maxErr[5] 4 0.101461 -366.907 -401.861 125 130 nan 0 0 0.145805 16.1533
126 , maxErr[5] 4 0.101461 -368.307 -403.261 126 130 nan 0 0 0.145805 16.1533
127 , maxErr[5] 3 0.101461 -361.575 -396.529 127 130 nan 0 0 0.145805 16.1533
128 , maxErr[5] 3 0.101461 -362.569 -397.523 128 130 nan 0 0 0.145805 16.1533
129 , maxErr[5] 3 0.101461 -362.668 -397.622 129 130 nan 0 0 0.145805 16.1533
130 , maxErr[5] 3 0.101461 -362.768 -397.721 130 130



0 abs: 0 0 0 0 0 0.00189031 0 0.0264443 0 an: 0 an_old: 0 gco2: 0 gco2_old> 0 ci: 0 ci_old:0 0 0
0 0 0 0 0 0.145805 0 an: 0 an_old: 0 gco2: 0 gco2_old> 0 ci: 0 ci_old:0 0 0
1 abs: 0 0 0 0 0 0.00189031 0 0.0264443 0 an: 0 an_old: 0 gco2: 0 gco2_old> 0 ci: 0 ci_old:0 0 0
1 0 0 0 0 0.145805 0 an: 0 an_old: 0 gco2: 0 gco2_old> 0 ci: 0 ci_old:0 0 0
2 abs: 0 0 0 0 0 0.00189031 0 0.0264443 0 an: 0 an_old: 0 gco2: 0 gco2_old> 0 ci: 0 ci_old:0 0 0
2 0 0 0 0 0.145805 0 an: 0 an_old: 0 gco2: 0 gco2_old> 0 ci: 0 ci_old:0 0 0
3 abs: 0 0 0 0 0 0.00189031 0 0.0264443 0 an: 0 an_old: 0 gco2: 0 gco2_old> 0 ci: 0 ci_old:0 0 0
3 0 0 0 0 0.145805 0 an: 0 an_old: 0 gco2: 0 gco2_old> 0 ci: 0 ci_old:0 0 0
4 abs: 2.45631e-10 2.45631e-10 9.19133e-06 7.18369e-08 48.4797 0.00189031 0 0.0264443 2.45631e-10 an: 9.50231e-07 an_old: 9.49985e-07 gco2: 0.0133928 gco2_old> 0.0133836 ci: 0.000218736 ci_old:0.000218664 -462.864 -511.343
4 0.000258562 0.000686759 0.000328526 0.104739 0.145805 0 an: 9.50231e-07 an_old: 9.49985e-07 gco2: 0.0133928 gco2_old> 0.0133836 ci: 0.000218736 ci_old:0.000218664 -462.864 -511.343
5 abs: 2.45975e-10 2.45975e-10 9.20378e-06 7.19364e-08 48.5074 0.00189031 0 0.0264443 4.91605e-10 an: 9.50223e-07 an_old: 9.49977e-07 gco2: 0.0133925 gco2_old> 0.0133833 ci: 0.000218733 ci_old:0.000218662 -464.902 -513.409
5 0.000258927 0.000687705 0.000328985 0.104739 0.145805 0 an: 9.50223e-07 an_old: 9.49977e-07 gco2: 0.0133925 gco2_old> 0.0133833 ci: 0.000218733 ci_old:0.000218662 -464.902 -513.409
6 abs: 2.46286e-10 2.46286e-10 9.21503e-06 7.20265e-08 48.5305 0.00189031 0 0.0264443 7.37892e-10 an: 9.50216e-07 an_old: 9.4997e-07 gco2: 0.0133923 gco2_old> 0.0133831 ci: 0.000218731 ci_old:0.000218659 -466.89 -515.42
6 0.000259257 0.00068856 0.0003294 0.104739 0.145805 0 an: 9.50216e-07 an_old: 9.4997e-07 gco2: 0.0133923 gco2_old> 0.0133831 ci: 0.000218731 ci_old:0.000218659 -466.89 -515.42
7 abs: 2.46566e-10 2.46566e-10 9.22509e-06 7.21072e-08 48.549 0.00189031 0 0.0264443 9.84458e-10 an: 9.50209e-07 an_old: 9.49962e-07 gco2: 0.013392 gco2_old> 0.0133828 ci: 0.000218729 ci_old:0.000218657 -468.816 -517.365
7 0.000259554 0.000689326 0.000329773 0.104739 0.145805 0 an: 9.50209e-07 an_old: 9.49962e-07 gco2: 0.013392 gco2_old> 0.0133828 ci: 0.000218729 ci_old:0.000218657 -468.816 -517.365
8 abs: 2.46815e-10 2.46815e-10 9.23403e-06 7.21791e-08 48.5629 0.00189031 0 0.0264443 1.23127e-09 an: 9.50202e-07 an_old: 9.49955e-07 gco2: 0.0133918 gco2_old> 0.0133825 ci: 0.000218727 ci_old:0.000218655 -470.678 -519.241
8 0.000259818 0.000690007 0.000330105 0.104739 0.145805 0 an: 9.50202e-07 an_old: 9.49955e-07 gco2: 0.0133918 gco2_old> 0.0133825 ci: 0.000218727 ci_old:0.000218655 -470.678 -519.241
9 abs: 2.47037e-10 2.47037e-10 9.24194e-06 7.22429e-08 48.5721 0.00189031 0 0.0264443 1.47831e-09 an: 9.50196e-07 an_old: 9.49949e-07 gco2: 0.0133915 gco2_old> 0.0133823 ci: 0.000218725 ci_old:0.000218653 -472.482 -521.054
9 0.000260053 0.000690611 0.000330399 0.104739 0.145805 0 an: 9.50196e-07 an_old: 9.49949e-07 gco2: 0.0133915 gco2_old> 0.0133823 ci: 0.000218725 ci_old:0.000218653 -472.482 -521.054
10 abs: 2.47233e-10 2.47233e-10 9.2489e-06 7.22992e-08 48.5767 0.00189031 0 0.0264443 1.72554e-09 an: 9.50189e-07 an_old: 9.49942e-07 gco2: 0.0133913 gco2_old> 0.013382 ci: 0.000218724 ci_old:0.000218651 -474.236 -522.812
10 0.000260261 0.000691144 0.00033066 0.104739 0.145805 0 an: 9.50189e-07 an_old: 9.49942e-07 gco2: 0.0133913 gco2_old> 0.013382 ci: 0.000218724 ci_old:0.000218651 -474.236 -522.812
11 abs: 2.47233e-10 2.47233e-10 9.2489e-06 7.22992e-08 48.5767 0.00189031 0 0.0264443 1.72554e-09 an: 0 an_old: 0 gco2: 0 gco2_old> 0 ci: 0 ci_old:0 0 0
11 0.000260261 0.000691144 0.00033066 0.104739 0.145805 0 an: 0 an_old: 0 gco2: 0 gco2_old> 0 ci: 0 ci_old:0 0 0
12 abs: 2.47233e-10 2.47233e-10 9.2489e-06 7.22992e-08 48.5767 0.00189031 0 0.0264443 1.72554e-09 an: 0 an_old: 0 gco2: 0 gco2_old> 0 ci: 0 ci_old:0 0 0
12 0.000260261 0.000691144 0.00033066 0.104739 0.145805 0 an: 0 an_old: 0 gco2: 0 gco2_old> 0 ci: 0 ci_old:0 0 0
13 abs: 2.47233e-10 2.47233e-10 9.2489e-06 7.22992e-08 48.5767 0.00189031 0 0.0264443 1.72554e-09 an: 0 an_old: 0 gco2: 0 gco2_old> 0 ci: 0 ci_old:0 0 0
13 0.000260261 0.000691144 0.00033066 0.104739 0.145805 0 an: 0 an_old: 0 gco2: 0 gco2_old> 0 ci: 0 ci_old:0 0 0
14 abs: 2.47233e-10 2.47233e-10 9.2489e-06 7.22992e-08 48.5767 0.00189031 0 0.0264443 1.72554e-09 an: 0 an_old: 0 gco2: 0 gco2_old> 0 ci: 0 ci_old:0 0 0
14 0.000260261 0.000691144 0.00033066 0.104739 0.145805 0 an: 0 an_old: 0 gco2: 0 gco2_old> 0 ci: 0 ci_old:0 0 0
