shape leaf 105 0 0 0
an calc 0 0 0 1.09588e-05 5.20625e-05 0.0002144 0.208025  3.4374e-05 0.21 0
forgco2 0 8e-06 0 1.5 0 8.06719e-07 4.1696e-05
forJW, Jw 0 drout_in 397.001 18.1542 15.8224 1010 18 1000
forpg 0 -0 0 0 2 -395.914 -398.088 0 numleaf: 0
diff Ev and lat fluw: 0
shape leaf 106 0 0 0
an calc 0 0 0 1.09588e-05 5.20625e-05 0.0002144 0.208025  3.4374e-05 0.21 0
forgco2 0 8e-06 0 1.5 0 8.06719e-07 4.1696e-05
forJW, Jw 0 drout_in 399.175 18.1542 15.8224 1010 18 1000
forpg 0 -0 0 0 2 -398.088 -400.262 0 numleaf: 1
diff Ev and lat fluw: 0
shape leaf 107 0 0 0
an calc 0 0 0 1.09588e-05 5.20625e-05 0.0002144 0.208025  3.4374e-05 0.21 0
forgco2 0 8e-06 0 1.5 0 8.06719e-07 4.1696e-05
forJW, Jw 0 drout_in 401.349 18.1542 15.8224 1010 18 1000
forpg 0 -0 0 0 2 -400.262 -402.435 0 numleaf: 2
diff Ev and lat fluw: 0
shape leaf 108 0 0 0
an calc 0 0 0 1.09588e-05 5.20625e-05 0.0002144 0.208025  3.4374e-05 0.21 0
forgco2 0 8e-06 0 1.5 0 8.06719e-07 4.1696e-05
forJW, Jw 0 drout_in 403.522 18.1543 15.8224 1010 18 1000
forpg 0 -0 0 0 2 -402.435 -404.609 0 numleaf: 3
diff Ev and lat fluw: 0
shape leaf 109 3.6 0.000218664 0.000218736
an calc 9.50231e-07 1.47764e-05 1.75695e-06 1.09588e-05 5.20625e-05 0.0002144 0.208025  3.4374e-05 0.21 0
forgco2 0.0133928 8e-06 0.899151 1.5 9.50231e-07 8.06719e-07 4.1696e-05
forJW, Jw 0.00223481 drout_in -57.224 18.1475 15.8224 1010 18 1000
forpg 3.6 -7.02981e-05 0.00788922 -0.0315582 2 -404.609 -406.67 -462.864 numleaf: 4
diff Ev and lat fluw: 0.00804532
shape leaf 110 3.6 0.000218662 0.000218733
an calc 9.50223e-07 1.47763e-05 1.75694e-06 1.09588e-05 5.20625e-05 0.0002144 0.208025  3.4374e-05 0.21 0
forgco2 0.0133925 8e-06 0.899125 1.5 9.50223e-07 8.06719e-07 4.1696e-05
forJW, Jw 0.00223475 drout_in -57.2225 18.1475 15.8224 1010 18 1000
forpg 3.6 -7.02981e-05 0.00788922 -0.0315582 2 -406.67 -408.689 -464.902 numleaf: 5
diff Ev and lat fluw: 0.0080451
shape leaf 111 3.6 0.000218659 0.000218731
an calc 9.50216e-07 1.47761e-05 1.75693e-06 1.09588e-05 5.20625e-05 0.0002144 0.208025  3.4374e-05 0.21 0
forgco2 0.0133923 8e-06 0.8991 1.5 9.50216e-07 8.06719e-07 4.1696e-05
forJW, Jw 0.00223469 drout_in -57.221 18.1475 15.8224 1010 18 1000
forpg 3.6 -7.02981e-05 0.00788922 -0.0315582 2 -408.689 -410.649 -466.89 numleaf: 6
diff Ev and lat fluw: 0.00804489
shape leaf 112 3.6 0.000218657 0.000218729
an calc 9.50209e-07 1.4776e-05 1.75693e-06 1.09588e-05 5.20625e-05 0.0002144 0.208025  3.4374e-05 0.21 0
forgco2 0.013392 8e-06 0.899075 1.5 9.50209e-07 8.06719e-07 4.1696e-05
forJW, Jw 0.00223463 drout_in -57.2195 18.1475 15.8224 1010 18 1000
forpg 3.6 -7.02981e-05 0.00788922 -0.0315582 2 -410.649 -412.545 -468.816 numleaf: 7
diff Ev and lat fluw: 0.00804468
shape leaf 113 3.6 0.000218655 0.000218727
an calc 9.50202e-07 1.47759e-05 1.75692e-06 1.09588e-05 5.20625e-05 0.0002144 0.208025  3.4374e-05 0.21 0
forgco2 0.0133918 8e-06 0.899052 1.5 9.50202e-07 8.06719e-07 4.1696e-05
forJW, Jw 0.00223458 drout_in -57.2181 18.1475 15.8224 1010 18 1000
forpg 3.6 -7.02981e-05 0.00788922 -0.0315582 2 -412.545 -414.374 -470.678 numleaf: 8
diff Ev and lat fluw: 0.00804449
shape leaf 114 3.6 0.000218653 0.000218725
an calc 9.50196e-07 1.47758e-05 1.75691e-06 1.09588e-05 5.20625e-05 0.0002144 0.208025  3.4374e-05 0.21 0
forgco2 0.0133915 8e-06 0.899029 1.5 9.50196e-07 8.06719e-07 4.1696e-05
forJW, Jw 0.00223453 drout_in -57.2168 18.1475 15.8224 1010 18 1000
forpg 3.6 -7.02981e-05 0.00788922 -0.0315582 2 -414.374 -416.156 -472.482 numleaf: 9
diff Ev and lat fluw: 0.0080443
shape leaf 115 3.6 0.000218651 0.000218724
an calc 9.50189e-07 1.47757e-05 1.75691e-06 1.09588e-05 5.20625e-05 0.0002144 0.208025  3.4374e-05 0.21 0
forgco2 0.0133913 8e-06 0.899006 1.5 9.50189e-07 8.06719e-07 4.1696e-05
forJW, Jw 0.00223448 drout_in -57.2155 18.1475 15.8224 1010 18 1000
forpg 3.6 -7.02981e-05 0.00788922 -0.0315582 2 -416.156 -417.885 -474.236 numleaf: 10
diff Ev and lat fluw: 0.00804412
shape leaf 122 0 0 0
an calc 0 0 0 1.09588e-05 5.20625e-05 0.0002144 0.208025  3.4374e-05 0.21 0
forgco2 0 8e-06 0 1.5 0 8.06719e-07 4.1696e-05
forJW, Jw 0 drout_in 396.886 18.1542 15.8224 1010 18 1000
forpg 0 -0 0 0 2 -395.891 -397.881 0 numleaf: 11
diff Ev and lat fluw: 0
shape leaf 123 0 0 0
an calc 0 0 0 1.09588e-05 5.20625e-05 0.0002144 0.208025  3.4374e-05 0.21 0
forgco2 0 8e-06 0 1.5 0 8.06719e-07 4.1696e-05
forJW, Jw 0 drout_in 398.876 18.1542 15.8224 1010 18 1000
forpg 0 -0 0 0 2 -397.881 -399.871 0 numleaf: 12
diff Ev and lat fluw: 0
shape leaf 124 0 0 0
an calc 0 0 0 1.09588e-05 5.20625e-05 0.0002144 0.208025  3.4374e-05 0.21 0
forgco2 0 8e-06 0 1.5 0 8.06719e-07 4.1696e-05
forJW, Jw 0 drout_in 400.866 18.1542 15.8224 1010 18 1000
forpg 0 -0 0 0 2 -399.871 -401.861 0 numleaf: 13
diff Ev and lat fluw: 0
shape leaf 125 0 0 0
an calc 0 0 0 1.09588e-05 5.20625e-05 0.0002144 0.208025  3.4374e-05 0.21 0
forgco2 0 8e-06 0 1.5 0 8.06719e-07 4.1696e-05
forJW, Jw 0 drout_in 402.561 18.1543 15.8224 1010 18 1000
forpg 0 -0 0 0 1.40774 -401.861 -403.261 0 numleaf: 14
diff Ev and lat fluw: 0
