shape leaf 105 0 0 0
an calc 0 0 0 1.09588e-05 5.20625e-05 0.0002144 0.208025  3.4374e-05 0.21 0
forgco2 0 8e-06 0 1.5 0 8.06719e-07 4.1696e-05
forJW, Jw 0 drout_in 318.542 18.1542 15.8224 1010 18 1000
forpg 0 -0 0 0 2 -317.482 -319.603 0 numleaf: 0
diff Ev and lat fluw: 0
shape leaf 106 0 0 0
an calc 0 0 0 1.09588e-05 5.20625e-05 0.0002144 0.208025  3.4374e-05 0.21 0
forgco2 0 8e-06 0 1.5 0 8.06719e-07 4.1696e-05
forJW, Jw 0 drout_in 320.664 18.1542 15.8224 1010 18 1000
forpg 0 -0 0 0 2 -319.603 -321.724 0 numleaf: 1
diff Ev and lat fluw: 0
shape leaf 107 0 0 0
an calc 0 0 0 1.09588e-05 5.20625e-05 0.0002144 0.208025  3.4374e-05 0.21 0
forgco2 0 8e-06 0 1.5 0 8.06719e-07 4.1696e-05
forJW, Jw 0 drout_in 322.785 18.1542 15.8224 1010 18 1000
forpg 0 -0 0 0 2 -321.724 -323.846 0 numleaf: 2
diff Ev and lat fluw: 0
shape leaf 108 0 0 0
an calc 0 0 0 1.09588e-05 5.20625e-05 0.0002144 0.208025  3.4374e-05 0.21 0
forgco2 0 8e-06 0 1.5 0 8.06719e-07 4.1696e-05
forJW, Jw 0 drout_in 324.906 18.1543 15.8224 1010 18 1000
forpg 0 -0 0 0 2 -323.846 -325.967 0 numleaf: 3
diff Ev and lat fluw: 0
shape leaf 109 3.6 0.000218822 0.000218848
an calc 9.50615e-07 1.47828e-05 1.75733e-06 1.09588e-05 5.20625e-05 0.0002144 0.208025  3.4374e-05 0.21 0
forgco2 0.0134072 8e-06 0.900495 1.5 9.50615e-07 8.06719e-07 4.1696e-05
forJW, Jw 0.00223923 drout_in -57.3371 18.1489 15.8224 1010 18 1000
forpg 3.6 -7.02981e-05 0.00788922 -0.0315582 2 -325.967 -327.978 -384.31 numleaf: 4
diff Ev and lat fluw: 0.00806121
shape leaf 110 3.6 0.00021882 0.000218846
an calc 9.50608e-07 1.47827e-05 1.75733e-06 1.09588e-05 5.20625e-05 0.0002144 0.208025  3.4374e-05 0.21 0
forgco2 0.013407 8e-06 0.900471 1.5 9.50608e-07 8.06719e-07 4.1696e-05
forJW, Jw 0.00223917 drout_in -57.3356 18.1489 15.8224 1010 18 1000
forpg 3.6 -7.02981e-05 0.00788922 -0.0315582 2 -327.978 -329.957 -386.303 numleaf: 5
diff Ev and lat fluw: 0.00806101
shape leaf 111 3.6 0.000218818 0.000218844
an calc 9.50602e-07 1.47826e-05 1.75732e-06 1.09588e-05 5.20625e-05 0.0002144 0.208025  3.4374e-05 0.21 0
forgco2 0.0134067 8e-06 0.900447 1.5 9.50602e-07 8.06719e-07 4.1696e-05
forJW, Jw 0.00223911 drout_in -57.3342 18.1489 15.8224 1010 18 1000
forpg 3.6 -7.02981e-05 0.00788922 -0.0315582 2 -329.957 -331.882 -388.254 numleaf: 6
diff Ev and lat fluw: 0.00806081
shape leaf 112 3.6 0.000218816 0.000218842
an calc 9.50595e-07 1.47825e-05 1.75731e-06 1.09588e-05 5.20625e-05 0.0002144 0.208025  3.4374e-05 0.21 0
forgco2 0.0134065 8e-06 0.900424 1.5 9.50595e-07 8.06719e-07 4.1696e-05
forJW, Jw 0.00223906 drout_in -57.3329 18.1489 15.8224 1010 18 1000
forpg 3.6 -7.02981e-05 0.00788922 -0.0315582 2 -331.882 -333.752 -390.15 numleaf: 7
diff Ev and lat fluw: 0.00806062
shape leaf 113 3.6 0.000218815 0.00021884
an calc 9.50589e-07 1.47824e-05 1.75731e-06 1.09588e-05 5.20625e-05 0.0002144 0.208025  3.4374e-05 0.21 0
forgco2 0.0134062 8e-06 0.900401 1.5 9.50589e-07 8.06719e-07 4.1696e-05
forJW, Jw 0.00223901 drout_in -57.3316 18.1489 15.8224 1010 18 1000
forpg 3.6 -7.02981e-05 0.00788922 -0.0315582 2 -333.752 -335.563 -391.989 numleaf: 8
diff Ev and lat fluw: 0.00806044
shape leaf 114 3.6 0.000218813 0.000218839
an calc 9.50582e-07 1.47823e-05 1.7573e-06 1.09588e-05 5.20625e-05 0.0002144 0.208025  3.4374e-05 0.21 0
forgco2 0.013406 8e-06 0.90038 1.5 9.50582e-07 8.06719e-07 4.1696e-05
forJW, Jw 0.00223896 drout_in -57.3303 18.1489 15.8224 1010 18 1000
forpg 3.6 -7.02981e-05 0.00788922 -0.0315582 2 -335.563 -337.333 -393.778 numleaf: 9
diff Ev and lat fluw: 0.00806026
shape leaf 115 3.6 0.000218811 0.000218837
an calc 9.50576e-07 1.47822e-05 1.7573e-06 1.09588e-05 5.20625e-05 0.0002144 0.208025  3.4374e-05 0.21 0
forgco2 0.0134058 8e-06 0.900358 1.5 9.50576e-07 8.06719e-07 4.1696e-05
forJW, Jw 0.00223891 drout_in -57.3291 18.1489 15.8224 1010 18 1000
forpg 3.6 -7.02981e-05 0.00788922 -0.0315582 2 -337.333 -339.058 -395.525 numleaf: 10
diff Ev and lat fluw: 0.00806009
shape leaf 122 0 0 0
an calc 0 0 0 1.09588e-05 5.20625e-05 0.0002144 0.208025  3.4374e-05 0.21 0
forgco2 0 8e-06 0 1.5 0 8.06719e-07 4.1696e-05
forJW, Jw 0 drout_in 318.46 18.1542 15.8224 1010 18 1000
forpg 0 -0 0 0 2 -317.465 -319.455 0 numleaf: 11
diff Ev and lat fluw: 0
shape leaf 123 0 0 0
an calc 0 0 0 1.09588e-05 5.20625e-05 0.0002144 0.208025  3.4374e-05 0.21 0
forgco2 0 8e-06 0 1.5 0 8.06719e-07 4.1696e-05
forJW, Jw 0 drout_in 320.45 18.1542 15.8224 1010 18 1000
forpg 0 -0 0 0 2 -319.455 -321.445 0 numleaf: 12
diff Ev and lat fluw: 0
shape leaf 124 0 0 0
an calc 0 0 0 1.09588e-05 5.20625e-05 0.0002144 0.208025  3.4374e-05 0.21 0
forgco2 0 8e-06 0 1.5 0 8.06719e-07 4.1696e-05
forJW, Jw 0 drout_in 322.44 18.1542 15.8224 1010 18 1000
forpg 0 -0 0 0 2 -321.445 -323.435 0 numleaf: 13
diff Ev and lat fluw: 0
shape leaf 125 0 0 0
an calc 0 0 0 1.09588e-05 5.20625e-05 0.0002144 0.208025  3.4374e-05 0.21 0
forgco2 0 8e-06 0 1.5 0 8.06719e-07 4.1696e-05
forJW, Jw 0 drout_in 324.135 18.1543 15.8224 1010 18 1000
forpg 0 -0 0 0 1.40774 -323.435 -324.835 0 numleaf: 14
diff Ev and lat fluw: 0
