shape leaf 105 0 0 0
an calc 0 0 0 1.09588e-05 5.20625e-05 0.0002144 0.208025  3.4374e-05 0.21 0
forgco2 0 8e-06 0 1.5 0 8.06719e-07 4.1696e-05
forJW, Jw 0 drout_in 445.423 18.1542 15.8224 1010 18 1000
forpg 0 -0 0 0 2 -444.32 -446.526 0 numleaf: 0
diff Ev and lat fluw: 0
shape leaf 106 0 0 0
an calc 0 0 0 1.09588e-05 5.20625e-05 0.0002144 0.208025  3.4374e-05 0.21 0
forgco2 0 8e-06 0 1.5 0 8.06719e-07 4.1696e-05
forJW, Jw 0 drout_in 447.63 18.1542 15.8224 1010 18 1000
forpg 0 -0 0 0 2 -446.526 -448.733 0 numleaf: 1
diff Ev and lat fluw: 0
shape leaf 107 0 0 0
an calc 0 0 0 1.09588e-05 5.20625e-05 0.0002144 0.208025  3.4374e-05 0.21 0
forgco2 0 8e-06 0 1.5 0 8.06719e-07 4.1696e-05
forJW, Jw 0 drout_in 449.836 18.1542 15.8224 1010 18 1000
forpg 0 -0 0 0 2 -448.733 -450.939 0 numleaf: 2
diff Ev and lat fluw: 0
shape leaf 108 0 0 0
an calc 0 0 0 1.09588e-05 5.20625e-05 0.0002144 0.208025  3.4374e-05 0.21 0
forgco2 0 8e-06 0 1.5 0 8.06719e-07 4.1696e-05
forJW, Jw 0 drout_in 452.042 18.1543 15.8224 1010 18 1000
forpg 0 -0 0 0 2 -450.939 -453.145 0 numleaf: 3
diff Ev and lat fluw: 0
shape leaf 109 3.6 0.000218554 0.000218664
an calc 9.49985e-07 1.47723e-05 1.7567e-06 1.09588e-05 5.20625e-05 0.0002144 0.208025  3.4374e-05 0.21 0
forgco2 0.0133836 8e-06 0.898295 1.5 9.49985e-07 8.06719e-07 4.1696e-05
forJW, Jw 0.00223203 drout_in -57.1528 18.1466 15.8224 1010 18 1000
forpg 3.6 -7.02981e-05 0.00788922 -0.0315582 2 -453.145 -455.236 -511.343 numleaf: 4
diff Ev and lat fluw: 0.0080353
shape leaf 110 3.6 0.000218554 0.000218662
an calc 9.49977e-07 1.47721e-05 1.7567e-06 1.09588e-05 5.20625e-05 0.0002144 0.208025  3.4374e-05 0.21 0
forgco2 0.0133833 8e-06 0.898268 1.5 9.49977e-07 8.06719e-07 4.1696e-05
forJW, Jw 0.00223196 drout_in -57.1511 18.1466 15.8224 1010 18 1000
forpg 3.6 -7.02981e-05 0.00788922 -0.0315582 2 -455.236 -457.281 -513.409 numleaf: 5
diff Ev and lat fluw: 0.00803507
shape leaf 111 3.6 0.000218554 0.000218659
an calc 9.4997e-07 1.4772e-05 1.75669e-06 1.09588e-05 5.20625e-05 0.0002144 0.208025  3.4374e-05 0.21 0
forgco2 0.0133831 8e-06 0.898241 1.5 9.4997e-07 8.06719e-07 4.1696e-05
forJW, Jw 0.0022319 drout_in -57.1496 18.1466 15.8224 1010 18 1000
forpg 3.6 -7.02981e-05 0.00788922 -0.0315582 2 -457.281 -459.261 -515.42 numleaf: 6
diff Ev and lat fluw: 0.00803485
shape leaf 112 3.6 0.000218554 0.000218657
an calc 9.49962e-07 1.47719e-05 1.75668e-06 1.09588e-05 5.20625e-05 0.0002144 0.208025  3.4374e-05 0.21 0
forgco2 0.0133828 8e-06 0.898216 1.5 9.49962e-07 8.06719e-07 4.1696e-05
forJW, Jw 0.00223184 drout_in -57.148 18.1466 15.8224 1010 18 1000
forpg 3.6 -7.02981e-05 0.00788922 -0.0315582 2 -459.261 -461.173 -517.365 numleaf: 7
diff Ev and lat fluw: 0.00803463
shape leaf 113 3.6 0.000218554 0.000218655
an calc 9.49955e-07 1.47718e-05 1.75667e-06 1.09588e-05 5.20625e-05 0.0002144 0.208025  3.4374e-05 0.21 0
forgco2 0.0133825 8e-06 0.898191 1.5 9.49955e-07 8.06719e-07 4.1696e-05
forJW, Jw 0.00223179 drout_in -57.1466 18.1466 15.8224 1010 18 1000
forpg 3.6 -7.02981e-05 0.00788922 -0.0315582 2 -461.173 -463.014 -519.241 numleaf: 8
diff Ev and lat fluw: 0.00803443
shape leaf 114 3.6 0.000218554 0.000218653
an calc 9.49949e-07 1.47717e-05 1.75667e-06 1.09588e-05 5.20625e-05 0.0002144 0.208025  3.4374e-05 0.21 0
forgco2 0.0133823 8e-06 0.898167 1.5 9.49949e-07 8.06719e-07 4.1696e-05
forJW, Jw 0.00223173 drout_in -57.1452 18.1466 15.8224 1010 18 1000
forpg 3.6 -7.02981e-05 0.00788922 -0.0315582 2 -463.014 -464.803 -521.054 numleaf: 9
diff Ev and lat fluw: 0.00803423
shape leaf 115 3.6 0.000218554 0.000218651
an calc 9.49942e-07 1.47715e-05 1.75666e-06 1.09588e-05 5.20625e-05 0.0002144 0.208025  3.4374e-05 0.21 0
forgco2 0.013382 8e-06 0.898145 1.5 9.49942e-07 8.06719e-07 4.1696e-05
forJW, Jw 0.00223168 drout_in -57.1439 18.1466 15.8224 1010 18 1000
forpg 3.6 -7.02981e-05 0.00788922 -0.0315582 2 -464.803 -466.534 -522.812 numleaf: 10
diff Ev and lat fluw: 0.00803405
shape leaf 122 0 0 0
an calc 0 0 0 1.09588e-05 5.20625e-05 0.0002144 0.208025  3.4374e-05 0.21 0
forgco2 0 8e-06 0 1.5 0 8.06719e-07 4.1696e-05
forJW, Jw 0 drout_in 445.288 18.1542 15.8224 1010 18 1000
forpg 0 -0 0 0 2 -444.293 -446.283 0 numleaf: 11
diff Ev and lat fluw: 0
shape leaf 123 0 0 0
an calc 0 0 0 1.09588e-05 5.20625e-05 0.0002144 0.208025  3.4374e-05 0.21 0
forgco2 0 8e-06 0 1.5 0 8.06719e-07 4.1696e-05
forJW, Jw 0 drout_in 447.278 18.1542 15.8224 1010 18 1000
forpg 0 -0 0 0 2 -446.283 -448.273 0 numleaf: 12
diff Ev and lat fluw: 0
shape leaf 124 0 0 0
an calc 0 0 0 1.09588e-05 5.20625e-05 0.0002144 0.208025  3.4374e-05 0.21 0
forgco2 0 8e-06 0 1.5 0 8.06719e-07 4.1696e-05
forJW, Jw 0 drout_in 449.268 18.1542 15.8224 1010 18 1000
forpg 0 -0 0 0 2 -448.273 -450.263 0 numleaf: 13
diff Ev and lat fluw: 0
shape leaf 125 0 0 0
an calc 0 0 0 1.09588e-05 5.20625e-05 0.0002144 0.208025  3.4374e-05 0.21 0
forgco2 0 8e-06 0 1.5 0 8.06719e-07 4.1696e-05
forJW, Jw 0 drout_in 450.963 18.1543 15.8224 1010 18 1000
forpg 0 -0 0 0 1.40774 -450.263 -451.663 0 numleaf: 14
diff Ev and lat fluw: 0
