shape leaf 105 0 0.000175 0
an calc 0 0 0 1.09588e-05 5.20625e-05 0.0002144 0.208025  3.4374e-05 0.21 0
forgco2 0 8e-06 0 1.5 0 8.06719e-07 4.1696e-05
forJW, Jw 0 drout_in 619.8 18.1542 15.8224 1010 18 1000
forpg 0 -0 0 0 2 -619.8 -619.8 0 numleaf: 0
diff Ev and lat fluw: 0
shape leaf 106 0 0.000175 0
an calc 0 0 0 1.09588e-05 5.20625e-05 0.0002144 0.208025  3.4374e-05 0.21 0
forgco2 0 8e-06 0 1.5 0 8.06719e-07 4.1696e-05
forJW, Jw 0 drout_in 619.8 18.1542 15.8224 1010 18 1000
forpg 0 -0 0 0 2 -619.8 -619.8 0 numleaf: 1
diff Ev and lat fluw: 0
shape leaf 107 0 0.000175 0
an calc 0 0 0 1.09588e-05 5.20625e-05 0.0002144 0.208025  3.4374e-05 0.21 0
forgco2 0 8e-06 0 1.5 0 8.06719e-07 4.1696e-05
forJW, Jw 0 drout_in 619.8 18.1542 15.8224 1010 18 1000
forpg 0 -0 0 0 2 -619.8 -619.8 0 numleaf: 2
diff Ev and lat fluw: 0
shape leaf 108 0 0.000175 0
an calc 0 0 0 1.09588e-05 5.20625e-05 0.0002144 0.208025  3.4374e-05 0.21 0
forgco2 0 8e-06 0 1.5 0 8.06719e-07 4.1696e-05
forJW, Jw 0 drout_in 619.8 18.1543 15.8224 1010 18 1000
forpg 0 -0 0 0 2 -619.8 -619.8 0 numleaf: 3
diff Ev and lat fluw: 0
shape leaf 109 3.6 0.000175 0.000219226
an calc 9.51905e-07 1.48045e-05 1.75862e-06 1.09588e-05 5.20625e-05 0.0002144 0.208025  3.4374e-05 0.21 0
forgco2 0.0134558 8e-06 0.905024 1.5 9.51905e-07 8.06719e-07 4.1696e-05
forJW, Jw 0.00225459 drout_in -57.7306 18.1543 15.8224 1010 18 1000
forpg 3.6 -7.02981e-05 0.00788922 -0.0315582 2 -619.8 -619.8 -677.531 numleaf: 4
diff Ev and lat fluw: 0.00811654
shape leaf 110 3.6 0.000175 0.000219226
an calc 9.51905e-07 1.48045e-05 1.75862e-06 1.09588e-05 5.20625e-05 0.0002144 0.208025  3.4374e-05 0.21 0
forgco2 0.0134558 8e-06 0.905024 1.5 9.51905e-07 8.06719e-07 4.1696e-05
forJW, Jw 0.00225462 drout_in -57.7312 18.1543 15.8224 1010 18 1000
forpg 3.6 -7.02981e-05 0.00788922 -0.0315582 2 -619.8 -619.8 -677.531 numleaf: 5
diff Ev and lat fluw: 0.00811662
shape leaf 111 3.6 0.000175 0.000219226
an calc 9.51905e-07 1.48045e-05 1.75862e-06 1.09588e-05 5.20625e-05 0.0002144 0.208025  3.4374e-05 0.21 0
forgco2 0.0134558 8e-06 0.905024 1.5 9.51905e-07 8.06719e-07 4.1696e-05
forJW, Jw 0.00225464 drout_in -57.7318 18.1543 15.8224 1010 18 1000
forpg 3.6 -7.02981e-05 0.00788922 -0.0315582 2 -619.8 -619.8 -677.532 numleaf: 6
diff Ev and lat fluw: 0.00811671
shape leaf 112 3.6 0.000175 0.000219226
an calc 9.51905e-07 1.48045e-05 1.75862e-06 1.09588e-05 5.20625e-05 0.0002144 0.208025  3.4374e-05 0.21 0
forgco2 0.0134558 8e-06 0.905024 1.5 9.51905e-07 8.06719e-07 4.1696e-05
forJW, Jw 0.00225467 drout_in -57.7324 18.1544 15.8224 1010 18 1000
forpg 3.6 -7.02981e-05 0.00788922 -0.0315582 2 -619.8 -619.8 -677.532 numleaf: 7
diff Ev and lat fluw: 0.0081168
shape leaf 113 3.6 0.000175 0.000219226
an calc 9.51905e-07 1.48045e-05 1.75862e-06 1.09588e-05 5.20625e-05 0.0002144 0.208025  3.4374e-05 0.21 0
forgco2 0.0134558 8e-06 0.905024 1.5 9.51905e-07 8.06719e-07 4.1696e-05
forJW, Jw 0.00225469 drout_in -57.733 18.1544 15.8224 1010 18 1000
forpg 3.6 -7.02981e-05 0.00788922 -0.0315582 2 -619.8 -619.8 -677.533 numleaf: 8
diff Ev and lat fluw: 0.00811688
shape leaf 114 3.6 0.000175 0.000219226
an calc 9.51905e-07 1.48045e-05 1.75862e-06 1.09588e-05 5.20625e-05 0.0002144 0.208025  3.4374e-05 0.21 0
forgco2 0.0134558 8e-06 0.905024 1.5 9.51905e-07 8.06719e-07 4.1696e-05
forJW, Jw 0.00225471 drout_in -57.7336 18.1544 15.8224 1010 18 1000
forpg 3.6 -7.02981e-05 0.00788922 -0.0315582 2 -619.8 -619.8 -677.534 numleaf: 9
diff Ev and lat fluw: 0.00811696
shape leaf 115 3.6 0.000175 0.000219226
an calc 9.51905e-07 1.48045e-05 1.75862e-06 1.09588e-05 5.20625e-05 0.0002144 0.208025  3.4374e-05 0.21 0
forgco2 0.0134558 8e-06 0.905024 1.5 9.51905e-07 8.06719e-07 4.1696e-05
forJW, Jw 0.00225473 drout_in -57.7342 18.1544 15.8224 1010 18 1000
forpg 3.6 -7.02981e-05 0.00788922 -0.0315582 2 -619.8 -619.8 -677.534 numleaf: 10
diff Ev and lat fluw: 0.00811704
shape leaf 122 0 0.000175 0
an calc 0 0 0 1.09588e-05 5.20625e-05 0.0002144 0.208025  3.4374e-05 0.21 0
forgco2 0 8e-06 0 1.5 0 8.06719e-07 4.1696e-05
forJW, Jw 0 drout_in 619.8 18.1542 15.8224 1010 18 1000
forpg 0 -0 0 0 2 -619.8 -619.8 0 numleaf: 11
diff Ev and lat fluw: 0
shape leaf 123 0 0.000175 0
an calc 0 0 0 1.09588e-05 5.20625e-05 0.0002144 0.208025  3.4374e-05 0.21 0
forgco2 0 8e-06 0 1.5 0 8.06719e-07 4.1696e-05
forJW, Jw 0 drout_in 619.8 18.1542 15.8224 1010 18 1000
forpg 0 -0 0 0 2 -619.8 -619.8 0 numleaf: 12
diff Ev and lat fluw: 0
shape leaf 124 0 0.000175 0
an calc 0 0 0 1.09588e-05 5.20625e-05 0.0002144 0.208025  3.4374e-05 0.21 0
forgco2 0 8e-06 0 1.5 0 8.06719e-07 4.1696e-05
forJW, Jw 0 drout_in 619.8 18.1542 15.8224 1010 18 1000
forpg 0 -0 0 0 2 -619.8 -619.8 0 numleaf: 13
diff Ev and lat fluw: 0
shape leaf 125 0 0.000175 0
an calc 0 0 0 1.09588e-05 5.20625e-05 0.0002144 0.208025  3.4374e-05 0.21 0
forgco2 0 8e-06 0 1.5 0 8.06719e-07 4.1696e-05
forJW, Jw 0 drout_in 619.8 18.1543 15.8224 1010 18 1000
forpg 0 -0 0 0 1.40774 -619.8 -619.8 0 numleaf: 14
diff Ev and lat fluw: 0
