shape leaf 105 0 0 0
an calc 0 0 0 1.09588e-05 5.20625e-05 0.0002144 0.208025  3.4374e-05 0.21 0
forgco2 0 8e-06 0 1.5 0 8.06719e-07 4.1696e-05
forJW, Jw 0 drout_in 336.779 18.1542 15.8224 1010 18 1000
forpg 0 -0 0 0 2 -335.713 -337.846 0 numleaf: 0
diff Ev and lat fluw: 0
shape leaf 106 0 0 0
an calc 0 0 0 1.09588e-05 5.20625e-05 0.0002144 0.208025  3.4374e-05 0.21 0
forgco2 0 8e-06 0 1.5 0 8.06719e-07 4.1696e-05
forJW, Jw 0 drout_in 338.913 18.1542 15.8224 1010 18 1000
forpg 0 -0 0 0 2 -337.846 -339.98 0 numleaf: 1
diff Ev and lat fluw: 0
shape leaf 107 0 0 0
an calc 0 0 0 1.09588e-05 5.20625e-05 0.0002144 0.208025  3.4374e-05 0.21 0
forgco2 0 8e-06 0 1.5 0 8.06719e-07 4.1696e-05
forJW, Jw 0 drout_in 341.046 18.1542 15.8224 1010 18 1000
forpg 0 -0 0 0 2 -339.98 -342.113 0 numleaf: 2
diff Ev and lat fluw: 0
shape leaf 108 0 0 0
an calc 0 0 0 1.09588e-05 5.20625e-05 0.0002144 0.208025  3.4374e-05 0.21 0
forgco2 0 8e-06 0 1.5 0 8.06719e-07 4.1696e-05
forJW, Jw 0 drout_in 343.18 18.1543 15.8224 1010 18 1000
forpg 0 -0 0 0 2 -342.113 -344.247 0 numleaf: 3
diff Ev and lat fluw: 0
shape leaf 109 3.6 0.000218786 0.000218822
an calc 9.50527e-07 1.47814e-05 1.75725e-06 1.09588e-05 5.20625e-05 0.0002144 0.208025  3.4374e-05 0.21 0
forgco2 0.0134039 8e-06 0.900187 1.5 9.50527e-07 8.06719e-07 4.1696e-05
forJW, Jw 0.00223821 drout_in -57.3111 18.1486 15.8224 1010 18 1000
forpg 3.6 -7.02981e-05 0.00788922 -0.0315582 2 -344.247 -346.27 -402.569 numleaf: 4
diff Ev and lat fluw: 0.00805755
shape leaf 110 3.6 0.000218784 0.00021882
an calc 9.5052e-07 1.47813e-05 1.75724e-06 1.09588e-05 5.20625e-05 0.0002144 0.208025  3.4374e-05 0.21 0
forgco2 0.0134037 8e-06 0.900163 1.5 9.5052e-07 8.06719e-07 4.1696e-05
forJW, Jw 0.00223815 drout_in -57.3096 18.1486 15.8224 1010 18 1000
forpg 3.6 -7.02981e-05 0.00788922 -0.0315582 2 -346.27 -348.257 -404.573 numleaf: 5
diff Ev and lat fluw: 0.00805735
shape leaf 111 3.6 0.000218782 0.000218818
an calc 9.50513e-07 1.47811e-05 1.75723e-06 1.09588e-05 5.20625e-05 0.0002144 0.208025  3.4374e-05 0.21 0
forgco2 0.0134034 8e-06 0.900139 1.5 9.50513e-07 8.06719e-07 4.1696e-05
forJW, Jw 0.0022381 drout_in -57.3082 18.1486 15.8224 1010 18 1000
forpg 3.6 -7.02981e-05 0.00788922 -0.0315582 2 -348.257 -350.191 -406.532 numleaf: 6
diff Ev and lat fluw: 0.00805715
shape leaf 112 3.6 0.00021878 0.000218816
an calc 9.50507e-07 1.4781e-05 1.75723e-06 1.09588e-05 5.20625e-05 0.0002144 0.208025  3.4374e-05 0.21 0
forgco2 0.0134032 8e-06 0.900115 1.5 9.50507e-07 8.06719e-07 4.1696e-05
forJW, Jw 0.00223804 drout_in -57.3068 18.1486 15.8224 1010 18 1000
forpg 3.6 -7.02981e-05 0.00788922 -0.0315582 2 -350.191 -352.067 -408.436 numleaf: 7
diff Ev and lat fluw: 0.00805695
shape leaf 113 3.6 0.000218778 0.000218815
an calc 9.505e-07 1.47809e-05 1.75722e-06 1.09588e-05 5.20625e-05 0.0002144 0.208025  3.4374e-05 0.21 0
forgco2 0.0134029 8e-06 0.900092 1.5 9.505e-07 8.06719e-07 4.1696e-05
forJW, Jw 0.00223799 drout_in -57.3055 18.1486 15.8224 1010 18 1000
forpg 3.6 -7.02981e-05 0.00788922 -0.0315582 2 -352.067 -353.882 -410.28 numleaf: 8
diff Ev and lat fluw: 0.00805677
shape leaf 114 3.6 0.000218776 0.000218813
an calc 9.50494e-07 1.47808e-05 1.75721e-06 1.09588e-05 5.20625e-05 0.0002144 0.208025  3.4374e-05 0.21 0
forgco2 0.0134027 8e-06 0.90007 1.5 9.50494e-07 8.06719e-07 4.1696e-05
forJW, Jw 0.00223794 drout_in -57.3042 18.1486 15.8224 1010 18 1000
forpg 3.6 -7.02981e-05 0.00788922 -0.0315582 2 -353.882 -355.655 -412.073 numleaf: 9
diff Ev and lat fluw: 0.00805659
shape leaf 115 3.6 0.000218775 0.000218811
an calc 9.50488e-07 1.47807e-05 1.75721e-06 1.09588e-05 5.20625e-05 0.0002144 0.208025  3.4374e-05 0.21 0
forgco2 0.0134025 8e-06 0.900049 1.5 9.50488e-07 8.06719e-07 4.1696e-05
forJW, Jw 0.00223789 drout_in -57.303 18.1486 15.8224 1010 18 1000
forpg 3.6 -7.02981e-05 0.00788922 -0.0315582 2 -355.655 -357.381 -413.821 numleaf: 10
diff Ev and lat fluw: 0.00805641
shape leaf 122 0 0 0
an calc 0 0 0 1.09588e-05 5.20625e-05 0.0002144 0.208025  3.4374e-05 0.21 0
forgco2 0 8e-06 0 1.5 0 8.06719e-07 4.1696e-05
forJW, Jw 0 drout_in 336.69 18.1542 15.8224 1010 18 1000
forpg 0 -0 0 0 2 -335.695 -337.685 0 numleaf: 11
diff Ev and lat fluw: 0
shape leaf 123 0 0 0
an calc 0 0 0 1.09588e-05 5.20625e-05 0.0002144 0.208025  3.4374e-05 0.21 0
forgco2 0 8e-06 0 1.5 0 8.06719e-07 4.1696e-05
forJW, Jw 0 drout_in 338.68 18.1542 15.8224 1010 18 1000
forpg 0 -0 0 0 2 -337.685 -339.674 0 numleaf: 12
diff Ev and lat fluw: 0
shape leaf 124 0 0 0
an calc 0 0 0 1.09588e-05 5.20625e-05 0.0002144 0.208025  3.4374e-05 0.21 0
forgco2 0 8e-06 0 1.5 0 8.06719e-07 4.1696e-05
forJW, Jw 0 drout_in 340.669 18.1542 15.8224 1010 18 1000
forpg 0 -0 0 0 2 -339.674 -341.664 0 numleaf: 13
diff Ev and lat fluw: 0
shape leaf 125 0 0 0
an calc 0 0 0 1.09588e-05 5.20625e-05 0.0002144 0.208025  3.4374e-05 0.21 0
forgco2 0 8e-06 0 1.5 0 8.06719e-07 4.1696e-05
forJW, Jw 0 drout_in 342.365 18.1543 15.8224 1010 18 1000
forpg 0 -0 0 0 1.40774 -341.664 -343.065 0 numleaf: 14
diff Ev and lat fluw: 0
