shape leaf 105 0 0 0
an calc 0 0 0 1.09588e-05 5.20625e-05 0.0002144 0.208025  3.4374e-05 0.21 0
forgco2 0 8e-06 0 1.5 0 8.06719e-07 4.1696e-05
forJW, Jw 0 drout_in 362.032 18.1542 15.8224 1010 18 1000
forpg 0 -0 0 0 2 -360.957 -363.108 0 numleaf: 0
diff Ev and lat fluw: 0
shape leaf 106 0 0 0
an calc 0 0 0 1.09588e-05 5.20625e-05 0.0002144 0.208025  3.4374e-05 0.21 0
forgco2 0 8e-06 0 1.5 0 8.06719e-07 4.1696e-05
forJW, Jw 0 drout_in 364.183 18.1542 15.8224 1010 18 1000
forpg 0 -0 0 0 2 -363.108 -365.258 0 numleaf: 1
diff Ev and lat fluw: 0
shape leaf 107 0 0 0
an calc 0 0 0 1.09588e-05 5.20625e-05 0.0002144 0.208025  3.4374e-05 0.21 0
forgco2 0 8e-06 0 1.5 0 8.06719e-07 4.1696e-05
forJW, Jw 0 drout_in 366.333 18.1542 15.8224 1010 18 1000
forpg 0 -0 0 0 2 -365.258 -367.409 0 numleaf: 2
diff Ev and lat fluw: 0
shape leaf 108 0 0 0
an calc 0 0 0 1.09588e-05 5.20625e-05 0.0002144 0.208025  3.4374e-05 0.21 0
forgco2 0 8e-06 0 1.5 0 8.06719e-07 4.1696e-05
forJW, Jw 0 drout_in 368.484 18.1543 15.8224 1010 18 1000
forpg 0 -0 0 0 2 -367.409 -369.559 0 numleaf: 3
diff Ev and lat fluw: 0
shape leaf 109 3.6 0.000218736 0.000218786
an calc 9.50404e-07 1.47793e-05 1.75712e-06 1.09588e-05 5.20625e-05 0.0002144 0.208025  3.4374e-05 0.21 0
forgco2 0.0133993 8e-06 0.899757 1.5 9.50404e-07 8.06719e-07 4.1696e-05
forJW, Jw 0.00223679 drout_in -57.2748 18.1481 15.8224 1010 18 1000
forpg 3.6 -7.02981e-05 0.00788922 -0.0315582 2 -369.559 -371.598 -427.853 numleaf: 4
diff Ev and lat fluw: 0.00805245
shape leaf 110 3.6 0.000218733 0.000218784
an calc 9.50397e-07 1.47792e-05 1.75712e-06 1.09588e-05 5.20625e-05 0.0002144 0.208025  3.4374e-05 0.21 0
forgco2 0.013399 8e-06 0.899731 1.5 9.50397e-07 8.06719e-07 4.1696e-05
forJW, Jw 0.00223673 drout_in -57.2733 18.1481 15.8224 1010 18 1000
forpg 3.6 -7.02981e-05 0.00788922 -0.0315582 2 -371.598 -373.599 -429.871 numleaf: 5
diff Ev and lat fluw: 0.00805224
shape leaf 111 3.6 0.000218731 0.000218782
an calc 9.5039e-07 1.47791e-05 1.75711e-06 1.09588e-05 5.20625e-05 0.0002144 0.208025  3.4374e-05 0.21 0
forgco2 0.0133988 8e-06 0.899707 1.5 9.5039e-07 8.06719e-07 4.1696e-05
forJW, Jw 0.00223668 drout_in -57.2718 18.1481 15.8224 1010 18 1000
forpg 3.6 -7.02981e-05 0.00788922 -0.0315582 2 -373.599 -375.543 -431.843 numleaf: 6
diff Ev and lat fluw: 0.00805204
shape leaf 112 3.6 0.000218729 0.00021878
an calc 9.50383e-07 1.47789e-05 1.7571e-06 1.09588e-05 5.20625e-05 0.0002144 0.208025  3.4374e-05 0.21 0
forgco2 0.0133985 8e-06 0.899683 1.5 9.50383e-07 8.06719e-07 4.1696e-05
forJW, Jw 0.00223662 drout_in -57.2704 18.1481 15.8224 1010 18 1000
forpg 3.6 -7.02981e-05 0.00788922 -0.0315582 2 -375.543 -377.428 -433.756 numleaf: 7
diff Ev and lat fluw: 0.00805184
shape leaf 113 3.6 0.000218727 0.000218778
an calc 9.50376e-07 1.47788e-05 1.7571e-06 1.09588e-05 5.20625e-05 0.0002144 0.208025  3.4374e-05 0.21 0
forgco2 0.0133983 8e-06 0.89966 1.5 9.50376e-07 8.06719e-07 4.1696e-05
forJW, Jw 0.00223657 drout_in -57.2691 18.1481 15.8224 1010 18 1000
forpg 3.6 -7.02981e-05 0.00788922 -0.0315582 2 -377.428 -379.249 -435.607 numleaf: 8
diff Ev and lat fluw: 0.00805165
shape leaf 114 3.6 0.000218725 0.000218776
an calc 9.5037e-07 1.47787e-05 1.75709e-06 1.09588e-05 5.20625e-05 0.0002144 0.208025  3.4374e-05 0.21 0
forgco2 0.013398 8e-06 0.899637 1.5 9.5037e-07 8.06719e-07 4.1696e-05
forJW, Jw 0.00223652 drout_in -57.2678 18.1481 15.8224 1010 18 1000
forpg 3.6 -7.02981e-05 0.00788922 -0.0315582 2 -379.249 -381.025 -437.405 numleaf: 9
diff Ev and lat fluw: 0.00805146
shape leaf 115 3.6 0.000218724 0.000218775
an calc 9.50364e-07 1.47786e-05 1.75708e-06 1.09588e-05 5.20625e-05 0.0002144 0.208025  3.4374e-05 0.21 0
forgco2 0.0133978 8e-06 0.899616 1.5 9.50364e-07 8.06719e-07 4.1696e-05
forJW, Jw 0.00223647 drout_in -57.2665 18.1481 15.8224 1010 18 1000
forpg 3.6 -7.02981e-05 0.00788922 -0.0315582 2 -381.025 -382.752 -439.155 numleaf: 10
diff Ev and lat fluw: 0.00805129
shape leaf 122 0 0 0
an calc 0 0 0 1.09588e-05 5.20625e-05 0.0002144 0.208025  3.4374e-05 0.21 0
forgco2 0 8e-06 0 1.5 0 8.06719e-07 4.1696e-05
forJW, Jw 0 drout_in 361.932 18.1542 15.8224 1010 18 1000
forpg 0 -0 0 0 2 -360.937 -362.927 0 numleaf: 11
diff Ev and lat fluw: 0
shape leaf 123 0 0 0
an calc 0 0 0 1.09588e-05 5.20625e-05 0.0002144 0.208025  3.4374e-05 0.21 0
forgco2 0 8e-06 0 1.5 0 8.06719e-07 4.1696e-05
forJW, Jw 0 drout_in 363.922 18.1542 15.8224 1010 18 1000
forpg 0 -0 0 0 2 -362.927 -364.917 0 numleaf: 12
diff Ev and lat fluw: 0
shape leaf 124 0 0 0
an calc 0 0 0 1.09588e-05 5.20625e-05 0.0002144 0.208025  3.4374e-05 0.21 0
forgco2 0 8e-06 0 1.5 0 8.06719e-07 4.1696e-05
forJW, Jw 0 drout_in 365.912 18.1542 15.8224 1010 18 1000
forpg 0 -0 0 0 2 -364.917 -366.907 0 numleaf: 13
diff Ev and lat fluw: 0
shape leaf 125 0 0 0
an calc 0 0 0 1.09588e-05 5.20625e-05 0.0002144 0.208025  3.4374e-05 0.21 0
forgco2 0 8e-06 0 1.5 0 8.06719e-07 4.1696e-05
forJW, Jw 0 drout_in 367.607 18.1543 15.8224 1010 18 1000
forpg 0 -0 0 0 1.40774 -366.907 -368.307 0 numleaf: 14
diff Ev and lat fluw: 0
