shape leaf 105 0 0 0
an calc 0 0 0 1.09588e-05 5.20625e-05 0.0002144 0.208025  3.4374e-05 0.21 0
forgco2 0 8e-06 0 1.5 0 8.06719e-07 4.1696e-05
forJW, Jw 0 drout_in 512.485 18.1542 15.8224 1010 18 1000
forpg 0 -0 0 0 2 -511.36 -513.611 0 numleaf: 0
diff Ev and lat fluw: 0
shape leaf 106 0 0 0
an calc 0 0 0 1.09588e-05 5.20625e-05 0.0002144 0.208025  3.4374e-05 0.21 0
forgco2 0 8e-06 0 1.5 0 8.06719e-07 4.1696e-05
forJW, Jw 0 drout_in 514.736 18.1542 15.8224 1010 18 1000
forpg 0 -0 0 0 2 -513.611 -515.862 0 numleaf: 1
diff Ev and lat fluw: 0
shape leaf 107 0 0 0
an calc 0 0 0 1.09588e-05 5.20625e-05 0.0002144 0.208025  3.4374e-05 0.21 0
forgco2 0 8e-06 0 1.5 0 8.06719e-07 4.1696e-05
forJW, Jw 0 drout_in 516.988 18.1542 15.8224 1010 18 1000
forpg 0 -0 0 0 2 -515.862 -518.113 0 numleaf: 2
diff Ev and lat fluw: 0
shape leaf 108 0 0 0
an calc 0 0 0 1.09588e-05 5.20625e-05 0.0002144 0.208025  3.4374e-05 0.21 0
forgco2 0 8e-06 0 1.5 0 8.06719e-07 4.1696e-05
forJW, Jw 0 drout_in 519.239 18.1543 15.8224 1010 18 1000
forpg 0 -0 0 0 2 -518.113 -520.364 0 numleaf: 3
diff Ev and lat fluw: 0
shape leaf 109 3.6 0.000219226 0.000218554
an calc 9.49611e-07 1.4766e-05 1.75633e-06 1.09588e-05 5.20625e-05 0.0002144 0.208025  3.4374e-05 0.21 0
forgco2 0.0133696 8e-06 0.896992 1.5 9.49611e-07 8.06719e-07 4.1696e-05
forJW, Jw 0.00222783 drout_in -57.0454 18.1453 15.8224 1010 18 1000
forpg 3.6 -7.02981e-05 0.00788922 -0.0315582 2 -520.364 -522.496 -578.475 numleaf: 4
diff Ev and lat fluw: 0.0080202
shape leaf 110 3.6 0.000219226 0.000218554
an calc 9.49611e-07 1.4766e-05 1.75633e-06 1.09588e-05 5.20625e-05 0.0002144 0.208025  3.4374e-05 0.21 0
forgco2 0.0133696 8e-06 0.896992 1.5 9.49611e-07 8.06719e-07 4.1696e-05
forJW, Jw 0.00222786 drout_in -57.046 18.1453 15.8224 1010 18 1000
forpg 3.6 -7.02981e-05 0.00788922 -0.0315582 2 -522.496 -524.574 -580.581 numleaf: 5
diff Ev and lat fluw: 0.00802029
shape leaf 111 3.6 0.000219226 0.000218554
an calc 9.49611e-07 1.4766e-05 1.75633e-06 1.09588e-05 5.20625e-05 0.0002144 0.208025  3.4374e-05 0.21 0
forgco2 0.0133696 8e-06 0.896992 1.5 9.49611e-07 8.06719e-07 4.1696e-05
forJW, Jw 0.00222788 drout_in -57.0466 18.1453 15.8224 1010 18 1000
forpg 3.6 -7.02981e-05 0.00788922 -0.0315582 2 -524.574 -526.581 -582.624 numleaf: 6
diff Ev and lat fluw: 0.00802038
shape leaf 112 3.6 0.000219226 0.000218554
an calc 9.49611e-07 1.4766e-05 1.75633e-06 1.09588e-05 5.20625e-05 0.0002144 0.208025  3.4374e-05 0.21 0
forgco2 0.0133696 8e-06 0.896992 1.5 9.49611e-07 8.06719e-07 4.1696e-05
forJW, Jw 0.00222791 drout_in -57.0472 18.1453 15.8224 1010 18 1000
forpg 3.6 -7.02981e-05 0.00788922 -0.0315582 2 -526.581 -528.512 -584.594 numleaf: 7
diff Ev and lat fluw: 0.00802046
shape leaf 113 3.6 0.000219226 0.000218554
an calc 9.49611e-07 1.4766e-05 1.75633e-06 1.09588e-05 5.20625e-05 0.0002144 0.208025  3.4374e-05 0.21 0
forgco2 0.0133696 8e-06 0.896992 1.5 9.49611e-07 8.06719e-07 4.1696e-05
forJW, Jw 0.00222793 drout_in -57.0478 18.1454 15.8224 1010 18 1000
forpg 3.6 -7.02981e-05 0.00788922 -0.0315582 2 -528.512 -530.367 -586.487 numleaf: 8
diff Ev and lat fluw: 0.00802054
shape leaf 114 3.6 0.000219226 0.000218554
an calc 9.49611e-07 1.4766e-05 1.75633e-06 1.09588e-05 5.20625e-05 0.0002144 0.208025  3.4374e-05 0.21 0
forgco2 0.0133696 8e-06 0.896992 1.5 9.49611e-07 8.06719e-07 4.1696e-05
forJW, Jw 0.00222795 drout_in -57.0484 18.1454 15.8224 1010 18 1000
forpg 3.6 -7.02981e-05 0.00788922 -0.0315582 2 -530.367 -532.163 -588.313 numleaf: 9
diff Ev and lat fluw: 0.00802062
shape leaf 115 3.6 0.000219226 0.000218554
an calc 9.49611e-07 1.4766e-05 1.75633e-06 1.09588e-05 5.20625e-05 0.0002144 0.208025  3.4374e-05 0.21 0
forgco2 0.0133696 8e-06 0.896992 1.5 9.49611e-07 8.06719e-07 4.1696e-05
forJW, Jw 0.00222797 drout_in -57.049 18.1454 15.8224 1010 18 1000
forpg 3.6 -7.02981e-05 0.00788922 -0.0315582 2 -532.163 -533.897 -590.079 numleaf: 10
diff Ev and lat fluw: 0.0080207
shape leaf 122 0 0 0
an calc 0 0 0 1.09588e-05 5.20625e-05 0.0002144 0.208025  3.4374e-05 0.21 0
forgco2 0 8e-06 0 1.5 0 8.06719e-07 4.1696e-05
forJW, Jw 0 drout_in 512.322 18.1542 15.8224 1010 18 1000
forpg 0 -0 0 0 2 -511.327 -513.317 0 numleaf: 11
diff Ev and lat fluw: 0
shape leaf 123 0 0 0
an calc 0 0 0 1.09588e-05 5.20625e-05 0.0002144 0.208025  3.4374e-05 0.21 0
forgco2 0 8e-06 0 1.5 0 8.06719e-07 4.1696e-05
forJW, Jw 0 drout_in 514.312 18.1542 15.8224 1010 18 1000
forpg 0 -0 0 0 2 -513.317 -515.307 0 numleaf: 12
diff Ev and lat fluw: 0
shape leaf 124 0 0 0
an calc 0 0 0 1.09588e-05 5.20625e-05 0.0002144 0.208025  3.4374e-05 0.21 0
forgco2 0 8e-06 0 1.5 0 8.06719e-07 4.1696e-05
forJW, Jw 0 drout_in 516.302 18.1542 15.8224 1010 18 1000
forpg 0 -0 0 0 2 -515.307 -517.297 0 numleaf: 13
diff Ev and lat fluw: 0
shape leaf 125 0 0 0
an calc 0 0 0 1.09588e-05 5.20625e-05 0.0002144 0.208025  3.4374e-05 0.21 0
forgco2 0 8e-06 0 1.5 0 8.06719e-07 4.1696e-05
forJW, Jw 0 drout_in 517.997 18.1543 15.8224 1010 18 1000
forpg 0 -0 0 0 1.40774 -517.297 -518.697 0 numleaf: 14
diff Ev and lat fluw: 0
