shape leaf 105 0 0 0
an calc 0 0 0 1.09588e-05 5.20625e-05 0.0002144 0.208025  3.4374e-05 0.21 0
forgco2 0 8e-06 0 1.5 0 8.06719e-07 4.1696e-05
forJW, Jw 0 drout_in 305.372 18.1542 15.8224 1010 18 1000
forpg 0 -0 0 0 2 -304.315 -306.428 0 numleaf: 0
diff Ev and lat fluw: 0
shape leaf 106 0 0 0
an calc 0 0 0 1.09588e-05 5.20625e-05 0.0002144 0.208025  3.4374e-05 0.21 0
forgco2 0 8e-06 0 1.5 0 8.06719e-07 4.1696e-05
forJW, Jw 0 drout_in 307.484 18.1542 15.8224 1010 18 1000
forpg 0 -0 0 0 2 -306.428 -308.54 0 numleaf: 1
diff Ev and lat fluw: 0
shape leaf 107 0 0 0
an calc 0 0 0 1.09588e-05 5.20625e-05 0.0002144 0.208025  3.4374e-05 0.21 0
forgco2 0 8e-06 0 1.5 0 8.06719e-07 4.1696e-05
forJW, Jw 0 drout_in 309.597 18.1542 15.8224 1010 18 1000
forpg 0 -0 0 0 2 -308.54 -310.653 0 numleaf: 2
diff Ev and lat fluw: 0
shape leaf 108 0 0 0
an calc 0 0 0 1.09588e-05 5.20625e-05 0.0002144 0.208025  3.4374e-05 0.21 0
forgco2 0 8e-06 0 1.5 0 8.06719e-07 4.1696e-05
forJW, Jw 0 drout_in 311.709 18.1543 15.8224 1010 18 1000
forpg 0 -0 0 0 2 -310.653 -312.765 0 numleaf: 3
diff Ev and lat fluw: 0
shape leaf 109 3.6 0.000218822 0.000218867
an calc 9.50678e-07 1.47839e-05 1.7574e-06 1.09588e-05 5.20625e-05 0.0002144 0.208025  3.4374e-05 0.21 0
forgco2 0.0134096 8e-06 0.900715 1.5 9.50678e-07 8.06719e-07 4.1696e-05
forJW, Jw 0.00223995 drout_in -57.3558 18.1492 15.8224 1010 18 1000
forpg 3.6 -7.02981e-05 0.00788922 -0.0315582 2 -312.765 -314.769 -371.123 numleaf: 4
diff Ev and lat fluw: 0.00806384
shape leaf 110 3.6 0.00021882 0.000218865
an calc 9.50672e-07 1.47838e-05 1.75739e-06 1.09588e-05 5.20625e-05 0.0002144 0.208025  3.4374e-05 0.21 0
forgco2 0.0134093 8e-06 0.900691 1.5 9.50672e-07 8.06719e-07 4.1696e-05
forJW, Jw 0.0022399 drout_in -57.3543 18.1492 15.8224 1010 18 1000
forpg 3.6 -7.02981e-05 0.00788922 -0.0315582 2 -314.769 -316.74 -373.109 numleaf: 5
diff Ev and lat fluw: 0.00806364
shape leaf 111 3.6 0.000218818 0.000218863
an calc 9.50665e-07 1.47837e-05 1.75738e-06 1.09588e-05 5.20625e-05 0.0002144 0.208025  3.4374e-05 0.21 0
forgco2 0.0134091 8e-06 0.900668 1.5 9.50665e-07 8.06719e-07 4.1696e-05
forJW, Jw 0.00223985 drout_in -57.353 18.1492 15.8224 1010 18 1000
forpg 3.6 -7.02981e-05 0.00788922 -0.0315582 2 -316.74 -318.66 -375.053 numleaf: 6
diff Ev and lat fluw: 0.00806344
shape leaf 112 3.6 0.000218816 0.000218861
an calc 9.50658e-07 1.47836e-05 1.75738e-06 1.09588e-05 5.20625e-05 0.0002144 0.208025  3.4374e-05 0.21 0
forgco2 0.0134088 8e-06 0.900645 1.5 9.50658e-07 8.06719e-07 4.1696e-05
forJW, Jw 0.00223979 drout_in -57.3516 18.1492 15.8224 1010 18 1000
forpg 3.6 -7.02981e-05 0.00788922 -0.0315582 2 -318.66 -320.526 -376.944 numleaf: 7
diff Ev and lat fluw: 0.00806326
shape leaf 113 3.6 0.000218815 0.000218859
an calc 9.50652e-07 1.47835e-05 1.75737e-06 1.09588e-05 5.20625e-05 0.0002144 0.208025  3.4374e-05 0.21 0
forgco2 0.0134086 8e-06 0.900623 1.5 9.50652e-07 8.06719e-07 4.1696e-05
forJW, Jw 0.00223974 drout_in -57.3503 18.1492 15.8224 1010 18 1000
forpg 3.6 -7.02981e-05 0.00788922 -0.0315582 2 -320.526 -322.333 -378.78 numleaf: 8
diff Ev and lat fluw: 0.00806307
shape leaf 114 3.6 0.000218813 0.000218857
an calc 9.50646e-07 1.47834e-05 1.75736e-06 1.09588e-05 5.20625e-05 0.0002144 0.208025  3.4374e-05 0.21 0
forgco2 0.0134084 8e-06 0.900601 1.5 9.50646e-07 8.06719e-07 4.1696e-05
forJW, Jw 0.00223969 drout_in -57.3491 18.1492 15.8224 1010 18 1000
forpg 3.6 -7.02981e-05 0.00788922 -0.0315582 2 -322.333 -324.101 -380.566 numleaf: 9
diff Ev and lat fluw: 0.0080629
shape leaf 115 3.6 0.000218811 0.000218855
an calc 9.5064e-07 1.47833e-05 1.75736e-06 1.09588e-05 5.20625e-05 0.0002144 0.208025  3.4374e-05 0.21 0
forgco2 0.0134082 8e-06 0.90058 1.5 9.5064e-07 8.06719e-07 4.1696e-05
forJW, Jw 0.00223965 drout_in -57.3479 18.1492 15.8224 1010 18 1000
forpg 3.6 -7.02981e-05 0.00788922 -0.0315582 2 -324.101 -325.826 -382.312 numleaf: 10
diff Ev and lat fluw: 0.00806273
shape leaf 122 0 0 0
an calc 0 0 0 1.09588e-05 5.20625e-05 0.0002144 0.208025  3.4374e-05 0.21 0
forgco2 0 8e-06 0 1.5 0 8.06719e-07 4.1696e-05
forJW, Jw 0 drout_in 305.295 18.1542 15.8224 1010 18 1000
forpg 0 -0 0 0 2 -304.3 -306.29 0 numleaf: 11
diff Ev and lat fluw: 0
shape leaf 123 0 0 0
an calc 0 0 0 1.09588e-05 5.20625e-05 0.0002144 0.208025  3.4374e-05 0.21 0
forgco2 0 8e-06 0 1.5 0 8.06719e-07 4.1696e-05
forJW, Jw 0 drout_in 307.285 18.1542 15.8224 1010 18 1000
forpg 0 -0 0 0 2 -306.29 -308.28 0 numleaf: 12
diff Ev and lat fluw: 0
shape leaf 124 0 0 0
an calc 0 0 0 1.09588e-05 5.20625e-05 0.0002144 0.208025  3.4374e-05 0.21 0
forgco2 0 8e-06 0 1.5 0 8.06719e-07 4.1696e-05
forJW, Jw 0 drout_in 309.275 18.1542 15.8224 1010 18 1000
forpg 0 -0 0 0 2 -308.28 -310.27 0 numleaf: 13
diff Ev and lat fluw: 0
shape leaf 125 0 0 0
an calc 0 0 0 1.09588e-05 5.20625e-05 0.0002144 0.208025  3.4374e-05 0.21 0
forgco2 0 8e-06 0 1.5 0 8.06719e-07 4.1696e-05
forJW, Jw 0 drout_in 310.97 18.1543 15.8224 1010 18 1000
forpg 0 -0 0 0 1.40774 -310.27 -311.67 0 numleaf: 14
diff Ev and lat fluw: 0
