5.151178652409999e-06
1.0302357304819997e-05
1.5453535957229995e-05
2.0604714609639995e-05
2.5755893262049994e-05
3.090707191445999e-05
3.6058250566869986e-05
4.120942921927998e-05
4.636060787168998e-05
5.1511786524099975e-05
5.666296517650997e-05
6.181414382891997e-05
6.696532248132996e-05
7.211650113373996e-05
7.726767978614996e-05
8.241885843855995e-05
8.757003709096995e-05
9.272121574337994e-05
9.787239439578994e-05
0.00010302357304819994
0.00010817475170060993
0.00011332593035301993
0.00011847710900542992
0.00012362828765783993
0.00012877946631024994
0.00013393064496265995
0.00013908182361506996
0.00014423300226747997
0.00014938418091988998
0.0001545353595723
0.00015968653822471
0.00016483771687712
0.00016998889552953002
0.00017514007418194003
0.00018029125283435004
0.00018544243148676005
0.00019059361013917006
0.00019574478879158007
0.00020089596744399008
0.0002060471460964001
0.0002111983247488101
0.0002163495034012201
0.00022150068205363012
0.00022665186070604013
0.00023180303935845014
0.00023695421801086015
0.00024210539666327016
0.00024725657531568014
0.0002524077539680901
0.0002575589326205001
0.0002627101112729101
0.00026786128992532007
0.00027301246857773005
0.00027816364723014003
0.00028331482588255
0.00028846600453496
0.00029361718318737
0.00029876836183977996
0.00030391954049218995
0.00030907071914459993
0.0003142218977970099
0.0003193730764494199
0.0003245242551018299
0.00032967543375423986
0.00033482661240664984
0.0003399777910590598
0.0003451289697114698
0.0003502801483638798
0.00035543132701628977
0.00036058250566869975
0.00036573368432110974
0.0003708848629735197
0.0003760360416259297
0.0003811872202783397
0.00038633839893074967
0.00039148957758315965
0.00039664075623556963
0.0004017919348879796
0.0004069431135403896
0.0004120942921927996
0.00041724547084520956
0.00042239664949761955
0.00042754782815002953
0.0004326990068024395
0.0004378501854548495
0.0004430013641072595
0.00044815254275966946
0.00045330372141207944
0.0004584549000644894
0.0004636060787168994
0.0004687572573693094
0.00047390843602171937
0.00047905961467412935
0.00048421079332653934
0.0004893619719789494
0.0004945131506313594
0.0004996643292837694
0.0005048155079361795
0.0005099666865885895
0.0005151178652409996
0.0005202690438934096
0.0005254202225458196
0.0005305714011982297
0.0005357225798506397
0.0005408737585030497
0.0005460249371554598
0.0005511761158078698
0.0005563272944602799
0.0005614784731126899
0.0005666296517650999
0.00057178083041751
0.00057693200906992
0.00058208318772233
0.0005872343663747401
0.0005923855450271501
0.0005975367236795601
0.0006026879023319702
0.0006078390809843802
0.0006129902596367903
0.0006181414382892003
0.0006232926169416103
0.0006284437955940204
0.0006335949742464304
0.0006387461528988404
0.0006438973315512505
0.0006490485102036605
0.0006541996888560705
0.0006593508675084806
0.0006645020461608906
0.0006696532248133007
0.0006748044034657107
0.0006799555821181207
0.0006851067607705308
0.0006902579394229408
0.0006954091180753508
0.0007005602967277609
0.0007057114753801709
0.000710862654032581
0.000716013832684991
0.000721165011337401
0.0007263161899898111
0.0007314673686422211
0.0007366185472946311
0.0007417697259470412
