9.520833333333334
9.541666666666668
9.562500000000002
9.583333333333336
9.60416666666667
9.625000000000004
9.645833333333337
9.666666666666671
9.687500000000005
9.70833333333334
9.729166666666673
9.750000000000007
9.770833333333341
9.791666666666675
9.812500000000009
9.833333333333343
9.854166666666677
9.87500000000001
9.895833333333345
9.916666666666679
9.937500000000012
9.958333333333346
9.97916666666668
10.000000000000014
10.020833333333348
10.041666666666682
10.062500000000016
10.08333333333335
10.104166666666684
10.125000000000018
10.145833333333352
10.166666666666686
10.18750000000002
10.208333333333353
10.229166666666687
10.250000000000021
10.270833333333355
10.29166666666669
10.312500000000023
10.333333333333357
10.354166666666691
10.375000000000025
10.395833333333359
10.416666666666693
10.437500000000027
10.45833333333336
10.479166666666694
10.500000000000028
10.520833333333362
10.541666666666696
10.56250000000003
10.583333333333364
10.604166666666698
10.625000000000032
10.645833333333366
10.6666666666667
10.687500000000034
10.708333333333368
10.729166666666702
10.750000000000036
10.77083333333337
10.791666666666703
10.812500000000037
10.833333333333371
10.854166666666705
10.875000000000039
10.895833333333373
10.916666666666707
10.93750000000004
10.958333333333375
10.979166666666709
11.000000000000043
11.020833333333377
11.04166666666671
11.062500000000044
11.083333333333378
11.104166666666712
11.125000000000046
11.14583333333338
11.166666666666714
11.187500000000048
11.208333333333382
11.229166666666716
11.25000000000005
11.270833333333384
11.291666666666718
11.312500000000052
11.333333333333385
11.35416666666672
11.375000000000053
11.395833333333387
11.416666666666721
11.437500000000055
11.458333333333389
11.479166666666723
11.500000000000057
11.52083333333339
11.541666666666725
11.562500000000059
11.583333333333393
11.604166666666726
11.62500000000006
11.645833333333394
11.666666666666728
11.687500000000062
11.708333333333396
11.72916666666673
11.750000000000064
11.770833333333398
11.791666666666732
11.812500000000066
11.8333333333334
11.854166666666734
11.875000000000068
11.895833333333401
11.916666666666735
11.93750000000007
11.958333333333403
11.979166666666737
12.000000000000071
12.020833333333405
12.041666666666739
12.062500000000073
12.083333333333407
12.10416666666674
12.125000000000075
12.145833333333409
12.166666666666742
12.187500000000076
12.20833333333341
12.229166666666744
12.250000000000078
12.270833333333412
12.291666666666746
12.31250000000008
12.333333333333414
12.354166666666748
12.375000000000082
12.395833333333416
12.41666666666675
12.437500000000083
12.458333333333417
12.479166666666751
12.500000000000085
