S1:[ 1.65179802e-01  7.98282674e-04 -2.60953534e-04  3.87128946e-05
 -1.83175189e-04  1.81597828e-01  2.22414114e-03  2.71939313e-02
  1.22704431e-01  1.76319567e-01  1.99758481e-02  1.04016888e-01
  1.39235893e-02  2.52740355e-03 -4.37708195e-06  3.94674814e-05
  1.80974939e-03]
S1_conf:[4.12967912e-02 6.64534942e-03 2.83206897e-04 7.58207845e-04
 2.68722141e-03 3.66908994e-02 4.55028739e-03 1.41144200e-02
 2.84027890e-02 4.81855521e-02 1.51420099e-02 2.96896544e-02
 1.01603298e-02 2.54671104e-03 7.89780091e-06 4.56224617e-05
 1.78349427e-03]
ST:[2.49235479e-01 5.14233477e-03 5.17724236e-06 8.47752308e-05
 9.32710437e-04 2.37967421e-01 2.68536945e-03 2.81890328e-02
 1.55252936e-01 3.04360723e-01 2.43137024e-02 1.21170463e-01
 1.49113563e-02 6.25860982e-04 1.48955495e-08 4.01061861e-07
 3.74936316e-04]
ST_conf:[3.61605233e-02 1.10271985e-03 2.76255552e-06 2.94207293e-05
 3.33390563e-04 3.33618021e-02 3.73805076e-04 4.82667145e-03
 2.46741919e-02 5.03872401e-02 4.65975600e-03 1.44655445e-02
 2.04414994e-03 8.68454312e-05 1.15529788e-08 1.60810229e-07
 1.21412751e-04]
S2:[[            nan  2.49700595e-02  2.40263245e-02  2.39562021e-02
   2.42147402e-02  2.85084426e-02  2.41888693e-02  2.39346637e-02
   2.00519961e-02  3.95813827e-02  2.77383940e-02  3.97612007e-02
   2.18737644e-02  2.42876436e-02  2.40843580e-02  2.41059788e-02
   2.42230595e-02]
 [            nan             nan -1.07752085e-03 -1.03476314e-03
  -7.48398471e-04 -1.11439433e-03 -1.24542502e-03 -7.42662182e-04
  -7.43315270e-04  2.84065701e-04 -1.41189954e-03 -6.37755393e-04
  -6.90265543e-04 -1.11258334e-03 -1.05146354e-03 -1.04963749e-03
  -9.26249330e-04]
 [            nan             nan             nan  4.43997500e-04
   4.49400456e-04  2.45924111e-04  4.33530571e-04  4.18904388e-04
   3.90019979e-04  4.65919526e-04  4.49943938e-04  4.79931828e-04
   4.48990306e-04  4.47717302e-04  4.44098841e-04  4.44052303e-04
   4.44264035e-04]
 [            nan             nan             nan             nan
   5.96811359e-05  1.52318258e-04  5.91617699e-05  1.24229862e-04
   7.16088408e-05  4.52488735e-05 -1.28745546e-06 -7.16752403e-06
   4.21252053e-05  3.40611573e-05  3.44578268e-05  3.42984727e-05
   3.26798736e-05]
 [            nan             nan             nan             nan
              nan  1.86315916e-03  1.57739212e-03  1.31520203e-03
   7.14784755e-04  1.71197494e-03  1.41539069e-03  1.36008965e-03
   1.44125913e-03  1.46920978e-03  1.48667816e-03  1.48481504e-03
   1.54307195e-03]
 [            nan             nan             nan             nan
              nan             nan -3.41294332e-03 -3.67348639e-03
   1.03335047e-02  2.41964361e-02 -7.66872825e-03  6.79466618e-04
  -2.32904058e-03 -3.76371420e-03 -3.92937844e-03 -3.92751736e-03
  -4.43031492e-03]
 [            nan             nan             nan             nan
              nan             nan             nan -3.72949622e-05
  -1.09917036e-03  9.86015879e-04 -1.00056846e-04 -1.78604314e-04
  -1.16111114e-05 -2.49777877e-05 -5.40469785e-05 -5.08359062e-05
  -8.78324918e-05]
 [            nan             nan             nan             nan
              nan             nan             nan             nan
  -9.30253817e-03 -1.34896265e-03 -1.10013541e-02 -1.11886926e-02
  -8.55163173e-03 -1.10959710e-02 -1.12000535e-02 -1.12022389e-02
  -1.14264836e-02]
 [            nan             nan             nan             nan
              nan             nan             nan             nan
              nan -9.61467914e-04 -2.12308302e-02 -9.86222377e-03
  -1.63282991e-02 -1.66845804e-02 -1.72949348e-02 -1.73009400e-02
  -1.73761501e-02]
 [            nan             nan             nan             nan
              nan             nan             nan             nan
              nan             nan  3.36755288e-03  1.97874651e-02
   1.34690556e-02  1.20465287e-02  1.18213765e-02  1.17857362e-02
   1.08788026e-02]
 [            nan             nan             nan             nan
              nan             nan             nan             nan
              nan             nan             nan -1.43488980e-03
  -1.31703322e-03 -1.65468428e-03 -1.76136096e-03 -1.76654349e-03
  -1.56380334e-03]
 [            nan             nan             nan             nan
              nan             nan             nan             nan
              nan             nan             nan             nan
  -3.65023185e-02 -3.80556605e-02 -3.69525905e-02 -3.69597929e-02
  -3.71793427e-02]
 [            nan             nan             nan             nan
              nan             nan             nan             nan
              nan             nan             nan             nan
              nan -7.40644682e-03 -7.31381577e-03 -7.31412630e-03
  -7.44332749e-03]
 [            nan             nan             nan             nan
              nan             nan             nan             nan
              nan             nan             nan             nan
              nan             nan -3.43686764e-03 -3.43629012e-03
  -3.42821427e-03]
 [            nan             nan             nan             nan
              nan             nan             nan             nan
              nan             nan             nan             nan
              nan             nan             nan  5.06975221e-06
   5.38155705e-06]
 [            nan             nan             nan             nan
              nan             nan             nan             nan
              nan             nan             nan             nan
              nan             nan             nan             nan
  -5.63077175e-05]
 [            nan             nan             nan             nan
              nan             nan             nan             nan
              nan             nan             nan             nan
              nan             nan             nan             nan
              nan]]
S2_conf:[[           nan 5.77573091e-02 5.73951823e-02 5.74014761e-02
  5.73118481e-02 7.38000173e-02 5.71342327e-02 6.23362449e-02
  6.47454107e-02 6.33433919e-02 5.88521452e-02 6.20969071e-02
  5.66675580e-02 5.76101675e-02 5.74124068e-02 5.74151291e-02
  5.73584916e-02]
 [           nan            nan 9.88684020e-03 9.90089128e-03
  9.95107944e-03 1.17504392e-02 9.84304712e-03 1.05503763e-02
  1.10789023e-02 1.00797815e-02 1.02253590e-02 1.09468193e-02
  9.81246850e-03 9.94824379e-03 9.90727566e-03 9.90966302e-03
  9.98910963e-03]
 [           nan            nan            nan 3.29253858e-04
  3.30704930e-04 3.30430312e-04 3.31103381e-04 3.33487004e-04
  3.45046730e-04 3.33357458e-04 3.31257918e-04 3.52261942e-04
  3.26703646e-04 3.30492142e-04 3.29544921e-04 3.29614944e-04
  3.31387886e-04]
 [           nan            nan            nan            nan
  1.13889057e-03 1.19340815e-03 1.13841960e-03 1.15935689e-03
  1.14123175e-03 1.19884291e-03 1.14345723e-03 1.17811581e-03
  1.10971861e-03 1.14289430e-03 1.14001588e-03 1.13997663e-03
  1.13704131e-03]
 [           nan            nan            nan            nan
             nan 3.76852824e-03 3.29167431e-03 3.32099626e-03
  3.57389953e-03 3.37577470e-03 3.29858942e-03 3.40384556e-03
  3.34907977e-03 3.29370138e-03 3.28384692e-03 3.28404685e-03
  3.29847881e-03]
 [           nan            nan            nan            nan
             nan            nan 5.16460694e-02 5.27741182e-02
  6.42327025e-02 5.58400466e-02 5.25133867e-02 5.79762086e-02
  5.29916336e-02 5.18719680e-02 5.16723818e-02 5.16770668e-02
  5.16661905e-02]
 [           nan            nan            nan            nan
             nan            nan            nan 6.86796669e-03
  6.65051354e-03 6.50946278e-03 6.57859421e-03 7.65116595e-03
  6.77339749e-03 6.63816009e-03 6.61688645e-03 6.61721004e-03
  6.61641719e-03]
 [           nan            nan            nan            nan
             nan            nan            nan            nan
  2.35345058e-02 2.53102091e-02 2.12645247e-02 2.23474833e-02
  2.15868350e-02 2.09045521e-02 2.07915122e-02 2.07929489e-02
  2.08544158e-02]
 [           nan            nan            nan            nan
             nan            nan            nan            nan
             nan 4.04015133e-02 3.57754982e-02 4.25397478e-02
  3.83010937e-02 3.64797772e-02 3.61414050e-02 3.61391766e-02
  3.63614083e-02]
 [           nan            nan            nan            nan
             nan            nan            nan            nan
             nan            nan 7.17040140e-02 7.00669960e-02
  7.39175504e-02 7.26683219e-02 7.26592372e-02 7.26583168e-02
  7.26693562e-02]
 [           nan            nan            nan            nan
             nan            nan            nan            nan
             nan            nan            nan 2.55770985e-02
  2.30822031e-02 2.32997912e-02 2.31870199e-02 2.31889075e-02
  2.32745684e-02]
 [           nan            nan            nan            nan
             nan            nan            nan            nan
             nan            nan            nan            nan
  4.71782816e-02 4.71375268e-02 4.68920712e-02 4.68931164e-02
  4.68886479e-02]
 [           nan            nan            nan            nan
             nan            nan            nan            nan
             nan            nan            nan            nan
             nan 1.62306377e-02 1.62010972e-02 1.62011482e-02
  1.62463619e-02]
 [           nan            nan            nan            nan
             nan            nan            nan            nan
             nan            nan            nan            nan
             nan            nan 3.61766575e-03 3.61777211e-03
  3.62046645e-03]
 [           nan            nan            nan            nan
             nan            nan            nan            nan
             nan            nan            nan            nan
             nan            nan            nan 9.26336797e-06
  9.24490185e-06]
 [           nan            nan            nan            nan
             nan            nan            nan            nan
             nan            nan            nan            nan
             nan            nan            nan            nan
  7.06955252e-05]
 [           nan            nan            nan            nan
             nan            nan            nan            nan
             nan            nan            nan            nan
             nan            nan            nan            nan
             nan]]
