S1:[ 2.84866717e-01  3.03054534e-02  3.36759410e-03  1.58900077e-02
  7.87144360e-03  2.77530950e-01  9.76679217e-03  2.56751581e-02
  2.13860919e-03  7.75702360e-03 -6.35263922e-03  1.04253332e-02
 -5.85138220e-04  9.10399826e-06  2.10718280e-03  1.24694406e-06
  3.46955550e-04]
S1_conf:[3.97246308e-02 2.26788955e-02 3.65993582e-03 1.38701063e-02
 1.39959990e-02 4.36236325e-02 6.81268334e-03 4.04096551e-02
 1.13772531e-02 8.25262636e-03 7.00406793e-03 1.79409103e-02
 4.15578911e-03 1.05448366e-05 1.10484826e-02 2.45364670e-06
 6.23459232e-04]
ST:[5.30067974e-01 1.83105872e-01 1.03182957e-02 7.77927605e-02
 9.96620784e-02 5.77101285e-01 2.51548143e-02 3.34402330e-01
 4.70660851e-02 2.34999397e-02 1.87365727e-02 1.38767704e-01
 1.12942639e-02 2.72241941e-08 6.52418436e-02 1.78263790e-09
 6.18794523e-05]
ST_conf:[5.34114559e-02 4.42141986e-02 1.07696360e-02 2.98590090e-02
 2.86015307e-02 6.41666472e-02 1.31832288e-02 4.34230702e-02
 9.56573055e-03 8.44702279e-03 7.03602398e-03 4.85715604e-02
 1.22279304e-02 6.79847441e-09 2.14907507e-02 1.27137728e-09
 1.12299964e-04]
S2:[[            nan -2.64281207e-02 -2.92697059e-02 -2.71222709e-02
  -2.59503353e-02  2.17043406e-02 -3.23423341e-02 -2.98328391e-02
  -2.14545783e-02 -2.75029681e-02 -1.70966549e-02 -2.66645642e-02
  -2.80346673e-02 -2.64559875e-02 -3.04401927e-02 -2.64445380e-02
  -2.68306802e-02]
 [            nan             nan -5.72698183e-03 -5.44114501e-03
  -5.07974100e-03  1.31312018e-02 -8.06239069e-03  2.11142106e-03
  -3.28367742e-03 -6.84122106e-03 -9.09810690e-03 -1.00315359e-02
  -7.58256078e-03 -6.79699544e-03 -5.05633301e-03 -6.80154416e-03
  -6.87740863e-03]
 [            nan             nan             nan -6.53800574e-03
  -6.74257729e-03 -6.77263485e-03 -6.48393086e-03 -8.77469714e-03
  -7.02033311e-03 -6.53203057e-03 -6.43421770e-03 -6.19433697e-03
  -6.52698082e-03 -6.52666431e-03 -6.49414194e-03 -6.52901249e-03
  -6.52683965e-03]
 [            nan             nan             nan             nan
  -2.43877295e-02 -2.80506067e-02 -3.20190062e-02 -3.92253653e-02
  -2.85633090e-02 -3.35525605e-02 -3.21743635e-02 -2.91236390e-02
  -3.12092555e-02 -3.12879501e-02 -3.14184286e-02 -3.12885079e-02
  -3.12902701e-02]
 [            nan             nan             nan             nan
              nan -2.45712621e-02 -1.41558025e-02 -1.83866946e-02
  -1.49288470e-02 -1.70744941e-02 -1.39144019e-02 -1.98278864e-02
  -1.52780636e-02 -1.52644656e-02 -1.70173996e-02 -1.52617881e-02
  -1.52647753e-02]
 [            nan             nan             nan             nan
              nan             nan -2.50766960e-02 -1.31508890e-02
  -1.61103642e-02 -2.25773192e-02 -1.51318874e-02 -1.13887548e-02
  -1.66435329e-02 -1.90116621e-02 -2.76992014e-02 -1.90158445e-02
  -1.88941966e-02]
 [            nan             nan             nan             nan
              nan             nan             nan -2.56222297e-02
  -2.05104419e-02 -2.18836135e-02 -1.99818522e-02 -1.98381695e-02
  -2.08407739e-02 -2.09495309e-02 -2.00912857e-02 -2.09528203e-02
  -2.09343787e-02]
 [            nan             nan             nan             nan
              nan             nan             nan             nan
  -2.37378891e-03 -2.63520841e-02 -1.77836905e-02 -2.16963617e-02
  -2.53524832e-02 -2.11534574e-02 -2.54829250e-02 -2.11508053e-02
  -2.12683686e-02]
 [            nan             nan             nan             nan
              nan             nan             nan             nan
              nan -3.43209282e-03 -6.83028741e-04  8.11794896e-04
  -2.75010128e-03 -3.46555535e-03  1.14709498e-03 -3.46402337e-03
  -3.46069108e-03]
 [            nan             nan             nan             nan
              nan             nan             nan             nan
              nan             nan -1.13893201e-02 -1.13354438e-02
  -1.16211777e-02 -1.15987004e-02 -1.09205820e-02 -1.15997031e-02
  -1.15992681e-02]
 [            nan             nan             nan             nan
              nan             nan             nan             nan
              nan             nan             nan -2.07301522e-03
  -8.25064529e-04 -8.44093191e-04 -1.49692951e-03 -8.43989912e-04
  -8.43010684e-04]
 [            nan             nan             nan             nan
              nan             nan             nan             nan
              nan             nan             nan             nan
  -8.18486156e-03 -9.22135582e-03 -8.51778882e-03 -9.21947030e-03
  -9.21370753e-03]
 [            nan             nan             nan             nan
              nan             nan             nan             nan
              nan             nan             nan             nan
              nan -3.84935153e-03 -4.37204460e-03 -3.85190308e-03
  -3.85098173e-03]
 [            nan             nan             nan             nan
              nan             nan             nan             nan
              nan             nan             nan             nan
              nan             nan -4.42574678e-06 -3.53702194e-06
  -3.58721289e-06]
 [            nan             nan             nan             nan
              nan             nan             nan             nan
              nan             nan             nan             nan
              nan             nan             nan -1.70032208e-02
  -1.70031358e-02]
 [            nan             nan             nan             nan
              nan             nan             nan             nan
              nan             nan             nan             nan
              nan             nan             nan             nan
  -6.97879578e-06]
 [            nan             nan             nan             nan
              nan             nan             nan             nan
              nan             nan             nan             nan
              nan             nan             nan             nan
              nan]]
S2_conf:[[           nan 5.91872198e-02 5.80425529e-02 5.80270931e-02
  5.77390192e-02 6.59903289e-02 5.78881097e-02 7.31610934e-02
  5.74027109e-02 5.87428352e-02 5.94328227e-02 5.65337673e-02
  5.88447066e-02 5.82933256e-02 5.86548869e-02 5.82941945e-02
  5.83050490e-02]
 [           nan            nan 2.90819458e-02 3.17905191e-02
  2.83940173e-02 3.76413267e-02 2.90774282e-02 3.40103700e-02
  2.86886620e-02 2.90952954e-02 2.89472413e-02 2.90582404e-02
  2.91412644e-02 2.88057293e-02 2.98521542e-02 2.88052557e-02
  2.88254346e-02]
 [           nan            nan            nan 6.38383908e-03
  6.67305826e-03 5.63709586e-03 6.61754254e-03 9.61957847e-03
  6.59907474e-03 6.53309400e-03 6.53586855e-03 6.11754324e-03
  6.55798175e-03 6.52773193e-03 6.52742612e-03 6.53063361e-03
  6.52700984e-03]
 [           nan            nan            nan            nan
  2.01944814e-02 2.15299661e-02 1.76071058e-02 2.38895831e-02
  1.73706663e-02 1.83186165e-02 1.81584441e-02 1.72970190e-02
  1.76113258e-02 1.75961244e-02 1.77889979e-02 1.75964760e-02
  1.75963471e-02]
 [           nan            nan            nan            nan
             nan 2.28102522e-02 1.71784460e-02 2.27182569e-02
  1.79151688e-02 1.77491481e-02 1.68156917e-02 1.97846221e-02
  1.69549121e-02 1.69834753e-02 1.76735853e-02 1.69836464e-02
  1.69842719e-02]
 [           nan            nan            nan            nan
             nan            nan 5.16494779e-02 6.12045038e-02
  5.35577076e-02 5.06841780e-02 5.29006690e-02 5.35306219e-02
  5.22997760e-02 5.21315784e-02 5.39121230e-02 5.21324911e-02
  5.21085361e-02]
 [           nan            nan            nan            nan
             nan            nan            nan 1.45156587e-02
  1.10760706e-02 1.19057634e-02 1.03109711e-02 1.13867082e-02
  1.13246152e-02 1.12655596e-02 1.16364073e-02 1.12674132e-02
  1.12646871e-02]
 [           nan            nan            nan            nan
             nan            nan            nan            nan
  5.17382057e-02 5.17574619e-02 5.17560699e-02 5.34041907e-02
  5.21114980e-02 5.10453682e-02 5.17357125e-02 5.10454188e-02
  5.10520955e-02]
 [           nan            nan            nan            nan
             nan            nan            nan            nan
             nan 1.78004046e-02 1.77896350e-02 1.69527182e-02
  1.68926726e-02 1.69827947e-02 1.65309268e-02 1.69842173e-02
  1.69842451e-02]
 [           nan            nan            nan            nan
             nan            nan            nan            nan
             nan            nan 1.33929396e-02 1.31308886e-02
  1.30192327e-02 1.30105540e-02 1.28623424e-02 1.30106433e-02
  1.30106347e-02]
 [           nan            nan            nan            nan
             nan            nan            nan            nan
             nan            nan            nan 1.25972173e-02
  1.21482293e-02 1.21562076e-02 1.20609600e-02 1.21560424e-02
  1.21565336e-02]
 [           nan            nan            nan            nan
             nan            nan            nan            nan
             nan            nan            nan            nan
  2.87409400e-02 2.85852507e-02 2.96128441e-02 2.85846289e-02
  2.85823189e-02]
 [           nan            nan            nan            nan
             nan            nan            nan            nan
             nan            nan            nan            nan
             nan 1.24084003e-02 1.23567423e-02 1.24091159e-02
  1.24059385e-02]
 [           nan            nan            nan            nan
             nan            nan            nan            nan
             nan            nan            nan            nan
             nan            nan 1.65608158e-05 1.61612150e-05
  1.61858083e-05]
 [           nan            nan            nan            nan
             nan            nan            nan            nan
             nan            nan            nan            nan
             nan            nan            nan 1.57992826e-02
  1.57992942e-02]
 [           nan            nan            nan            nan
             nan            nan            nan            nan
             nan            nan            nan            nan
             nan            nan            nan            nan
  5.99213110e-06]
 [           nan            nan            nan            nan
             nan            nan            nan            nan
             nan            nan            nan            nan
             nan            nan            nan            nan
             nan]]
