S1:[ 1.78053934e-01  3.02994393e-03 -4.45651932e-05 -9.64018787e-05
  7.16937607e-04  1.84752641e-01  1.64248791e-03  2.56731845e-02
  1.22378311e-01  2.01131080e-01  1.58836511e-02  1.03040816e-01
  1.18555099e-02  8.40853198e-04  0.00000000e+00 -3.74169451e-06
  1.39582407e-03]
S1_conf:[2.31867285e-02 3.06271508e-03 1.08781937e-04 5.19896559e-04
 1.76571504e-03 2.08888261e-02 2.44044483e-03 7.60087647e-03
 1.63543597e-02 2.29918480e-02 6.67315243e-03 1.65056822e-02
 5.27623127e-03 9.15907764e-04 0.00000000e+00 1.50946604e-05
 1.65701848e-03]
ST:[2.48364483e-01 5.16821672e-03 6.37565872e-06 1.64322740e-04
 1.90852136e-03 2.51708165e-01 2.82060427e-03 3.12020784e-02
 1.65921533e-01 3.04521396e-01 2.46716467e-02 1.32544716e-01
 1.55648519e-02 6.27306517e-04 0.00000000e+00 1.05339251e-07
 1.10250243e-03]
ST_conf:[1.74337969e-02 5.93834912e-04 1.07765541e-06 2.83870328e-05
 2.08080546e-04 1.89762536e-02 2.01139377e-04 2.29694320e-03
 1.41936912e-02 2.84044438e-02 1.94131520e-03 8.42522543e-03
 1.09206860e-03 4.48729032e-05 0.00000000e+00 1.79207841e-08
 1.82575456e-04]
S2:[[            nan -2.36826375e-04  1.10806658e-03  1.32808899e-03
   2.28946952e-03  1.15227488e-02  1.24249873e-03  3.38785275e-03
   7.81448621e-03  3.35636404e-02  9.01952236e-04  1.01664154e-02
   2.71235462e-03  6.13875121e-04  1.17838526e-03  1.17858049e-03
   1.19460658e-03]
 [            nan             nan -2.37972366e-04 -2.25740448e-04
  -2.95565104e-04 -7.12004870e-06 -1.85102089e-04 -5.12775804e-04
   5.00282083e-04  2.06245766e-04 -3.31203992e-04  4.47438387e-04
  -1.51034673e-04 -2.17992434e-04 -2.38186247e-04 -2.38845334e-04
  -2.84100058e-04]
 [            nan             nan             nan  3.68388362e-05
   3.53535016e-05  7.59576594e-05  3.61152999e-05  2.94427298e-05
   4.77683891e-05  1.35496625e-04  4.43007527e-05  3.66109847e-05
   4.11936353e-05  3.68048554e-05  3.69169849e-05  3.69430766e-05
   3.68616318e-05]
 [            nan             nan             nan             nan
   7.78011047e-05  1.37053798e-04  4.27841046e-05  1.76399475e-04
   1.36036381e-04  8.72187615e-05  8.01273978e-05  3.19884777e-05
   5.02905577e-05  2.75163776e-05  2.93143992e-05  2.93593221e-05
   3.30664825e-05]
 [            nan             nan             nan             nan
              nan -2.28978964e-04 -2.02246877e-04 -3.89833365e-04
   1.47740176e-03  7.34549050e-04 -1.24999063e-04  2.87678629e-04
  -2.48859120e-04 -2.51526937e-04 -2.42574610e-04 -2.42599252e-04
  -2.86912623e-05]
 [            nan             nan             nan             nan
              nan             nan -7.82997118e-04 -1.71433699e-03
   1.69326086e-03  2.75610793e-02  1.75777739e-03  6.69591733e-03
  -1.90353848e-03 -1.97507519e-03 -2.23726290e-03 -2.23954851e-03
  -2.36382289e-03]
 [            nan             nan             nan             nan
              nan             nan             nan -5.72610931e-04
  -6.51756826e-04 -1.66174323e-03 -6.10485756e-04 -3.56094359e-04
  -5.07981775e-04 -5.83502074e-04 -6.09060233e-04 -6.09275077e-04
  -6.06713132e-04]
 [            nan             nan             nan             nan
              nan             nan             nan             nan
  -3.24977920e-03 -2.17644778e-03 -4.24615749e-03 -4.53506806e-03
  -4.29290108e-03 -4.35482105e-03 -4.39339497e-03 -4.39335791e-03
  -4.55438496e-03]
 [            nan             nan             nan             nan
              nan             nan             nan             nan
              nan  2.04888625e-02 -1.03675863e-03  3.12038808e-03
  -1.23237457e-03 -7.20790192e-04 -9.70146297e-04 -9.76892854e-04
  -1.09543099e-03]
 [            nan             nan             nan             nan
              nan             nan             nan             nan
              nan             nan -3.74135235e-03  1.94760377e-03
  -2.54434685e-03 -3.19143110e-03 -2.89070252e-03 -2.89953884e-03
  -3.08924240e-03]
 [            nan             nan             nan             nan
              nan             nan             nan             nan
              nan             nan             nan -2.24684933e-03
  -9.38088446e-04 -8.25882816e-04 -7.68842848e-04 -7.72456922e-04
  -5.15468764e-04]
 [            nan             nan             nan             nan
              nan             nan             nan             nan
              nan             nan             nan             nan
  -2.65622254e-03 -3.75805413e-03 -3.82578458e-03 -3.81982363e-03
  -3.83449394e-03]
 [            nan             nan             nan             nan
              nan             nan             nan             nan
              nan             nan             nan             nan
              nan -9.35837678e-04 -9.45817488e-04 -9.46650026e-04
  -8.04030610e-04]
 [            nan             nan             nan             nan
              nan             nan             nan             nan
              nan             nan             nan             nan
              nan             nan -9.90886318e-04 -9.90842118e-04
  -9.87210975e-04]
 [            nan             nan             nan             nan
              nan             nan             nan             nan
              nan             nan             nan             nan
              nan             nan             nan  1.09182547e-18
   8.67361738e-19]
 [            nan             nan             nan             nan
              nan             nan             nan             nan
              nan             nan             nan             nan
              nan             nan             nan             nan
   1.17244789e-05]
 [            nan             nan             nan             nan
              nan             nan             nan             nan
              nan             nan             nan             nan
              nan             nan             nan             nan
              nan]]
S2_conf:[[           nan 3.25938285e-02 3.24939256e-02 3.25342542e-02
  3.25571928e-02 3.61342451e-02 3.27624069e-02 3.27027064e-02
  3.79419925e-02 3.27107389e-02 3.21288196e-02 3.75593126e-02
  3.30644357e-02 3.24437536e-02 3.25006201e-02 3.24999076e-02
  3.25133937e-02]
 [           nan            nan 4.73746945e-03 4.73493616e-03
  4.72141871e-03 5.63069450e-03 4.80835384e-03 4.91375943e-03
  5.19883778e-03 4.82327390e-03 4.91942498e-03 5.24300587e-03
  4.82249426e-03 4.74490499e-03 4.73484150e-03 4.73491176e-03
  4.75634491e-03]
 [           nan            nan            nan 1.56329497e-04
  1.55467307e-04 1.70209256e-04 1.56955141e-04 1.59071010e-04
  1.72452548e-04 1.66665087e-04 1.56818734e-04 1.67955010e-04
  1.61915103e-04 1.56962921e-04 1.56372289e-04 1.56368214e-04
  1.55720113e-04]
 [           nan            nan            nan            nan
  7.78994956e-04 7.95434043e-04 7.79090084e-04 7.90286895e-04
  8.16397712e-04 7.82247609e-04 8.07202046e-04 8.24296728e-04
  7.79736123e-04 7.76621440e-04 7.77735113e-04 7.77713130e-04
  7.78156964e-04]
 [           nan            nan            nan            nan
             nan 3.01970089e-03 2.47395535e-03 2.53595803e-03
  2.56383209e-03 2.41550312e-03 2.48504569e-03 2.81129644e-03
  2.41986753e-03 2.43701269e-03 2.43703103e-03 2.43715560e-03
  2.43222526e-03]
 [           nan            nan            nan            nan
             nan            nan 2.96298720e-02 3.00874610e-02
  3.26214943e-02 3.04636967e-02 3.10549417e-02 3.00843748e-02
  2.97219985e-02 2.94825482e-02 2.94560806e-02 2.94565215e-02
  2.95582788e-02]
 [           nan            nan            nan            nan
             nan            nan            nan 3.30011328e-03
  3.54545301e-03 3.49696540e-03 3.19906962e-03 3.33432909e-03
  3.28522238e-03 3.23115557e-03 3.24867437e-03 3.24884292e-03
  3.25276774e-03]
 [           nan            nan            nan            nan
             nan            nan            nan            nan
  1.27909843e-02 1.14810542e-02 1.13095409e-02 1.23627656e-02
  1.13488595e-02 1.13741038e-02 1.12774728e-02 1.12781229e-02
  1.12981493e-02]
 [           nan            nan            nan            nan
             nan            nan            nan            nan
             nan 2.27705661e-02 2.04732094e-02 2.26608875e-02
  2.00973134e-02 2.05596582e-02 2.05203147e-02 2.05202153e-02
  2.05232084e-02]
 [           nan            nan            nan            nan
             nan            nan            nan            nan
             nan            nan 2.42497653e-02 2.57630429e-02
  2.41429076e-02 2.33893530e-02 2.34032763e-02 2.34038302e-02
  2.33793476e-02]
 [           nan            nan            nan            nan
             nan            nan            nan            nan
             nan            nan            nan 1.18268916e-02
  1.04760642e-02 1.06134247e-02 1.06137343e-02 1.06118343e-02
  1.07572246e-02]
 [           nan            nan            nan            nan
             nan            nan            nan            nan
             nan            nan            nan            nan
  2.42096705e-02 2.42404944e-02 2.42201663e-02 2.42189700e-02
  2.43306205e-02]
 [           nan            nan            nan            nan
             nan            nan            nan            nan
             nan            nan            nan            nan
             nan 8.50140879e-03 8.47974581e-03 8.47961094e-03
  8.56302559e-03]
 [           nan            nan            nan            nan
             nan            nan            nan            nan
             nan            nan            nan            nan
             nan            nan 1.57874388e-03 1.57878781e-03
  1.58303473e-03]
 [           nan            nan            nan            nan
             nan            nan            nan            nan
             nan            nan            nan            nan
             nan            nan            nan 1.98115884e-18
  5.34381868e-18]
 [           nan            nan            nan            nan
             nan            nan            nan            nan
             nan            nan            nan            nan
             nan            nan            nan            nan
  2.18139575e-05]
 [           nan            nan            nan            nan
             nan            nan            nan            nan
             nan            nan            nan            nan
             nan            nan            nan            nan
             nan]]
