S1:[ 2.04212733e-01  1.21545623e-03  1.43568803e-04 -1.52563602e-05
 -8.91645814e-04  1.84276656e-01  2.77777982e-03  2.23621520e-02
  1.22365340e-01  2.19406419e-01  2.32868357e-02  9.86803400e-02
  9.12818325e-03  6.93252981e-04  6.85048362e-07  2.86820259e-05
 -1.27526710e-03]
S1_conf:[2.72336334e-02 4.24796273e-03 1.30831492e-04 7.41228589e-04
 1.78156688e-03 3.10096308e-02 3.01082010e-03 1.01153085e-02
 2.48105404e-02 3.00603718e-02 1.13038433e-02 2.32313764e-02
 7.33646816e-03 1.55125688e-03 6.84954734e-06 4.26747784e-05
 1.25325201e-03]
ST:[2.36857713e-01 5.01189283e-03 5.07594331e-06 9.20111303e-05
 9.21997042e-04 2.48070402e-01 2.77193865e-03 2.93598440e-02
 1.68193216e-01 3.12931397e-01 2.52028712e-02 1.20208762e-01
 1.54370919e-02 6.18218750e-04 1.85818868e-08 5.70397324e-07
 4.58743770e-04]
ST_conf:[2.17351865e-02 7.43161156e-04 1.89209741e-06 2.01726172e-05
 1.90151765e-04 2.58399168e-02 2.60921452e-04 3.31569198e-03
 1.79207174e-02 4.02689828e-02 3.10560930e-03 1.04333779e-02
 1.61040440e-03 5.64153609e-05 1.37331057e-08 3.09901405e-07
 1.21181995e-04]
S2:[[            nan -4.89987098e-02 -5.08692986e-02 -5.08700993e-02
  -5.06638656e-02 -4.87852641e-02 -5.00919441e-02 -4.82797370e-02
  -4.10541784e-02 -5.34016033e-03 -5.50413603e-02 -5.33580793e-02
  -4.75369959e-02 -5.10508141e-02 -5.08666366e-02 -5.08607880e-02
  -5.11823861e-02]
 [            nan             nan  1.19971055e-03  1.15807012e-03
   1.26651775e-03  1.28883995e-03  1.04071086e-03  1.05183013e-03
   1.92417889e-03  1.12095979e-03  1.23945729e-03  1.91446683e-03
   1.26269653e-03  1.18768642e-03  1.19462945e-03  1.19645956e-03
   1.24035931e-03]
 [            nan             nan             nan -1.30406847e-04
  -1.30954199e-04 -1.39851739e-04 -1.28721468e-04 -1.39934728e-04
  -1.06026336e-04 -1.07229565e-04 -1.27725092e-04 -1.60614846e-04
  -1.38008519e-04 -1.34357486e-04 -1.30303171e-04 -1.30158337e-04
  -1.27687696e-04]
 [            nan             nan             nan             nan
   1.94457496e-04  2.16233666e-04  1.71388733e-04  1.74454778e-04
   7.90260418e-05  1.80555894e-04  1.18511575e-04  2.63658602e-04
   1.92091905e-04  1.95344751e-04  1.90738162e-04  1.90788729e-04
   1.78488394e-04]
 [            nan             nan             nan             nan
              nan  2.13114636e-03  2.40115543e-03  2.21231060e-03
   1.25772310e-03  1.01392841e-03  2.22288160e-03  2.68752193e-03
   2.24076381e-03  2.37020342e-03  2.35908791e-03  2.35701008e-03
   2.58032947e-03]
 [            nan             nan             nan             nan
              nan             nan -1.07370398e-02 -4.74591461e-03
  -2.61457488e-03  2.44229056e-02 -5.41334898e-03 -3.69402961e-03
  -9.49565745e-03 -9.68244283e-03 -9.46022540e-03 -9.46222150e-03
  -9.59059513e-03]
 [            nan             nan             nan             nan
              nan             nan             nan -5.50025981e-05
   5.10749486e-05  1.69602640e-03  7.08366816e-05  1.57053971e-04
  -2.29937627e-04 -3.10703369e-04 -2.52614102e-04 -2.53474509e-04
  -2.91145263e-04]
 [            nan             nan             nan             nan
              nan             nan             nan             nan
   1.75083798e-03  1.42658398e-03  1.33100944e-03  2.26069679e-04
  -9.05816948e-04  4.93431719e-04  4.59577876e-04  4.61575455e-04
   4.93293084e-04]
 [            nan             nan             nan             nan
              nan             nan             nan             nan
              nan  1.88290948e-02  4.93170976e-04 -6.71191681e-04
  -1.25034264e-03 -1.08702606e-03 -1.65226395e-03 -1.66215181e-03
  -1.97171767e-03]
 [            nan             nan             nan             nan
              nan             nan             nan             nan
              nan             nan -1.42733100e-02 -1.59108145e-02
  -1.56320021e-02 -1.34188243e-02 -1.37050149e-02 -1.37274117e-02
  -1.25505388e-02]
 [            nan             nan             nan             nan
              nan             nan             nan             nan
              nan             nan             nan -1.62151722e-02
  -1.47755880e-02 -1.47912460e-02 -1.47609556e-02 -1.47697794e-02
  -1.47188707e-02]
 [            nan             nan             nan             nan
              nan             nan             nan             nan
              nan             nan             nan             nan
   1.94750920e-02  1.93403379e-02  1.90862591e-02  1.90659875e-02
   1.91681954e-02]
 [            nan             nan             nan             nan
              nan             nan             nan             nan
              nan             nan             nan             nan
              nan  6.93599042e-03  6.96173104e-03  6.96023630e-03
   7.04965529e-03]
 [            nan             nan             nan             nan
              nan             nan             nan             nan
              nan             nan             nan             nan
              nan             nan -9.51802594e-04 -9.51907470e-04
  -9.24511293e-04]
 [            nan             nan             nan             nan
              nan             nan             nan             nan
              nan             nan             nan             nan
              nan             nan             nan  3.62546523e-06
   3.46362813e-06]
 [            nan             nan             nan             nan
              nan             nan             nan             nan
              nan             nan             nan             nan
              nan             nan             nan             nan
  -2.88855998e-05]
 [            nan             nan             nan             nan
              nan             nan             nan             nan
              nan             nan             nan             nan
              nan             nan             nan             nan
              nan]]
S2_conf:[[           nan 3.66889956e-02 3.69389484e-02 3.69226944e-02
  3.68786390e-02 4.13528169e-02 3.67750299e-02 3.80226898e-02
  4.28485372e-02 3.94563387e-02 3.80886988e-02 4.39224519e-02
  3.78456061e-02 3.69404078e-02 3.69366150e-02 3.69402631e-02
  3.65850099e-02]
 [           nan            nan 7.36167190e-03 7.35372160e-03
  7.35728127e-03 7.13561391e-03 7.33306444e-03 7.64331395e-03
  7.59517186e-03 7.66251835e-03 7.19202005e-03 7.91846359e-03
  7.31452363e-03 7.37580375e-03 7.36205250e-03 7.36337243e-03
  7.34303174e-03]
 [           nan            nan            nan 1.81996903e-04
  1.82202209e-04 1.91123922e-04 1.83638870e-04 1.80085832e-04
  1.93919486e-04 1.87326280e-04 1.84214802e-04 2.00439555e-04
  1.84150593e-04 1.83209530e-04 1.81955333e-04 1.81993576e-04
  1.81245227e-04]
 [           nan            nan            nan            nan
  1.01970486e-03 1.09641073e-03 1.02808226e-03 1.01459055e-03
  1.06919376e-03 1.09932969e-03 9.91731071e-04 1.01706686e-03
  1.02514440e-03 1.02428002e-03 1.02196816e-03 1.02190594e-03
  1.02180899e-03]
 [           nan            nan            nan            nan
             nan 2.92922987e-03 2.39438794e-03 2.41196348e-03
  2.49607537e-03 2.48518939e-03 2.51562511e-03 2.48819300e-03
  2.35550408e-03 2.41164905e-03 2.39925394e-03 2.39906000e-03
  2.38901390e-03]
 [           nan            nan            nan            nan
             nan            nan 4.19324353e-02 4.42284436e-02
  4.73521611e-02 4.44184755e-02 4.10777545e-02 4.58832506e-02
  4.18897317e-02 4.18314300e-02 4.18390287e-02 4.18452105e-02
  4.17696009e-02]
 [           nan            nan            nan            nan
             nan            nan            nan 4.24570396e-03
  4.74914458e-03 4.30705911e-03 4.27953208e-03 4.65928691e-03
  4.29358297e-03 4.21004744e-03 4.20361983e-03 4.20376478e-03
  4.19761419e-03]
 [           nan            nan            nan            nan
             nan            nan            nan            nan
  1.86815426e-02 1.76204058e-02 1.75687124e-02 1.73088616e-02
  1.71730628e-02 1.72480479e-02 1.72515052e-02 1.72522824e-02
  1.72598749e-02]
 [           nan            nan            nan            nan
             nan            nan            nan            nan
             nan 3.72144452e-02 3.58224998e-02 3.60306300e-02
  3.46696842e-02 3.52838943e-02 3.53237863e-02 3.53216424e-02
  3.52261960e-02]
 [           nan            nan            nan            nan
             nan            nan            nan            nan
             nan            nan 3.76596376e-02 3.78623311e-02
  3.60201804e-02 3.65720125e-02 3.62866451e-02 3.62837573e-02
  3.60699016e-02]
 [           nan            nan            nan            nan
             nan            nan            nan            nan
             nan            nan            nan 1.75297309e-02
  1.63957635e-02 1.65389588e-02 1.64595679e-02 1.64605071e-02
  1.64805126e-02]
 [           nan            nan            nan            nan
             nan            nan            nan            nan
             nan            nan            nan            nan
  3.64315797e-02 3.65180369e-02 3.64298271e-02 3.64292985e-02
  3.62720921e-02]
 [           nan            nan            nan            nan
             nan            nan            nan            nan
             nan            nan            nan            nan
             nan 1.12144307e-02 1.12297547e-02 1.12304596e-02
  1.11937922e-02]
 [           nan            nan            nan            nan
             nan            nan            nan            nan
             nan            nan            nan            nan
             nan            nan 2.16973781e-03 2.16984760e-03
  2.16886297e-03]
 [           nan            nan            nan            nan
             nan            nan            nan            nan
             nan            nan            nan            nan
             nan            nan            nan 8.89032990e-06
  8.94265991e-06]
 [           nan            nan            nan            nan
             nan            nan            nan            nan
             nan            nan            nan            nan
             nan            nan            nan            nan
  5.66182790e-05]
 [           nan            nan            nan            nan
             nan            nan            nan            nan
             nan            nan            nan            nan
             nan            nan            nan            nan
             nan]]
