S1:[ 8.60814605e-01 -2.41310081e-01 -7.70144863e-05 -1.81443790e-03
  5.26852816e-03  1.95366340e+00  6.18000133e-04  1.37881586e+00
 -7.43808994e-02  2.45107505e-02  0.00000000e+00  3.03948743e-02
  3.81614499e-02  4.46071605e-03 -1.07962662e-03  1.78721993e-06
 -6.77336351e-04]
S1_conf:[3.21434403e+00 5.54966564e-01 2.41164229e-03 7.08140477e-03
 6.18688535e-02 2.58045890e+00 3.29538016e-02 1.57600369e+00
 4.32159051e-01 3.01382583e-02 0.00000000e+00 2.48597532e-01
 8.92562409e-02 1.01709903e-02 5.33860479e-03 1.38872829e-05
 2.86622780e-03]
ST:[5.95752693e-01 4.68668298e-02 8.01919780e-07 3.18626858e-05
 3.71867375e-03 9.20763987e+00 8.86658535e-05 2.42987322e+00
 8.09859519e-03 1.64256417e-03 0.00000000e+00 1.67505852e-02
 1.49901461e-03 1.93652145e-05 3.05438536e-05 1.71035258e-11
 1.02229263e-05]
ST_conf:[2.69338100e+00 1.04943949e-01 2.92891686e-06 1.38446467e-04
 1.71318475e-02 1.06335412e+01 3.20999717e-04 3.35991582e+00
 4.70534941e-02 2.01968615e-03 0.00000000e+00 7.77388876e-02
 3.67410087e-03 5.04549121e-05 1.51035145e-04 7.91142268e-11
 4.98605329e-05]
S2:[[            nan -1.09832384e+00 -1.08148904e+00 -1.08389420e+00
  -1.07851542e+00 -7.30175989e-01 -1.09060598e+00 -6.37003483e-01
  -9.94166524e-01 -1.08202927e+00 -1.08202927e+00 -1.12554234e+00
  -1.07369277e+00 -1.08071105e+00 -1.08202927e+00 -1.08203239e+00
  -1.08245082e+00]
 [            nan             nan  4.07484855e-01  4.07222692e-01
   4.06048938e-01 -2.19281177e-01  4.08256562e-01  3.19895902e-01
   3.86383774e-01  3.99068806e-01  4.07573532e-01  4.21425820e-01
   4.13398746e-01  4.08277843e-01  4.07177633e-01  4.07574031e-01
   4.07373735e-01]
 [            nan             nan             nan  7.02942519e-03
   7.01777369e-03 -2.35834809e-02  7.03103721e-03 -3.87100320e-03
   7.02784901e-03  6.61749848e-03  7.02834786e-03  7.04543377e-03
   7.00548055e-03  7.02569575e-03  7.02825857e-03  7.02834799e-03
   7.02850092e-03]
 [            nan             nan             nan             nan
   4.84243286e-02 -1.57206734e-01  4.84069002e-02 -1.96529562e-02
   4.84294085e-02  4.56327956e-02  4.84242489e-02  4.84466207e-02
   4.85254087e-02  4.84372319e-02  4.84200128e-02  4.84242458e-02
   4.84208488e-02]
 [            nan             nan             nan             nan
              nan  4.71799760e+00 -1.40997142e+00  7.41417374e-01
  -1.40849635e+00 -1.32707525e+00 -1.40958212e+00 -1.40188325e+00
  -1.41043819e+00 -1.40958297e+00 -1.40993723e+00 -1.40958234e+00
  -1.40978670e+00]
 [            nan             nan             nan             nan
              nan             nan -1.99521251e+00 -1.70819146e+00
  -2.05709428e+00 -1.98533974e+00 -1.99955913e+00 -2.05076390e+00
  -1.96975338e+00 -1.99700576e+00 -1.99691616e+00 -1.99955598e+00
  -1.99804938e+00]
 [            nan             nan             nan             nan
              nan             nan             nan  1.27862818e-02
  -5.53698202e-03 -6.42263169e-03 -6.47517570e-03 -5.75656054e-03
  -6.28403111e-03 -6.43354755e-03 -6.53351286e-03 -6.47523947e-03
  -6.51473871e-03]
 [            nan             nan             nan             nan
              nan             nan             nan             nan
  -3.12726118e+00 -3.00814491e+00 -3.11474841e+00 -3.12319161e+00
  -3.11528501e+00 -3.11503756e+00 -3.11408504e+00 -3.11474763e+00
  -3.11430579e+00]
 [            nan             nan             nan             nan
              nan             nan             nan             nan
              nan -1.87707087e-01 -2.04265267e-01 -2.04265267e-01
  -2.04265267e-01 -2.04265267e-01 -2.04265267e-01 -2.04265267e-01
  -2.04265267e-01]
 [            nan             nan             nan             nan
              nan             nan             nan             nan
              nan             nan  1.31828572e+00  1.31828572e+00
   1.31828572e+00  1.31828572e+00  1.31828572e+00  1.31828572e+00
   1.31828572e+00]
 [            nan             nan             nan             nan
              nan             nan             nan             nan
              nan             nan             nan  1.18919329e+00
   1.19406540e+00  1.19647388e+00  1.19669855e+00  1.19669782e+00
   1.19663773e+00]
 [            nan             nan             nan             nan
              nan             nan             nan             nan
              nan             nan             nan             nan
   1.33526672e+00  1.33397009e+00  1.33497010e+00  1.33405003e+00
   1.33455322e+00]
 [            nan             nan             nan             nan
              nan             nan             nan             nan
              nan             nan             nan             nan
              nan  1.47831177e-01  1.47773257e-01  1.47926809e-01
   1.47840766e-01]
 [            nan             nan             nan             nan
              nan             nan             nan             nan
              nan             nan             nan             nan
              nan             nan  4.55018741e-02  4.54887089e-02
   4.54966457e-02]
 [            nan             nan             nan             nan
              nan             nan             nan             nan
              nan             nan             nan             nan
              nan             nan             nan -3.00108020e-02
  -3.00522331e-02]
 [            nan             nan             nan             nan
              nan             nan             nan             nan
              nan             nan             nan             nan
              nan             nan             nan             nan
   3.04751213e-04]
 [            nan             nan             nan             nan
              nan             nan             nan             nan
              nan             nan             nan             nan
              nan             nan             nan             nan
              nan]]
S2_conf:[[           nan 3.81059931e+00 4.27319873e+00 4.28002614e+00
  4.30186030e+00 3.19413095e+00 4.31049064e+00 4.14773162e+00
  3.77751771e+00 4.27503227e+00 4.27503227e+00 4.44999306e+00
  4.33858061e+00 4.28045767e+00 4.27503227e+00 4.27504926e+00
  4.27644512e+00]
 [           nan            nan 5.74061876e-01 5.74820600e-01
  5.76151354e-01 1.15442920e+00 5.80756556e-01 9.90880311e-01
  4.79079947e-01 5.81537391e-01 5.74461420e-01 6.21958372e-01
  5.89794343e-01 5.75996686e-01 5.73955600e-01 5.74464571e-01
  5.74426079e-01]
 [           nan            nan            nan 7.94056124e-03
  7.96309669e-03 2.96425063e-02 7.93748280e-03 5.66362544e-03
  7.94351192e-03 7.45806888e-03 7.94259824e-03 7.90945428e-03
  7.98651212e-03 7.94767013e-03 7.94279270e-03 7.94259801e-03
  7.94231924e-03]
 [           nan            nan            nan            nan
  5.62651249e-02 2.00317287e-01 5.62183171e-02 3.79244039e-02
  5.61720125e-02 5.27801776e-02 5.61905754e-02 5.60173094e-02
  5.60842574e-02 5.61748265e-02 5.62024056e-02 5.61905828e-02
  5.61985262e-02]
 [           nan            nan            nan            nan
             nan 5.79654645e+00 1.66251329e+00 7.91273068e-01
  1.66709702e+00 1.56226076e+00 1.66370016e+00 1.68585221e+00
  1.66158710e+00 1.66374026e+00 1.66267656e+00 1.66369954e+00
  1.66310615e+00]
 [           nan            nan            nan            nan
             nan            nan 3.81272219e+00 2.62415466e+00
  3.49119531e+00 3.76837509e+00 3.78313428e+00 3.70010847e+00
  3.83137562e+00 3.78524624e+00 3.79191758e+00 3.78314873e+00
  3.78901483e+00]
 [           nan            nan            nan            nan
             nan            nan            nan 5.56367369e-02
  4.24462491e-02 4.77868624e-02 4.77576566e-02 4.62821034e-02
  4.90692422e-02 4.78486738e-02 4.79108054e-02 4.77579114e-02
  4.78566257e-02]
 [           nan            nan            nan            nan
             nan            nan            nan            nan
  2.44536683e+00 2.40696683e+00 2.50601105e+00 2.48948787e+00
  2.51711419e+00 2.50661282e+00 2.50771592e+00 2.50601397e+00
  2.50715130e+00]
 [           nan            nan            nan            nan
             nan            nan            nan            nan
             nan 6.64721585e-01 6.81870056e-01 6.81870056e-01
  6.81870056e-01 6.81870056e-01 6.81870056e-01 6.81870056e-01
  6.81870056e-01]
 [           nan            nan            nan            nan
             nan            nan            nan            nan
             nan            nan 1.62095549e+00 1.62095549e+00
  1.62095549e+00 1.62095549e+00 1.62095549e+00 1.62095549e+00
  1.62095549e+00]
 [           nan            nan            nan            nan
             nan            nan            nan            nan
             nan            nan            nan 1.71420768e+00
  1.69555968e+00 1.68644056e+00 1.68559332e+00 1.68559606e+00
  1.68582259e+00]
 [           nan            nan            nan            nan
             nan            nan            nan            nan
             nan            nan            nan            nan
  1.72759066e+00 1.72954183e+00 1.72644384e+00 1.72909790e+00
  1.72764841e+00]
 [           nan            nan            nan            nan
             nan            nan            nan            nan
             nan            nan            nan            nan
             nan 3.37264270e-01 3.37537982e-01 3.37107707e-01
  3.37361036e-01]
 [           nan            nan            nan            nan
             nan            nan            nan            nan
             nan            nan            nan            nan
             nan            nan 6.83153362e-02 6.83494769e-02
  6.83299665e-02]
 [           nan            nan            nan            nan
             nan            nan            nan            nan
             nan            nan            nan            nan
             nan            nan            nan 3.04664192e-02
  3.03894578e-02]
 [           nan            nan            nan            nan
             nan            nan            nan            nan
             nan            nan            nan            nan
             nan            nan            nan            nan
  3.83408742e-04]
 [           nan            nan            nan            nan
             nan            nan            nan            nan
             nan            nan            nan            nan
             nan            nan            nan            nan
             nan]]
