S1:[ 0.11491372  0.02484443  0.00677916  0.02680512  0.02106656  0.1028538
  0.0076051   0.08696889 -0.01306343  0.00338979 -0.01248529  0.04012841
  0.00131212  0.00505486  0.00648819  0.00024167  0.00351159]
S1_conf:[0.04872829 0.02794121 0.00636436 0.02586935 0.02610373 0.0431443
 0.01174628 0.04715271 0.01670334 0.0097924  0.01205068 0.03013258
 0.01706787 0.01121571 0.01066326 0.00055848 0.01653573]
ST:[4.93932190e-01 2.10422779e-01 8.23815972e-03 1.04825298e-01
 1.39864353e-01 5.40214554e-01 3.38828214e-02 6.40743266e-01
 7.66194364e-02 3.80774238e-02 4.11758261e-02 2.99067324e-01
 8.80526061e-02 4.64103895e-03 4.13362119e-02 2.86671479e-04
 4.31460467e-02]
ST_conf:[0.05630898 0.05384348 0.00592868 0.03128295 0.03277668 0.06750493
 0.023324   0.06917359 0.01254994 0.01112207 0.01257848 0.06567332
 0.03324435 0.00459318 0.01645903 0.00030678 0.02089561]
S2:[[        nan  0.0156275   0.01445143  0.0161303   0.00862729  0.02587134
   0.01832935  0.01242978  0.02883968  0.02074913  0.04511405  0.01861296
   0.03624165  0.02364292  0.01446966  0.0207046   0.02218396]
 [        nan         nan -0.02187518 -0.02637691 -0.00824302 -0.00663891
  -0.00968675 -0.00756872 -0.01359355 -0.01642302 -0.01212252 -0.01488759
  -0.00743583 -0.01875775 -0.02077063 -0.01820271 -0.02115874]
 [        nan         nan         nan -0.00848898 -0.00868901 -0.00338991
  -0.00742933 -0.00320193 -0.00877035 -0.00878266 -0.00874524 -0.00324579
  -0.00320309 -0.00856204 -0.00835834 -0.0085318  -0.00300958]
 [        nan         nan         nan         nan -0.01470016 -0.00245817
  -0.00910875 -0.02015661 -0.00629789 -0.01430246 -0.00944548 -0.00965962
  -0.00776865 -0.0101708  -0.00850553 -0.0102403  -0.00621899]
 [        nan         nan         nan         nan         nan  0.00470683
  -0.01061657 -0.00586158 -0.01608897 -0.01248467 -0.01012661 -0.00852087
  -0.00507825 -0.01405499 -0.01336301 -0.0131988  -0.01187542]
 [        nan         nan         nan         nan         nan         nan
   0.01328334  0.0251886   0.02378432  0.01421488  0.02090618  0.04751073
   0.01809072  0.01280992  0.01063717  0.01505211  0.01042322]
 [        nan         nan         nan         nan         nan         nan
          nan -0.00752664 -0.00307164 -0.00417469 -0.00408532 -0.00347168
  -0.00769506 -0.00385234 -0.00834168 -0.00425947 -0.00913146]
 [        nan         nan         nan         nan         nan         nan
          nan         nan -0.01009762 -0.02159422 -0.00793511 -0.01174272
  -0.01142029 -0.02955897 -0.02791036 -0.02814371 -0.03162221]
 [        nan         nan         nan         nan         nan         nan
          nan         nan         nan  0.02284948  0.02596963  0.01787096
   0.02032932  0.01841604  0.01904595  0.01943855  0.01490886]
 [        nan         nan         nan         nan         nan         nan
          nan         nan         nan         nan -0.00109728 -0.00218926
   0.00093134 -0.00297118  0.00066149 -0.00241605  0.00057571]
 [        nan         nan         nan         nan         nan         nan
          nan         nan         nan         nan         nan  0.00924728
   0.00916421  0.00666516  0.00673889  0.00681585  0.00927204]
 [        nan         nan         nan         nan         nan         nan
          nan         nan         nan         nan         nan         nan
   0.0004773  -0.0082607  -0.00485426 -0.00822309 -0.01177413]
 [        nan         nan         nan         nan         nan         nan
          nan         nan         nan         nan         nan         nan
          nan -0.00524706 -0.00973925 -0.00511349 -0.00455548]
 [        nan         nan         nan         nan         nan         nan
          nan         nan         nan         nan         nan         nan
          nan         nan -0.01047266 -0.01050654 -0.01051236]
 [        nan         nan         nan         nan         nan         nan
          nan         nan         nan         nan         nan         nan
          nan         nan         nan -0.00511421 -0.00202796]
 [        nan         nan         nan         nan         nan         nan
          nan         nan         nan         nan         nan         nan
          nan         nan         nan         nan  0.00158633]
 [        nan         nan         nan         nan         nan         nan
          nan         nan         nan         nan         nan         nan
          nan         nan         nan         nan         nan]]
S2_conf:[[       nan 0.06858348 0.06454114 0.06491647 0.06876515 0.07294771
  0.06353205 0.07159351 0.06435189 0.06569923 0.07090715 0.06025209
  0.06495773 0.06410699 0.06382495 0.06383139 0.0629126 ]
 [       nan        nan 0.03827168 0.03681215 0.04076295 0.04713676
  0.04171095 0.03508864 0.03603395 0.04007191 0.04041265 0.03878953
  0.04314847 0.03833    0.0379221  0.038294   0.03963792]
 [       nan        nan        nan 0.00914916 0.00885322 0.01124344
  0.00929889 0.0096477  0.00921764 0.00927019 0.00924726 0.01007647
  0.00986103 0.00923425 0.00914404 0.00921518 0.00983122]
 [       nan        nan        nan        nan 0.03363763 0.03359195
  0.03211349 0.03293669 0.03318041 0.03198244 0.03207122 0.02981853
  0.03272973 0.03193489 0.03250985 0.03214423 0.0323731 ]
 [       nan        nan        nan        nan        nan 0.03487959
  0.03270454 0.02867245 0.03155775 0.03138944 0.03162985 0.02998955
  0.0332388  0.0313218  0.03155206 0.03142871 0.03221553]
 [       nan        nan        nan        nan        nan        nan
  0.05431193 0.06708655 0.0531975  0.05605428 0.05484491 0.05812548
  0.05692654 0.05581459 0.05526712 0.05505091 0.05645765]
 [       nan        nan        nan        nan        nan        nan
         nan 0.01742557 0.01536836 0.01566211 0.01585511 0.01596859
  0.01499353 0.01563389 0.01494468 0.01555361 0.01732908]
 [       nan        nan        nan        nan        nan        nan
         nan        nan 0.0658816  0.06412399 0.06355506 0.06331977
  0.06039048 0.06474087 0.06541746 0.06482003 0.06537638]
 [       nan        nan        nan        nan        nan        nan
         nan        nan        nan 0.02809624 0.0261283  0.02759082
  0.02650551 0.02740134 0.0267332  0.02689109 0.02739838]
 [       nan        nan        nan        nan        nan        nan
         nan        nan        nan        nan 0.01796741 0.01657275
  0.01865782 0.01779265 0.01722048 0.01786248 0.01706922]
 [       nan        nan        nan        nan        nan        nan
         nan        nan        nan        nan        nan 0.01693092
  0.01800942 0.01723256 0.01736067 0.01730094 0.01738967]
 [       nan        nan        nan        nan        nan        nan
         nan        nan        nan        nan        nan        nan
  0.04311597 0.04030566 0.04056558 0.04037816 0.03907166]
 [       nan        nan        nan        nan        nan        nan
         nan        nan        nan        nan        nan        nan
         nan 0.02354094 0.02425465 0.02354795 0.02373705]
 [       nan        nan        nan        nan        nan        nan
         nan        nan        nan        nan        nan        nan
         nan        nan 0.0123427  0.01232677 0.01232407]
 [       nan        nan        nan        nan        nan        nan
         nan        nan        nan        nan        nan        nan
         nan        nan        nan 0.01344357 0.01389502]
 [       nan        nan        nan        nan        nan        nan
         nan        nan        nan        nan        nan        nan
         nan        nan        nan        nan 0.00453057]
 [       nan        nan        nan        nan        nan        nan
         nan        nan        nan        nan        nan        nan
         nan        nan        nan        nan        nan]]
