S1:[ 1.91566413e-01  4.44753013e-02  1.63836888e-03  6.42909297e-03
  1.50026672e-02  2.08106725e-01 -8.30601310e-04  1.11275703e-01
  4.13653475e-03  9.12289811e-03  9.60167942e-03  2.76786283e-02
  5.10028642e-03 -4.88714321e-04  4.35370045e-03  4.76869844e-05
  1.22266872e-03]
S1_conf:[0.08022014 0.04476057 0.00745852 0.02105009 0.02544497 0.06565135
 0.00775996 0.06951638 0.01924047 0.0107211  0.01387849 0.03849441
 0.00841452 0.00146997 0.01267553 0.00010043 0.00235296]
ST:[5.55692132e-01 1.34461512e-01 6.60573866e-03 6.75527979e-02
 1.12206660e-01 4.07960786e-01 1.83790049e-02 5.11494310e-01
 6.47550588e-02 2.83616035e-02 2.71508806e-02 3.06623218e-01
 4.26765106e-02 2.68135882e-04 2.05286104e-02 1.80126595e-06
 5.38324092e-04]
ST_conf:[1.08728311e-01 4.91301457e-02 8.83278685e-03 3.09515062e-02
 4.79498685e-02 6.62856637e-02 2.19458777e-02 7.75977176e-02
 2.06961758e-02 1.41441772e-02 1.33948307e-02 9.35281695e-02
 3.49821101e-02 4.74040232e-04 1.38798222e-02 3.59645923e-06
 1.06278083e-03]
S2:[[            nan -1.60052559e-02 -5.50194355e-03 -1.22910976e-02
  -3.89758411e-03 -2.76131453e-02 -6.90273489e-03 -2.46845609e-04
  -1.50166821e-02 -4.07408216e-03 -9.99086354e-03 -1.75008942e-02
  -1.45871947e-02 -3.55567125e-03 -1.37312289e-03 -3.67727568e-03
  -4.19148921e-03]
 [            nan             nan -3.09755234e-02 -3.64061555e-02
  -3.69144887e-02 -4.01386617e-02 -3.07937038e-02 -3.44199696e-03
  -3.25795679e-02 -3.07949797e-02 -3.29762221e-02 -1.43606930e-02
  -3.05582640e-02 -3.08362225e-02 -3.18559117e-02 -3.09034402e-02
  -3.09047480e-02]
 [            nan             nan             nan  1.56555899e-04
   5.96593537e-05 -5.33269538e-03  3.61249968e-04 -6.29761724e-03
   1.56811785e-04  6.47508260e-04  1.08561433e-04 -1.28440770e-02
   1.12041442e-05  1.15863419e-04  9.17114952e-05  9.82178896e-05
   9.76976671e-05]
 [            nan             nan             nan             nan
  -2.95247750e-02 -3.15217938e-02 -2.81791472e-02 -3.08893364e-02
  -2.36378310e-02 -2.90609843e-02 -3.09485905e-02 -2.79757614e-02
  -2.90931407e-02 -2.79418451e-02 -3.05519748e-02 -2.79402315e-02
  -2.88181300e-02]
 [            nan             nan             nan             nan
              nan -2.07759223e-02 -2.51241357e-02 -4.63972360e-02
  -2.97233922e-02 -2.74804909e-02 -2.51345217e-02 -1.23793688e-02
  -2.44934755e-02 -2.41468218e-02 -2.33447118e-02 -2.41722662e-02
  -2.42452011e-02]
 [            nan             nan             nan             nan
              nan             nan -2.95673484e-02 -8.88724515e-04
  -1.46567353e-02 -1.74013519e-02 -3.03100995e-02 -8.98457034e-04
  -2.45701521e-02 -2.81983763e-02 -2.67145733e-02 -2.88174883e-02
  -2.90700140e-02]
 [            nan             nan             nan             nan
              nan             nan             nan  1.77447388e-02
   7.00061905e-03  7.71426055e-03  7.85127443e-03 -4.95057320e-03
   6.85101703e-03  8.37786608e-03  8.04888568e-03  8.33161427e-03
   8.35949754e-03]
 [            nan             nan             nan             nan
              nan             nan             nan             nan
  -3.22632397e-02 -2.67222300e-02 -3.66446858e-02 -3.35255671e-03
  -6.80419681e-03 -2.49713925e-02 -3.13888455e-02 -2.68057569e-02
  -2.66477101e-02]
 [            nan             nan             nan             nan
              nan             nan             nan             nan
              nan -1.88169541e-03 -6.05987008e-04  4.88724609e-03
   1.15967872e-03  7.05135270e-04 -3.87407030e-04  7.85208044e-04
   7.53845252e-04]
 [            nan             nan             nan             nan
              nan             nan             nan             nan
              nan             nan -1.36989327e-02 -1.19337041e-02
  -1.27216076e-02 -1.28046725e-02 -1.41053367e-02 -1.28080907e-02
  -1.28112015e-02]
 [            nan             nan             nan             nan
              nan             nan             nan             nan
              nan             nan             nan -5.72463261e-03
  -6.98786058e-03 -7.65203690e-03 -1.30553701e-02 -7.62835012e-03
  -7.63004536e-03]
 [            nan             nan             nan             nan
              nan             nan             nan             nan
              nan             nan             nan             nan
  -7.47564843e-03 -7.10942874e-03 -9.74000844e-03 -6.85968904e-03
  -7.18093463e-03]
 [            nan             nan             nan             nan
              nan             nan             nan             nan
              nan             nan             nan             nan
              nan -2.93895265e-02 -2.93326171e-02 -2.94298445e-02
  -2.93360246e-02]
 [            nan             nan             nan             nan
              nan             nan             nan             nan
              nan             nan             nan             nan
              nan             nan -2.81513245e-03 -2.75318213e-03
  -2.77047717e-03]
 [            nan             nan             nan             nan
              nan             nan             nan             nan
              nan             nan             nan             nan
              nan             nan             nan -6.84154499e-03
  -6.83552232e-03]
 [            nan             nan             nan             nan
              nan             nan             nan             nan
              nan             nan             nan             nan
              nan             nan             nan             nan
  -2.53062142e-05]
 [            nan             nan             nan             nan
              nan             nan             nan             nan
              nan             nan             nan             nan
              nan             nan             nan             nan
              nan]]
S2_conf:[[       nan 0.09193987 0.08660719 0.0846398  0.08726345 0.10056096
  0.08933857 0.082308   0.08727189 0.08514147 0.0861736  0.08975682
  0.08630324 0.0865443  0.08720935 0.08653307 0.08659447]
 [       nan        nan 0.05606551 0.05541323 0.05524258 0.05698259
  0.05630924 0.06620264 0.05552912 0.05563178 0.05581495 0.05757042
  0.05615994 0.05605899 0.05608842 0.05607235 0.05607139]
 [       nan        nan        nan 0.01822589 0.01830147 0.02437899
  0.01817142 0.03048976 0.01831189 0.01823186 0.01830509 0.01518894
  0.01835657 0.01827901 0.01831306 0.01829974 0.01829999]
 [       nan        nan        nan        nan 0.03528956 0.03044067
  0.02666587 0.04687085 0.02867107 0.02674751 0.02757849 0.02829736
  0.02699292 0.02661488 0.02767336 0.02662493 0.02689235]
 [       nan        nan        nan        nan        nan 0.03360035
  0.03463989 0.04887258 0.03427032 0.03533898 0.03433905 0.03733484
  0.03436703 0.03434665 0.03410914 0.03433553 0.03436926]
 [       nan        nan        nan        nan        nan        nan
  0.08353694 0.11339564 0.08912098 0.08513901 0.08262621 0.08533266
  0.08455762 0.08308568 0.08308459 0.08300596 0.08305088]
 [       nan        nan        nan        nan        nan        nan
         nan 0.02183368 0.01956527 0.01963155 0.01976102 0.01938624
  0.02031563 0.01981241 0.01976856 0.01977565 0.01977743]
 [       nan        nan        nan        nan        nan        nan
         nan        nan 0.10345584 0.09920858 0.09722383 0.10269806
  0.09749839 0.09892747 0.09807713 0.09905445 0.0990505 ]
 [       nan        nan        nan        nan        nan        nan
         nan        nan        nan 0.02889156 0.02915261 0.03052852
  0.02889075 0.02875196 0.02806388 0.02875059 0.02875686]
 [       nan        nan        nan        nan        nan        nan
         nan        nan        nan        nan 0.02124779 0.02012029
  0.02055686 0.02044438 0.02054766 0.02044692 0.02044733]
 [       nan        nan        nan        nan        nan        nan
         nan        nan        nan        nan        nan 0.02012002
  0.01799059 0.01792957 0.01855582 0.01792023 0.01792255]
 [       nan        nan        nan        nan        nan        nan
         nan        nan        nan        nan        nan        nan
  0.05245626 0.05184713 0.05284286 0.05180241 0.05181076]
 [       nan        nan        nan        nan        nan        nan
         nan        nan        nan        nan        nan        nan
         nan 0.02204432 0.02197203 0.02202948 0.02200567]
 [       nan        nan        nan        nan        nan        nan
         nan        nan        nan        nan        nan        nan
         nan        nan 0.011225   0.01122059 0.01122309]
 [       nan        nan        nan        nan        nan        nan
         nan        nan        nan        nan        nan        nan
         nan        nan        nan 0.02078564 0.02079122]
 [       nan        nan        nan        nan        nan        nan
         nan        nan        nan        nan        nan        nan
         nan        nan        nan        nan 0.00013224]
 [       nan        nan        nan        nan        nan        nan
         nan        nan        nan        nan        nan        nan
         nan        nan        nan        nan        nan]]
