S1:[ 2.57108356e-01  1.47269677e-02  2.85041853e-04  1.38937351e-03
 -9.84613068e-03  2.65926938e-01  6.31818742e-04 -1.35949028e-02
 -6.54044505e-03  7.13794745e-03 -7.00083772e-03  1.85604808e-02
 -4.23069809e-03  5.66046103e-07 -2.95218297e-03 -8.03586564e-07
  1.60500952e-03]
S1_conf:[4.38317319e-02 2.28376390e-02 1.67403649e-03 1.55465013e-02
 1.81788407e-02 4.50763456e-02 7.91443820e-03 4.42917120e-02
 1.18113461e-02 6.25329227e-03 7.24136638e-03 2.05918310e-02
 5.76168034e-03 1.07773548e-05 1.02745735e-02 2.40593267e-06
 2.93240646e-03]
ST:[5.37004286e-01 1.51212422e-01 2.07824601e-03 9.05656171e-02
 8.89138849e-02 5.49508214e-01 2.35052935e-02 3.69729806e-01
 5.00704755e-02 2.10544812e-02 2.11919434e-02 1.73152117e-01
 1.24582660e-02 2.35847552e-08 2.84663323e-02 2.47753453e-09
 4.81168754e-03]
ST_conf:[6.34551285e-02 3.36424743e-02 2.72482729e-03 3.47208025e-02
 2.74326175e-02 6.71986441e-02 1.13838075e-02 5.20608531e-02
 9.99449303e-03 6.66511116e-03 7.89313640e-03 5.08448002e-02
 1.00272255e-02 5.71739886e-09 9.63707438e-03 4.34983092e-09
 6.88608300e-03]
S2:[[            nan  9.07994768e-03  4.45199940e-03 -3.78673616e-03
   4.18494904e-03  3.65917001e-02  4.55554720e-03  1.26405150e-02
   5.37580701e-03  4.85656951e-03  2.53104689e-02  5.54880707e-03
   1.03548128e-02  6.16252067e-03  8.86200159e-03  6.16778655e-03
   4.23092505e-03]
 [            nan             nan  4.22334562e-02  4.06661823e-02
   5.09092439e-02  2.95306342e-02  4.16244574e-02  6.11242667e-02
   4.53578345e-02  4.29435349e-02  4.09738897e-02  3.96188145e-02
   4.21266478e-02  4.19437680e-02  4.32772236e-02  4.19414509e-02
   4.11778689e-02]
 [            nan             nan             nan -3.04777333e-04
  -3.15269261e-04 -5.70605193e-04 -1.27299116e-04 -9.55989427e-04
  -3.83349050e-04 -2.67775981e-04 -2.70316406e-04 -1.59834459e-04
  -2.62903326e-04 -2.88339171e-04 -2.73645037e-04 -2.87797133e-04
  -2.88690588e-04]
 [            nan             nan             nan             nan
   9.42145046e-03  2.70844078e-03  9.08382275e-03  1.34883196e-02
   1.12745904e-02  1.07021455e-02  1.02840865e-02  1.56981189e-04
   1.06934584e-02  9.59384918e-03  1.12773857e-02  9.59466745e-03
   9.50993068e-03]
 [            nan             nan             nan             nan
              nan  4.65379364e-03  2.98936562e-03  1.44038976e-02
   1.07169798e-02  7.16490906e-03  6.10990221e-03  4.89138963e-03
   4.94846864e-03  5.74455405e-03 -3.42398672e-04  5.74641146e-03
   4.14890985e-03]
 [            nan             nan             nan             nan
              nan             nan -1.04183334e-02 -6.77783581e-03
  -3.77385226e-03 -1.35989546e-02 -7.39817241e-03 -1.69762357e-02
  -7.58388270e-03 -1.10744850e-02 -8.71596993e-03 -1.10767596e-02
  -7.26255542e-03]
 [            nan             nan             nan             nan
              nan             nan             nan -2.95175080e-04
  -6.67528475e-03 -4.57167589e-03 -6.26838765e-03 -5.39759188e-03
  -5.66160595e-03 -5.16040507e-03 -4.68168930e-03 -5.16178772e-03
  -5.06057342e-03]
 [            nan             nan             nan             nan
              nan             nan             nan             nan
   4.53293706e-02  3.26296216e-02  3.14946580e-02  4.75582816e-02
   3.55179025e-02  2.96111034e-02  3.64136614e-02  2.96174992e-02
   2.97938202e-02]
 [            nan             nan             nan             nan
              nan             nan             nan             nan
              nan  1.38772548e-02  1.40489117e-02  1.39357598e-02
   1.27259908e-02  1.36573302e-02  1.23518291e-02  1.36582502e-02
   1.36116520e-02]
 [            nan             nan             nan             nan
              nan             nan             nan             nan
              nan             nan -9.93292135e-03 -1.30886268e-02
  -9.51184728e-03 -9.56294021e-03 -8.83311925e-03 -9.56279091e-03
  -9.53165053e-03]
 [            nan             nan             nan             nan
              nan             nan             nan             nan
              nan             nan             nan  3.97584843e-03
   6.43371014e-03  4.31101959e-03  6.88855995e-03  4.30999361e-03
   4.30570847e-03]
 [            nan             nan             nan             nan
              nan             nan             nan             nan
              nan             nan             nan             nan
   1.89368006e-02  1.53457323e-02  2.04014631e-02  1.53468069e-02
   1.54978770e-02]
 [            nan             nan             nan             nan
              nan             nan             nan             nan
              nan             nan             nan             nan
              nan  2.71614457e-03  2.87658016e-03  2.71501333e-03
   2.71153631e-03]
 [            nan             nan             nan             nan
              nan             nan             nan             nan
              nan             nan             nan             nan
              nan             nan  9.37908178e-06  9.11889932e-06
   8.95843614e-06]
 [            nan             nan             nan             nan
              nan             nan             nan             nan
              nan             nan             nan             nan
              nan             nan             nan  3.84358718e-04
   3.56876294e-04]
 [            nan             nan             nan             nan
              nan             nan             nan             nan
              nan             nan             nan             nan
              nan             nan             nan             nan
  -1.83096320e-05]
 [            nan             nan             nan             nan
              nan             nan             nan             nan
              nan             nan             nan             nan
              nan             nan             nan             nan
              nan]]
S2_conf:[[           nan 5.69148235e-02 5.44752463e-02 5.61962898e-02
  5.51778819e-02 6.42181181e-02 5.47563585e-02 6.34002421e-02
  5.58915447e-02 5.41326116e-02 5.37729524e-02 5.64271666e-02
  5.44257348e-02 5.43058651e-02 5.68572958e-02 5.43078087e-02
  5.50096509e-02]
 [           nan            nan 2.85155818e-02 3.05515685e-02
  3.00113391e-02 3.45662424e-02 2.91469692e-02 3.65738699e-02
  2.83701233e-02 2.82076842e-02 2.82388272e-02 3.01306101e-02
  2.85834355e-02 2.84693244e-02 2.89606920e-02 2.84699375e-02
  2.84939513e-02]
 [           nan            nan            nan 1.73111144e-03
  1.72991904e-03 2.03014466e-03 1.75480222e-03 1.75919164e-03
  1.69810913e-03 1.73520336e-03 1.73419965e-03 1.74616445e-03
  1.73109979e-03 1.72878731e-03 1.72861801e-03 1.72877015e-03
  1.72883270e-03]
 [           nan            nan            nan            nan
  1.92594227e-02 2.25465380e-02 1.94122383e-02 2.51123664e-02
  1.87772241e-02 2.12852446e-02 1.94793713e-02 2.03012675e-02
  1.90973994e-02 1.93022701e-02 1.91902991e-02 1.93034538e-02
  1.93198509e-02]
 [           nan            nan            nan            nan
             nan 2.97964165e-02 2.76795651e-02 2.81452805e-02
  2.61325655e-02 2.87055866e-02 2.66781050e-02 2.63706496e-02
  2.67851115e-02 2.69190803e-02 2.83222906e-02 2.69206274e-02
  2.72370789e-02]
 [           nan            nan            nan            nan
             nan            nan 5.52860116e-02 7.27259704e-02
  5.84083590e-02 5.57851849e-02 5.59620903e-02 5.69175053e-02
  5.55157535e-02 5.58044277e-02 5.64247282e-02 5.58049258e-02
  5.65924878e-02]
 [           nan            nan            nan            nan
             nan            nan            nan 1.52607848e-02
  1.42051337e-02 1.19737333e-02 1.24268844e-02 1.19851374e-02
  1.19523723e-02 1.20523976e-02 1.21221477e-02 1.20537163e-02
  1.20724370e-02]
 [           nan            nan            nan            nan
             nan            nan            nan            nan
  6.61700343e-02 6.87357765e-02 6.87992195e-02 6.71861474e-02
  6.76579932e-02 6.75151552e-02 7.00939897e-02 6.75164679e-02
  6.73128475e-02]
 [           nan            nan            nan            nan
             nan            nan            nan            nan
             nan 2.04409012e-02 2.02744527e-02 2.02721049e-02
  2.01079725e-02 1.97251325e-02 2.07965440e-02 1.97263715e-02
  1.97166082e-02]
 [           nan            nan            nan            nan
             nan            nan            nan            nan
             nan            nan 1.16437546e-02 1.07616140e-02
  1.13580522e-02 1.13607389e-02 1.13432203e-02 1.13609025e-02
  1.13632015e-02]
 [           nan            nan            nan            nan
             nan            nan            nan            nan
             nan            nan            nan 1.14537769e-02
  1.16643579e-02 1.21185466e-02 1.16578336e-02 1.21183690e-02
  1.21287051e-02]
 [           nan            nan            nan            nan
             nan            nan            nan            nan
             nan            nan            nan            nan
  2.86147934e-02 3.12329317e-02 2.95064671e-02 3.12339520e-02
  3.13570735e-02]
 [           nan            nan            nan            nan
             nan            nan            nan            nan
             nan            nan            nan            nan
             nan 8.12721707e-03 8.07979799e-03 8.12815192e-03
  8.13305475e-03]
 [           nan            nan            nan            nan
             nan            nan            nan            nan
             nan            nan            nan            nan
             nan            nan 4.34860178e-05 4.36511585e-05
  4.36464983e-05]
 [           nan            nan            nan            nan
             nan            nan            nan            nan
             nan            nan            nan            nan
             nan            nan            nan 1.87691897e-02
  1.87695575e-02]
 [           nan            nan            nan            nan
             nan            nan            nan            nan
             nan            nan            nan            nan
             nan            nan            nan            nan
  2.93420261e-05]
 [           nan            nan            nan            nan
             nan            nan            nan            nan
             nan            nan            nan            nan
             nan            nan            nan            nan
             nan]]
