S1:[ 2.32760059e-01  1.14208831e-02 -1.67388660e-05 -3.26434037e-05
 -1.71529327e-04  2.38589187e-01  2.41787101e-03  2.54260476e-02
  9.64210111e-02  1.94933236e-01  1.15557069e-02  4.30808424e-02
  3.33837251e-04  6.29314654e-06  0.00000000e+00 -1.69691171e-06
  2.94927097e-04]
S1_conf:[2.27612358e-02 5.61865550e-03 5.61516694e-05 3.20673705e-04
 7.29016580e-04 2.56186934e-02 2.47795391e-03 6.21393781e-03
 1.39500282e-02 2.31137564e-02 5.96563860e-03 9.74920450e-03
 9.44288804e-04 3.96486684e-05 0.00000000e+00 5.67905479e-06
 5.16167199e-04]
ST:[3.08869618e-01 1.66624880e-02 9.66947256e-07 4.18621507e-05
 2.68399541e-04 3.11393190e-01 3.36927152e-03 3.05217613e-02
 1.26687206e-01 2.94867306e-01 1.82075988e-02 5.40683196e-02
 6.17493179e-04 9.10048541e-07 0.00000000e+00 1.80691965e-08
 1.30235806e-04]
ST_conf:[2.09263165e-02 1.58593770e-03 1.55941411e-07 5.52470347e-06
 3.06804383e-05 2.38003988e-02 2.57318325e-04 2.34731632e-03
 9.55273911e-03 2.60427928e-02 1.61410530e-03 3.50363969e-03
 4.41209304e-05 6.62916093e-08 0.00000000e+00 3.33079685e-09
 2.32791783e-05]
S2:[[            nan  4.33057760e-03  7.72670062e-03  7.74999944e-03
   8.29062074e-03  2.15488365e-02  7.77983840e-03  9.99046812e-03
   1.35843324e-02  4.30377625e-02  7.89155101e-03  1.17822473e-02
   7.84338135e-03  7.74370336e-03  7.75232400e-03  7.75253303e-03
   7.77570563e-03]
 [            nan             nan -2.38154826e-03 -2.37267511e-03
  -2.40933788e-03 -1.87428733e-03 -2.23769350e-03 -2.79309302e-03
  -6.04736592e-05 -6.67475817e-04 -2.39463596e-03 -1.61632023e-03
  -2.36585709e-03 -2.38068037e-03 -2.38141493e-03 -2.38180557e-03
  -2.38666447e-03]
 [            nan             nan             nan  2.02276521e-05
   1.98376265e-05  4.58459246e-05  2.00128974e-05  1.68808043e-05
   2.29982303e-05  5.69531072e-05  2.28087882e-05  2.15256021e-05
   2.05158580e-05  2.03690286e-05  2.03581590e-05  2.03611510e-05
   2.01708224e-05]
 [            nan             nan             nan             nan
   1.91706158e-05  5.86535174e-05  1.41582975e-05  7.80581296e-05
   5.69684137e-05  4.22053560e-05  3.68715420e-05  1.30996493e-05
   1.70917601e-05  1.54819629e-05  1.54599763e-05  1.54532768e-05
   1.66268632e-05]
 [            nan             nan             nan             nan
              nan  1.80056258e-04  1.19776999e-04  7.57382562e-05
   6.12726032e-04  4.06876829e-04  1.98090645e-04  2.31119609e-04
   1.08487722e-04  1.06391089e-04  1.06371979e-04  1.06382617e-04
   1.44033531e-04]
 [            nan             nan             nan             nan
              nan             nan  2.52912731e-03  1.87636458e-03
   5.65709986e-03  3.40986029e-02  4.55634261e-03  5.35281136e-03
   9.29251123e-04  1.02257397e-03  1.01415437e-03  1.01309701e-03
   9.28290596e-04]
 [            nan             nan             nan             nan
              nan             nan             nan -9.40540720e-04
  -9.45614953e-04 -1.92883679e-03 -9.58755239e-04 -8.29012772e-04
  -9.52992409e-04 -9.70029646e-04 -9.70980976e-04 -9.71112555e-04
  -9.79405846e-04]
 [            nan             nan             nan             nan
              nan             nan             nan             nan
  -4.03596654e-03 -2.28089164e-03 -4.67562770e-03 -4.76331082e-03
  -4.77178899e-03 -4.79991336e-03 -4.80038813e-03 -4.80035281e-03
  -4.85200219e-03]
 [            nan             nan             nan             nan
              nan             nan             nan             nan
              nan  9.00959610e-03 -3.54678527e-03 -2.58951063e-03
  -3.63794116e-03 -3.57125289e-03 -3.58009110e-03 -3.58052344e-03
  -3.57925347e-03]
 [            nan             nan             nan             nan
              nan             nan             nan             nan
              nan             nan  1.95856806e-03  2.75315292e-03
   1.98914655e-03  1.97267283e-03  1.98359926e-03  1.98154516e-03
   1.91190533e-03]
 [            nan             nan             nan             nan
              nan             nan             nan             nan
              nan             nan             nan -2.74251115e-03
  -1.93783277e-03 -1.94988492e-03 -1.94736849e-03 -1.94884008e-03
  -1.87919764e-03]
 [            nan             nan             nan             nan
              nan             nan             nan             nan
              nan             nan             nan             nan
  -2.10951967e-03 -2.23129896e-03 -2.23181410e-03 -2.23080483e-03
  -2.24023839e-03]
 [            nan             nan             nan             nan
              nan             nan             nan             nan
              nan             nan             nan             nan
              nan -3.07149923e-05 -3.08662992e-05 -3.09381892e-05
  -1.99411251e-05]
 [            nan             nan             nan             nan
              nan             nan             nan             nan
              nan             nan             nan             nan
              nan             nan -2.46903829e-05 -2.46908235e-05
  -2.45575163e-05]
 [            nan             nan             nan             nan
              nan             nan             nan             nan
              nan             nan             nan             nan
              nan             nan             nan  8.64820639e-19
   2.33103467e-18]
 [            nan             nan             nan             nan
              nan             nan             nan             nan
              nan             nan             nan             nan
              nan             nan             nan             nan
   2.58206695e-06]
 [            nan             nan             nan             nan
              nan             nan             nan             nan
              nan             nan             nan             nan
              nan             nan             nan             nan
              nan]]
S2_conf:[[           nan 3.01876878e-02 3.07414196e-02 3.07655928e-02
  3.08245223e-02 3.56886300e-02 3.11045574e-02 3.12869231e-02
  3.23272125e-02 3.34556038e-02 3.04862634e-02 3.36729185e-02
  3.08037395e-02 3.07343254e-02 3.07405314e-02 3.07402182e-02
  3.08037675e-02]
 [           nan            nan 8.51513411e-03 8.51409052e-03
  8.51945543e-03 9.54469751e-03 8.52964309e-03 8.61894342e-03
  8.93989571e-03 9.09229257e-03 8.50448002e-03 8.90049714e-03
  8.51688206e-03 8.51628751e-03 8.51662983e-03 8.51651214e-03
  8.52140649e-03]
 [           nan            nan            nan 7.60510477e-05
  7.58950953e-05 7.55914596e-05 7.59604216e-05 7.49144823e-05
  7.81676932e-05 7.78761226e-05 7.47292941e-05 7.83480881e-05
  7.62305909e-05 7.60082621e-05 7.60109496e-05 7.60103418e-05
  7.58643620e-05]
 [           nan            nan            nan            nan
  4.59531851e-04 4.96441548e-04 4.59384083e-04 4.53629527e-04
  4.64346134e-04 4.65866413e-04 4.64853484e-04 4.61282543e-04
  4.59390233e-04 4.59860463e-04 4.59863942e-04 4.59856533e-04
  4.61306998e-04]
 [           nan            nan            nan            nan
             nan 1.24176301e-03 9.88148846e-04 1.01156073e-03
  1.06668514e-03 1.01685506e-03 9.90658717e-04 1.02205043e-03
  9.71672901e-04 9.74433122e-04 9.74332751e-04 9.74359338e-04
  9.73268263e-04]
 [           nan            nan            nan            nan
             nan            nan 3.53344189e-02 3.64817701e-02
  3.79342907e-02 3.45319645e-02 3.55393268e-02 3.80639829e-02
  3.54016542e-02 3.53112738e-02 3.53111337e-02 3.53111675e-02
  3.53372401e-02]
 [           nan            nan            nan            nan
             nan            nan            nan 3.49784075e-03
  3.41165416e-03 3.70706561e-03 3.44147588e-03 3.51970123e-03
  3.38743903e-03 3.39024047e-03 3.39010486e-03 3.39000681e-03
  3.39254177e-03]
 [           nan            nan            nan            nan
             nan            nan            nan            nan
  9.30422239e-03 9.43115595e-03 8.82468687e-03 9.45270787e-03
  8.54229660e-03 8.57245852e-03 8.57287292e-03 8.57307075e-03
  8.58439873e-03]
 [           nan            nan            nan            nan
             nan            nan            nan            nan
             nan 2.21919899e-02 2.09942621e-02 2.18216238e-02
  2.08636384e-02 2.09164899e-02 2.09159484e-02 2.09159499e-02
  2.08835828e-02]
 [           nan            nan            nan            nan
             nan            nan            nan            nan
             nan            nan 2.87655631e-02 2.97839302e-02
  2.87645838e-02 2.87979208e-02 2.88006528e-02 2.87999908e-02
  2.88373691e-02]
 [           nan            nan            nan            nan
             nan            nan            nan            nan
             nan            nan            nan 9.94879150e-03
  9.53720454e-03 9.55545447e-03 9.55583981e-03 9.55536154e-03
  9.57419986e-03]
 [           nan            nan            nan            nan
             nan            nan            nan            nan
             nan            nan            nan            nan
  1.43044436e-02 1.42709884e-02 1.42723469e-02 1.42725371e-02
  1.42601302e-02]
 [           nan            nan            nan            nan
             nan            nan            nan            nan
             nan            nan            nan            nan
             nan 1.77082357e-03 1.77071946e-03 1.77073397e-03
  1.77106006e-03]
 [           nan            nan            nan            nan
             nan            nan            nan            nan
             nan            nan            nan            nan
             nan            nan 5.52032872e-05 5.52036720e-05
  5.51483290e-05]
 [           nan            nan            nan            nan
             nan            nan            nan            nan
             nan            nan            nan            nan
             nan            nan            nan 1.93622612e-18
  2.52227400e-18]
 [           nan            nan            nan            nan
             nan            nan            nan            nan
             nan            nan            nan            nan
             nan            nan            nan            nan
  8.49055119e-06]
 [           nan            nan            nan            nan
             nan            nan            nan            nan
             nan            nan            nan            nan
             nan            nan            nan            nan
             nan]]
