S1:[ 1.78415581e-01  2.96395747e-03 -2.31964811e-05 -6.80357921e-05
 -1.50241427e-04  1.85410522e-01  1.66666892e-03  2.40256337e-02
  1.24708579e-01  2.03062944e-01  1.61218299e-02  1.02336897e-01
  1.18036430e-02  8.38802615e-04  0.00000000e+00 -5.03256861e-06
  3.06003330e-04]
S1_conf:[2.16008156e-02 3.10111730e-03 5.94509787e-05 3.56738824e-04
 1.03777601e-03 2.29035289e-02 2.44770114e-03 7.45163417e-03
 1.53565286e-02 2.16491889e-02 6.79135538e-03 1.48517769e-02
 5.03222208e-03 1.05790265e-03 0.00000000e+00 2.21517169e-05
 5.83115595e-04]
ST:[2.48605841e-01 5.03495577e-03 1.51420867e-06 5.73305717e-05
 4.14676083e-04 2.52237413e-01 2.82724636e-03 2.92528257e-02
 1.67471026e-01 3.05865434e-01 2.49931551e-02 1.31216983e-01
 1.54346982e-02 6.21728276e-04 0.00000000e+00 1.94306517e-07
 1.62670880e-04]
ST_conf:[1.81373962e-02 5.39053309e-04 2.55633036e-07 7.64803390e-06
 4.59807645e-05 1.73176092e-02 2.01710637e-04 2.09907015e-03
 1.12422783e-02 2.45108563e-02 2.36937878e-03 8.18802621e-03
 1.04203118e-03 4.87518018e-05 0.00000000e+00 3.33044733e-08
 3.41059531e-05]
S2:[[            nan  1.45841911e-04  1.52321959e-03  1.58633404e-03
   2.06408551e-03  1.20588381e-02  1.63368202e-03  3.73795363e-03
   8.06605913e-03  3.40404952e-02  1.33628961e-03  1.01600717e-02
   3.11021649e-03  9.78987698e-04  1.55488418e-03  1.55608257e-03
   1.55741424e-03]
 [            nan             nan -2.99195713e-04 -2.89971107e-04
  -3.14857890e-04 -8.91786234e-05 -2.49512455e-04 -5.68220648e-04
   4.10987144e-04  1.37495682e-04 -3.86405413e-04  3.59295178e-04
  -2.17611362e-04 -2.80207378e-04 -2.99706214e-04 -3.00530848e-04
  -3.10736179e-04]
 [            nan             nan             nan  2.16006211e-05
   2.10587215e-05  4.46048348e-05  2.13560214e-05  1.78228527e-05
   2.78622472e-05  7.05207609e-05  2.49934182e-05  2.00637461e-05
   2.38502507e-05  2.17211597e-05  2.17613952e-05  2.17736688e-05
   2.15619960e-05]
 [            nan             nan             nan             nan
   3.32914839e-05  1.02136216e-04  2.40848928e-05  1.05121549e-04
   9.32563182e-05  4.85086223e-05  5.38718317e-05  4.11773397e-05
   3.57159481e-05  2.58887171e-05  2.54262284e-05  2.53921607e-05
   2.65658863e-05]
 [            nan             nan             nan             nan
              nan  6.29691933e-05  3.91789548e-05 -2.36345351e-05
   7.59354902e-04  4.35235876e-04  1.09945474e-04  2.67900030e-04
   3.62891511e-05  2.41840551e-05  2.28829697e-05  2.28574780e-05
   6.77979487e-05]
 [            nan             nan             nan             nan
              nan             nan -9.84535505e-04 -2.03335929e-03
   1.39708500e-03  2.77006689e-02  1.59657211e-03  6.35819141e-03
  -2.11123053e-03 -2.19219249e-03 -2.43958002e-03 -2.44289425e-03
  -2.49446062e-03]
 [            nan             nan             nan             nan
              nan             nan             nan -6.00078176e-04
  -6.58005345e-04 -1.68595299e-03 -6.24790900e-04 -3.60096226e-04
  -5.21903182e-04 -5.97679566e-04 -6.22169488e-04 -6.22437557e-04
  -6.26296398e-04]
 [            nan             nan             nan             nan
              nan             nan             nan             nan
  -3.10418578e-03 -2.16014025e-03 -4.10772194e-03 -4.35293207e-03
  -4.13029223e-03 -4.17038653e-03 -4.20209851e-03 -4.20194385e-03
  -4.25815867e-03]
 [            nan             nan             nan             nan
              nan             nan             nan             nan
              nan  1.99422566e-02 -2.23853302e-03  1.95494490e-03
  -2.40131321e-03 -1.88845734e-03 -2.14485794e-03 -2.15222012e-03
  -2.18360631e-03]
 [            nan             nan             nan             nan
              nan             nan             nan             nan
              nan             nan -4.62397437e-03  1.10470239e-03
  -3.45706073e-03 -4.07853392e-03 -3.77909568e-03 -3.79007629e-03
  -3.84663593e-03]
 [            nan             nan             nan             nan
              nan             nan             nan             nan
              nan             nan             nan -2.11301141e-03
  -8.18087309e-04 -6.71683157e-04 -6.16770495e-04 -6.21977316e-04
  -5.34872222e-04]
 [            nan             nan             nan             nan
              nan             nan             nan             nan
              nan             nan             nan             nan
  -2.94701095e-03 -4.05750938e-03 -4.12679791e-03 -4.12108647e-03
  -4.12350990e-03]
 [            nan             nan             nan             nan
              nan             nan             nan             nan
              nan             nan             nan             nan
              nan -9.90739033e-04 -1.00117896e-03 -1.00240805e-03
  -9.34448651e-04]
 [            nan             nan             nan             nan
              nan             nan             nan             nan
              nan             nan             nan             nan
              nan             nan -9.90972061e-04 -9.90997616e-04
  -9.87699253e-04]
 [            nan             nan             nan             nan
              nan             nan             nan             nan
              nan             nan             nan             nan
              nan             nan             nan  1.91175336e-18
   2.00577402e-18]
 [            nan             nan             nan             nan
              nan             nan             nan             nan
              nan             nan             nan             nan
              nan             nan             nan             nan
   1.27704539e-05]
 [            nan             nan             nan             nan
              nan             nan             nan             nan
              nan             nan             nan             nan
              nan             nan             nan             nan
              nan]]
S2_conf:[[           nan 3.19563508e-02 3.20628957e-02 3.20459129e-02
  3.21555085e-02 3.66487605e-02 3.20708166e-02 3.25540672e-02
  3.32802154e-02 3.28405166e-02 3.13653495e-02 3.21987309e-02
  3.17414939e-02 3.20486998e-02 3.20623287e-02 3.20587616e-02
  3.20418018e-02]
 [           nan            nan 5.09105343e-03 5.09409288e-03
  5.06788878e-03 5.66521880e-03 5.16976312e-03 5.14789203e-03
  5.84919071e-03 5.09477478e-03 5.20361640e-03 5.40189267e-03
  5.20295646e-03 5.08663389e-03 5.09133507e-03 5.09124249e-03
  5.09345869e-03]
 [           nan            nan            nan 8.09107251e-05
  8.08828894e-05 8.78001045e-05 8.09602987e-05 8.15010165e-05
  8.73275277e-05 8.54062740e-05 8.07440741e-05 8.99415643e-05
  8.30437986e-05 8.07546112e-05 8.09059543e-05 8.09044342e-05
  8.07197580e-05]
 [           nan            nan            nan            nan
  5.06175604e-04 5.61572123e-04 5.08047936e-04 4.95641320e-04
  5.11673712e-04 5.49464859e-04 5.13209229e-04 5.59589974e-04
  5.06722887e-04 5.06244959e-04 5.06486234e-04 5.06435839e-04
  5.06611262e-04]
 [           nan            nan            nan            nan
             nan 1.55770135e-03 1.24586761e-03 1.25588656e-03
  1.34147426e-03 1.37071514e-03 1.25629339e-03 1.41132375e-03
  1.24676654e-03 1.24626078e-03 1.24269217e-03 1.24276774e-03
  1.24316301e-03]
 [           nan            nan            nan            nan
             nan            nan 3.26743805e-02 3.23610113e-02
  3.70438419e-02 3.14710692e-02 3.33964167e-02 3.34779854e-02
  3.20437890e-02 3.24989562e-02 3.25526929e-02 3.25532497e-02
  3.25415330e-02]
 [           nan            nan            nan            nan
             nan            nan            nan 3.53621992e-03
  3.96038416e-03 3.51779201e-03 3.46504914e-03 3.87568420e-03
  3.46050603e-03 3.48400293e-03 3.48415954e-03 3.48411274e-03
  3.48721028e-03]
 [           nan            nan            nan            nan
             nan            nan            nan            nan
  1.12863372e-02 1.18573244e-02 1.09834323e-02 1.26872697e-02
  1.07526822e-02 1.07217418e-02 1.06882990e-02 1.06884000e-02
  1.06883433e-02]
 [           nan            nan            nan            nan
             nan            nan            nan            nan
             nan 2.26437113e-02 2.19049602e-02 2.40683328e-02
  2.20925191e-02 2.18903373e-02 2.20396461e-02 2.20381652e-02
  2.19908424e-02]
 [           nan            nan            nan            nan
             nan            nan            nan            nan
             nan            nan 2.68623913e-02 2.86336521e-02
  2.66957526e-02 2.68896195e-02 2.68896565e-02 2.68886112e-02
  2.68667317e-02]
 [           nan            nan            nan            nan
             nan            nan            nan            nan
             nan            nan            nan 1.18142265e-02
  1.05430544e-02 1.07306994e-02 1.07266061e-02 1.07242497e-02
  1.07606523e-02]
 [           nan            nan            nan            nan
             nan            nan            nan            nan
             nan            nan            nan            nan
  2.05551297e-02 2.08754824e-02 2.08268247e-02 2.08263496e-02
  2.08203858e-02]
 [           nan            nan            nan            nan
             nan            nan            nan            nan
             nan            nan            nan            nan
             nan 6.82616330e-03 6.78651259e-03 6.78636989e-03
  6.80063661e-03]
 [           nan            nan            nan            nan
             nan            nan            nan            nan
             nan            nan            nan            nan
             nan            nan 1.71989086e-03 1.71988146e-03
  1.71590388e-03]
 [           nan            nan            nan            nan
             nan            nan            nan            nan
             nan            nan            nan            nan
             nan            nan            nan 1.95525957e-18
  2.08833017e-18]
 [           nan            nan            nan            nan
             nan            nan            nan            nan
             nan            nan            nan            nan
             nan            nan            nan            nan
  2.99084534e-05]
 [           nan            nan            nan            nan
             nan            nan            nan            nan
             nan            nan            nan            nan
             nan            nan            nan            nan
             nan]]
