S1:[ 1.22978892e-01  1.11994237e-02  2.96645867e-03  1.30981086e-02
  1.01497359e-02  1.15896238e-01 -2.95787667e-04  7.95961330e-02
 -2.07616978e-02  4.15806356e-03 -1.23164644e-02  3.48970359e-02
  7.45736884e-05 -8.49325548e-04  4.24094649e-03  1.14716534e-03
  4.23098332e-03]
S1_conf:[0.04064114 0.02444156 0.00500085 0.01758612 0.0245819  0.04273582
 0.01293901 0.05860743 0.01639398 0.00925512 0.01090141 0.02389136
 0.01675883 0.00846297 0.01063756 0.00244531 0.00606728]
ST:[0.47534895 0.21295755 0.009442   0.08223532 0.12698274 0.57176239
 0.03294863 0.60131362 0.07226864 0.03113936 0.03510788 0.28135309
 0.07557006 0.00695059 0.042657   0.00091038 0.02282866]
ST_conf:[0.05400725 0.05103253 0.01097915 0.02634302 0.03522578 0.06627379
 0.01705947 0.07010644 0.01354603 0.00933484 0.00916695 0.06400861
 0.03533311 0.00867977 0.01533009 0.00155872 0.01481801]
S2:[[            nan  2.36729305e-02  2.74946912e-02  1.52835128e-02
   1.80780051e-02  2.99148288e-02  2.66068436e-02  8.32582243e-03
   3.47326466e-02  2.75295525e-02  4.87711509e-02  3.34665190e-02
   4.57996101e-02  2.78330561e-02  3.08148252e-02  2.88310922e-02
   2.69614665e-02]
 [            nan             nan -6.60070851e-03 -7.31928698e-03
   9.09616173e-03  1.53098700e-02  6.44317880e-03  1.85813806e-02
  -1.91009987e-03 -4.68420565e-03 -2.39198442e-03 -3.73441700e-04
   4.47778241e-03 -6.50705864e-03 -1.67854711e-03 -6.05899628e-03
  -5.06465226e-03]
 [            nan             nan             nan -3.97337734e-03
  -3.04067055e-03 -2.21507499e-03 -3.66330802e-03  1.42674938e-04
  -3.66929061e-03 -3.57059385e-03 -3.67060979e-03 -4.12832514e-03
  -3.62492618e-03 -3.60187105e-03 -3.60413610e-03 -3.58663225e-03
  -3.64122956e-03]
 [            nan             nan             nan             nan
  -5.67871492e-03  6.29577052e-03  1.11069663e-03 -1.64299470e-02
   3.83187113e-03 -1.91165667e-03 -1.14408272e-04 -3.01076239e-04
   4.80386174e-03  2.37142130e-04  6.25000786e-03  6.70097410e-04
  -3.75889239e-04]
 [            nan             nan             nan             nan
              nan -1.91462241e-03 -1.50999243e-02 -3.23584020e-03
  -1.91150727e-02 -1.34103654e-02 -1.18725965e-02 -7.11922325e-03
  -7.30975422e-03 -1.69633710e-02 -1.03779497e-02 -1.63447502e-02
  -1.68983950e-02]
 [            nan             nan             nan             nan
              nan             nan  1.88152976e-02  3.49983036e-02
   3.37598213e-02  2.79754377e-02  2.99767966e-02  4.36904684e-02
   1.98321027e-02  2.28338423e-02  2.37399559e-02  2.38501471e-02
   2.00508135e-02]
 [            nan             nan             nan             nan
              nan             nan             nan  8.15611456e-03
   5.51755367e-03  3.18826547e-03  2.37406285e-03 -7.74749871e-05
   6.19661920e-03  3.61073408e-03  4.93365300e-03  3.66984944e-03
   3.79942317e-03]
 [            nan             nan             nan             nan
              nan             nan             nan             nan
  -1.12459432e-02 -3.11673201e-02 -1.29681988e-02 -2.15933155e-02
  -2.67863917e-03 -3.18269199e-02 -2.75792380e-02 -3.34591877e-02
  -3.75937818e-02]
 [            nan             nan             nan             nan
              nan             nan             nan             nan
              nan  3.06916957e-02  3.44238908e-02  2.98938490e-02
   3.12651804e-02  2.91888021e-02  3.07361677e-02  2.91554718e-02
   2.87190988e-02]
 [            nan             nan             nan             nan
              nan             nan             nan             nan
              nan             nan -7.10508650e-03 -4.60903596e-03
  -5.26349553e-03 -7.96402081e-03 -5.38441810e-03 -8.81908969e-03
  -5.62950308e-03]
 [            nan             nan             nan             nan
              nan             nan             nan             nan
              nan             nan             nan  1.35510548e-02
   5.48705133e-03  4.49631574e-03  5.12569493e-03  4.44148148e-03
   5.11054254e-03]
 [            nan             nan             nan             nan
              nan             nan             nan             nan
              nan             nan             nan             nan
   8.73787048e-03  3.39127200e-03  1.01092347e-02  3.13031258e-03
  -6.43416450e-04]
 [            nan             nan             nan             nan
              nan             nan             nan             nan
              nan             nan             nan             nan
              nan -4.30306311e-03 -2.20042897e-03 -4.33072680e-03
  -4.46658035e-03]
 [            nan             nan             nan             nan
              nan             nan             nan             nan
              nan             nan             nan             nan
              nan             nan  3.64035040e-03  3.58458237e-03
   3.56872437e-03]
 [            nan             nan             nan             nan
              nan             nan             nan             nan
              nan             nan             nan             nan
              nan             nan             nan -8.46823163e-05
   8.42236585e-05]
 [            nan             nan             nan             nan
              nan             nan             nan             nan
              nan             nan             nan             nan
              nan             nan             nan             nan
   2.05827329e-04]
 [            nan             nan             nan             nan
              nan             nan             nan             nan
              nan             nan             nan             nan
              nan             nan             nan             nan
              nan]]
S2_conf:[[       nan 0.05868437 0.05374234 0.05643293 0.05692072 0.05917363
  0.05300831 0.06767634 0.05243171 0.05484068 0.06034294 0.05682417
  0.05274675 0.0534763  0.05439781 0.05384149 0.05385905]
 [       nan        nan 0.03588011 0.03539591 0.03904899 0.04152154
  0.0401662  0.03858631 0.03504618 0.03627446 0.03487881 0.03202718
  0.03558789 0.03592435 0.0351037  0.03609177 0.03623281]
 [       nan        nan        nan 0.00588421 0.00594781 0.00710035
  0.00601366 0.00647167 0.00597282 0.00598421 0.00599656 0.00595371
  0.00590743 0.00598413 0.0059892  0.00597907 0.00599144]
 [       nan        nan        nan        nan 0.02554454 0.02772056
  0.02497596 0.02763294 0.02467602 0.02443698 0.02544454 0.02383593
  0.02447124 0.02475355 0.02589504 0.02469364 0.02463579]
 [       nan        nan        nan        nan        nan 0.03010124
  0.03050251 0.02917519 0.02960495 0.029602   0.02837091 0.02997136
  0.03015604 0.02902794 0.02883269 0.0290707  0.02916697]
 [       nan        nan        nan        nan        nan        nan
  0.05950285 0.06479458 0.05984888 0.05886022 0.0579644  0.05868052
  0.05690049 0.05778706 0.057213   0.05784419 0.05733004]
 [       nan        nan        nan        nan        nan        nan
         nan 0.02092349 0.01593032 0.01523758 0.01548536 0.0127232
  0.01581694 0.01634991 0.01732153 0.01635443 0.01635505]
 [       nan        nan        nan        nan        nan        nan
         nan        nan 0.07180968 0.07131278 0.07201978 0.07768071
  0.06864792 0.06952847 0.06871596 0.06900999 0.06898716]
 [       nan        nan        nan        nan        nan        nan
         nan        nan        nan 0.02696564 0.02507534 0.02470908
  0.0249624  0.02560673 0.02562055 0.02560399 0.02542259]
 [       nan        nan        nan        nan        nan        nan
         nan        nan        nan        nan 0.01774745 0.01579014
  0.01748686 0.01759443 0.01907386 0.01790441 0.01806035]
 [       nan        nan        nan        nan        nan        nan
         nan        nan        nan        nan        nan 0.01578798
  0.01632794 0.01645069 0.01692351 0.01644722 0.01640683]
 [       nan        nan        nan        nan        nan        nan
         nan        nan        nan        nan        nan        nan
  0.04368759 0.04031682 0.04043955 0.04014941 0.03983453]
 [       nan        nan        nan        nan        nan        nan
         nan        nan        nan        nan        nan        nan
         nan 0.01944491 0.01886038 0.01944035 0.01950556]
 [       nan        nan        nan        nan        nan        nan
         nan        nan        nan        nan        nan        nan
         nan        nan 0.01029158 0.01029083 0.01029162]
 [       nan        nan        nan        nan        nan        nan
         nan        nan        nan        nan        nan        nan
         nan        nan        nan 0.0175361  0.01749731]
 [       nan        nan        nan        nan        nan        nan
         nan        nan        nan        nan        nan        nan
         nan        nan        nan        nan 0.00296065]
 [       nan        nan        nan        nan        nan        nan
         nan        nan        nan        nan        nan        nan
         nan        nan        nan        nan        nan]]
