S1:[ 2.32725476e-01  1.13334293e-02 -8.86108577e-06 -1.73069908e-05
 -1.74560034e-04  2.38567039e-01  2.43135305e-03  2.48679280e-02
  9.71409463e-02  1.95449271e-01  1.16435643e-02  4.29721615e-02
  3.34793473e-04  6.49473699e-06  0.00000000e+00 -1.83140520e-06
  7.72892546e-05]
S1_conf:[2.15697294e-02 5.32918701e-03 2.34689171e-05 1.59643276e-04
 3.17401149e-04 2.35301911e-02 2.30798490e-03 7.48802396e-03
 1.44834129e-02 2.46175234e-02 6.43439399e-03 1.08648513e-02
 1.07111156e-03 3.79016049e-05 0.00000000e+00 8.73857831e-06
 1.95859313e-04]
ST:[3.08706723e-01 1.65366546e-02 2.24442052e-07 1.32545711e-05
 5.64168866e-05 3.11283255e-01 3.36928249e-03 2.98876074e-02
 1.27160452e-01 2.95249790e-01 1.82949734e-02 5.38332738e-02
 6.15004178e-04 9.06234067e-07 0.00000000e+00 3.39496967e-08
 1.88791117e-05]
ST_conf:[2.23045761e-02 1.46570435e-03 4.38184692e-08 1.64280297e-06
 6.36194584e-06 1.71145693e-02 1.92013403e-04 2.12333448e-03
 9.30115518e-03 2.46480735e-02 1.48742087e-03 3.41543747e-03
 4.05014896e-05 5.96403642e-08 0.00000000e+00 6.37136028e-09
 3.01002793e-06]
S2:[[            nan  4.35107946e-03  7.76162397e-03  7.75318595e-03
   8.01777136e-03  2.15993454e-02  7.80141771e-03  1.00263692e-02
   1.35829222e-02  4.30898602e-02  7.91676847e-03  1.17281727e-02
   7.86625911e-03  7.76489959e-03  7.77373687e-03  7.77420714e-03
   7.77055961e-03]
 [            nan             nan -2.40342026e-03 -2.40218736e-03
  -2.41751779e-03 -1.91553869e-03 -2.26181462e-03 -2.81618940e-03
  -1.07705520e-04 -7.06028069e-04 -2.41444923e-03 -1.65271519e-03
  -2.38836760e-03 -2.40309899e-03 -2.40380859e-03 -2.40437046e-03
  -2.40536239e-03]
 [            nan             nan             nan  1.18910601e-05
   1.18356178e-05  2.39779657e-05  1.17496130e-05  1.05621332e-05
   1.33794482e-05  2.96818616e-05  1.29332178e-05  1.27705838e-05
   1.19954989e-05  1.19393077e-05  1.19334525e-05  1.19343418e-05
   1.19214844e-05]
 [            nan             nan             nan             nan
   9.89974550e-06  3.21843799e-05  6.56059803e-06  4.26963861e-05
   2.40047348e-05  2.52600498e-05  2.06397963e-05  7.02089512e-06
   1.01214887e-05  8.69447574e-06  8.67301600e-06  8.66517501e-06
   8.85273358e-06]
 [            nan             nan             nan             nan
              nan  1.33952384e-04  1.03855664e-04  8.76978098e-05
   3.00642099e-04  2.36055711e-04  1.48701853e-04  1.53484228e-04
   1.01093815e-04  9.96541254e-05  9.96252159e-05  9.96207837e-05
   1.04723810e-04]
 [            nan             nan             nan             nan
              nan             nan  2.43367630e-03  1.75183143e-03
   5.54902961e-03  3.41425893e-02  4.48985902e-03  5.24725247e-03
   8.43264627e-04  9.35890687e-04  9.27617296e-04  9.26745775e-04
   8.90800224e-04]
 [            nan             nan             nan             nan
              nan             nan             nan -9.44119482e-04
  -9.42659280e-04 -1.93497406e-03 -9.56998813e-04 -8.25038085e-04
  -9.51620856e-04 -9.68609916e-04 -9.69542571e-04 -9.69707525e-04
  -9.73101560e-04]
 [            nan             nan             nan             nan
              nan             nan             nan             nan
  -3.98856850e-03 -2.28624835e-03 -4.64386885e-03 -4.70423362e-03
  -4.71656057e-03 -4.74208113e-03 -4.74248936e-03 -4.74243515e-03
  -4.75669764e-03]
 [            nan             nan             nan             nan
              nan             nan             nan             nan
              nan  8.72728699e-03 -4.00256130e-03 -3.03784605e-03
  -4.09279716e-03 -4.02597673e-03 -4.03487583e-03 -4.03519483e-03
  -4.02491748e-03]
 [            nan             nan             nan             nan
              nan             nan             nan             nan
              nan             nan  1.72002709e-03  2.51832058e-03
   1.74223572e-03  1.72881258e-03  1.73979189e-03  1.73723319e-03
   1.71984538e-03]
 [            nan             nan             nan             nan
              nan             nan             nan             nan
              nan             nan             nan -2.75397050e-03
  -1.94574412e-03 -1.95528962e-03 -1.95280361e-03 -1.95459609e-03
  -1.92951917e-03]
 [            nan             nan             nan             nan
              nan             nan             nan             nan
              nan             nan             nan             nan
  -2.17947660e-03 -2.30111468e-03 -2.30161272e-03 -2.30054312e-03
  -2.30204051e-03]
 [            nan             nan             nan             nan
              nan             nan             nan             nan
              nan             nan             nan             nan
              nan -3.05992530e-05 -3.07492225e-05 -3.08664222e-05
  -2.63942053e-05]
 [            nan             nan             nan             nan
              nan             nan             nan             nan
              nan             nan             nan             nan
              nan             nan -2.49253738e-05 -2.49260704e-05
  -2.48831886e-05]
 [            nan             nan             nan             nan
              nan             nan             nan             nan
              nan             nan             nan             nan
              nan             nan             nan  1.02914503e-19
  -2.42590236e-18]
 [            nan             nan             nan             nan
              nan             nan             nan             nan
              nan             nan             nan             nan
              nan             nan             nan             nan
   2.37220622e-06]
 [            nan             nan             nan             nan
              nan             nan             nan             nan
              nan             nan             nan             nan
              nan             nan             nan             nan
              nan]]
S2_conf:[[           nan 3.09845002e-02 3.06590465e-02 3.06596194e-02
  3.06507495e-02 3.61229845e-02 3.12000270e-02 3.20538974e-02
  3.37847038e-02 3.15599236e-02 3.21320632e-02 3.27417877e-02
  3.08433908e-02 3.06550848e-02 3.06580344e-02 3.06584563e-02
  3.06685677e-02]
 [           nan            nan 8.15139969e-03 8.15310016e-03
  8.14829651e-03 9.31541582e-03 8.16720845e-03 8.30141853e-03
  8.78507037e-03 8.86322195e-03 8.02787785e-03 8.50578881e-03
  8.15515995e-03 8.15267661e-03 8.15166281e-03 8.15182950e-03
  8.15304952e-03]
 [           nan            nan            nan 3.84935078e-05
  3.84734999e-05 3.97467420e-05 3.86322639e-05 3.75076856e-05
  4.08341597e-05 3.81634586e-05 3.84300222e-05 3.85254064e-05
  3.85666131e-05 3.84900768e-05 3.84877903e-05 3.84872949e-05
  3.85008563e-05]
 [           nan            nan            nan            nan
  2.21919017e-04 2.38013680e-04 2.23052072e-04 2.23006919e-04
  2.24731385e-04 2.34991690e-04 2.24368812e-04 2.32599367e-04
  2.22418140e-04 2.21971015e-04 2.21990731e-04 2.21998414e-04
  2.22272800e-04]
 [           nan            nan            nan            nan
             nan 5.46467611e-04 4.32366691e-04 4.29724076e-04
  4.41828318e-04 4.64330494e-04 4.38387979e-04 4.64737744e-04
  4.32717338e-04 4.31975065e-04 4.31884707e-04 4.31873708e-04
  4.31524219e-04]
 [           nan            nan            nan            nan
             nan            nan 3.30424315e-02 3.43503118e-02
  3.59122178e-02 3.40842535e-02 3.33823682e-02 3.45591869e-02
  3.32287445e-02 3.32900020e-02 3.32930429e-02 3.32928135e-02
  3.32759074e-02]
 [           nan            nan            nan            nan
             nan            nan            nan 3.46451901e-03
  3.73310292e-03 3.51172512e-03 3.46800860e-03 3.48160933e-03
  3.37302402e-03 3.38575806e-03 3.38578455e-03 3.38575936e-03
  3.38337354e-03]
 [           nan            nan            nan            nan
             nan            nan            nan            nan
  1.10667551e-02 1.14331122e-02 1.09801798e-02 1.17740568e-02
  1.08565412e-02 1.08513311e-02 1.08507421e-02 1.08506905e-02
  1.08554216e-02]
 [           nan            nan            nan            nan
             nan            nan            nan            nan
             nan 2.20476636e-02 2.05779189e-02 2.08352425e-02
  2.04281472e-02 2.05022506e-02 2.05014869e-02 2.05016599e-02
  2.05130270e-02]
 [           nan            nan            nan            nan
             nan            nan            nan            nan
             nan            nan 2.94073056e-02 2.91938589e-02
  2.90859471e-02 2.91929974e-02 2.91933173e-02 2.91930057e-02
  2.91945212e-02]
 [           nan            nan            nan            nan
             nan            nan            nan            nan
             nan            nan            nan 1.04693614e-02
  1.05077928e-02 1.04987996e-02 1.04982989e-02 1.04978081e-02
  1.05062393e-02]
 [           nan            nan            nan            nan
             nan            nan            nan            nan
             nan            nan            nan            nan
  1.68744452e-02 1.68651345e-02 1.68651169e-02 1.68654943e-02
  1.68665694e-02]
 [           nan            nan            nan            nan
             nan            nan            nan            nan
             nan            nan            nan            nan
             nan 1.49522796e-03 1.49514180e-03 1.49514889e-03
  1.49700138e-03]
 [           nan            nan            nan            nan
             nan            nan            nan            nan
             nan            nan            nan            nan
             nan            nan 5.98972805e-05 5.98976800e-05
  5.98938785e-05]
 [           nan            nan            nan            nan
             nan            nan            nan            nan
             nan            nan            nan            nan
             nan            nan            nan 1.81160264e-18
  1.91185814e-18]
 [           nan            nan            nan            nan
             nan            nan            nan            nan
             nan            nan            nan            nan
             nan            nan            nan            nan
  1.31726623e-05]
 [           nan            nan            nan            nan
             nan            nan            nan            nan
             nan            nan            nan            nan
             nan            nan            nan            nan
             nan]]
