S1:[ 2.53678859e-01  1.39325508e-02 -4.88244887e-04 -1.34450496e-03
 -1.41334732e-02  2.47624258e-01 -4.30716766e-03 -4.03099435e-03
 -7.74270476e-03  7.55680932e-03 -5.85597007e-03  1.16469122e-02
 -7.96747237e-03 -2.85436893e-06 -5.50065717e-03 -3.22140238e-06
  7.01997572e-05]
S1_conf:[4.41481974e-02 2.46992929e-02 1.29523562e-03 1.80959814e-02
 1.71299661e-02 4.54360253e-02 8.95520118e-03 4.40537289e-02
 1.25395452e-02 7.74500254e-03 7.16105549e-03 2.25223818e-02
 8.87864544e-03 1.00675848e-05 1.02262588e-02 6.44171439e-06
 3.05759318e-03]
ST:[5.35051996e-01 1.69287389e-01 1.86994257e-03 1.14036512e-01
 9.91763050e-02 5.60138725e-01 2.53673229e-02 3.92334426e-01
 5.23495033e-02 2.21988105e-02 2.09427773e-02 1.99685478e-01
 1.37188594e-02 4.99915425e-08 3.46175297e-02 2.48332145e-08
 8.61255974e-03]
ST_conf:[6.42996109e-02 4.45654212e-02 3.53878581e-03 3.67947564e-02
 2.87308468e-02 6.52867403e-02 1.39808411e-02 4.70860758e-02
 1.16461817e-02 6.54012451e-03 6.43238155e-03 4.81624423e-02
 1.47820872e-02 4.47863712e-08 1.16662528e-02 4.35429292e-08
 7.56437216e-03]
S2:[[            nan  1.03852508e-02  1.03093112e-02 -8.80674766e-03
   1.11362582e-02  4.93726914e-02  8.84808834e-03  6.56925083e-03
   9.47852179e-03  8.68056169e-03  2.90511856e-02  9.25806650e-03
   1.41610217e-02  1.00037637e-02  1.26867970e-02  1.00079976e-02
   6.77821455e-03]
 [            nan             nan  4.28078934e-02  4.14637897e-02
   5.40855185e-02  5.72975879e-02  4.26063338e-02  5.42495307e-02
   4.64371490e-02  4.28497318e-02  4.05962466e-02  3.95982144e-02
   4.28366816e-02  4.24897389e-02  4.73061779e-02  4.24903815e-02
   4.20577703e-02]
 [            nan             nan             nan -3.20110643e-03
  -3.76375478e-03 -3.57117240e-03 -3.06614013e-03 -5.45792971e-03
  -3.34160469e-03 -3.21470895e-03 -3.03050283e-03 -2.94644790e-03
  -3.20682796e-03 -3.24826133e-03 -3.20282924e-03 -3.24751769e-03
  -3.24814800e-03]
 [            nan             nan             nan             nan
   2.12195612e-02  1.92611617e-02  1.94247183e-02  2.31520874e-02
   2.16992600e-02  1.97400175e-02  2.00422511e-02  9.83304626e-03
   1.99769195e-02  1.98845137e-02  2.20764293e-02  1.98858985e-02
   1.79445213e-02]
 [            nan             nan             nan             nan
              nan  2.41242343e-02  5.11478102e-03  1.46319576e-02
   7.67862734e-03  6.91696180e-03  4.76208278e-03  3.14633862e-03
   9.14893150e-03  5.21905693e-03  7.15173652e-03  5.21999169e-03
   5.11143441e-03]
 [            nan             nan             nan             nan
              nan             nan  1.89661362e-02  1.93955154e-02
   1.83414857e-02  1.04032562e-02  1.61756659e-02  8.94764016e-03
   1.74683307e-02  1.34555978e-02  2.06419962e-02  1.34571572e-02
   1.52332383e-02]
 [            nan             nan             nan             nan
              nan             nan             nan  1.10299734e-02
   7.42682982e-03  1.29803040e-02  8.87781557e-03  8.69728907e-03
   1.05213024e-02  1.11515857e-02  1.51643004e-02  1.11520259e-02
   1.11976153e-02]
 [            nan             nan             nan             nan
              nan             nan             nan             nan
   3.50947411e-02  2.22699643e-02  2.28225900e-02  3.63378104e-02
   3.05374775e-02  2.14374884e-02  2.93502451e-02  2.14424389e-02
   2.13751247e-02]
 [            nan             nan             nan             nan
              nan             nan             nan             nan
              nan  1.93153522e-02  1.81498037e-02  1.88431956e-02
   1.84296697e-02  1.83886695e-02  1.90313529e-02  1.83896025e-02
   1.84389005e-02]
 [            nan             nan             nan             nan
              nan             nan             nan             nan
              nan             nan -9.07724556e-03 -1.20547150e-02
  -8.34975339e-03 -8.34104263e-03 -7.89019095e-03 -8.34123977e-03
  -8.33785071e-03]
 [            nan             nan             nan             nan
              nan             nan             nan             nan
              nan             nan             nan  4.94195332e-03
   6.31620829e-03  4.89591687e-03  7.46165534e-03  4.89551917e-03
   4.90481059e-03]
 [            nan             nan             nan             nan
              nan             nan             nan             nan
              nan             nan             nan             nan
   2.91831040e-02  2.40955944e-02  3.41169338e-02  2.40972740e-02
   2.41410286e-02]
 [            nan             nan             nan             nan
              nan             nan             nan             nan
              nan             nan             nan             nan
              nan  6.16483815e-03  9.16265837e-03  6.16403680e-03
   6.11661648e-03]
 [            nan             nan             nan             nan
              nan             nan             nan             nan
              nan             nan             nan             nan
              nan             nan -8.45134365e-06 -7.04034165e-06
  -7.15037973e-06]
 [            nan             nan             nan             nan
              nan             nan             nan             nan
              nan             nan             nan             nan
              nan             nan             nan  4.48061125e-03
   4.41485268e-03]
 [            nan             nan             nan             nan
              nan             nan             nan             nan
              nan             nan             nan             nan
              nan             nan             nan             nan
  -2.77776517e-05]
 [            nan             nan             nan             nan
              nan             nan             nan             nan
              nan             nan             nan             nan
              nan             nan             nan             nan
              nan]]
S2_conf:[[           nan 5.49246164e-02 5.09909352e-02 5.36610431e-02
  5.19813305e-02 6.35265940e-02 5.03078561e-02 6.43356141e-02
  5.09752412e-02 5.24624306e-02 5.40054121e-02 5.83242703e-02
  5.18148311e-02 5.10291394e-02 5.59664099e-02 5.10303515e-02
  5.15607993e-02]
 [           nan            nan 3.21381963e-02 3.22284784e-02
  3.39978911e-02 4.33411185e-02 3.25629199e-02 4.17859625e-02
  3.08438488e-02 3.29203338e-02 3.21011532e-02 3.24104324e-02
  3.22016396e-02 3.21506954e-02 3.34483328e-02 3.21513456e-02
  3.23242964e-02]
 [           nan            nan            nan 4.51703744e-03
  4.63428532e-03 5.30623060e-03 4.25968669e-03 6.89406357e-03
  4.45732948e-03 4.46815657e-03 4.47086489e-03 4.23470906e-03
  4.42654225e-03 4.45924449e-03 4.41955158e-03 4.45894379e-03
  4.45866482e-03]
 [           nan            nan            nan            nan
  2.27247341e-02 3.05399824e-02 2.16270780e-02 2.70105528e-02
  2.16654311e-02 2.27816501e-02 2.20000425e-02 2.51868566e-02
  2.16467197e-02 2.16389331e-02 2.19371034e-02 2.16395713e-02
  2.11388521e-02]
 [           nan            nan            nan            nan
             nan 3.20708211e-02 2.49612805e-02 2.57910181e-02
  2.41889275e-02 2.59337919e-02 2.48234752e-02 2.47101245e-02
  2.50340515e-02 2.47947169e-02 2.41179209e-02 2.47961452e-02
  2.47928188e-02]
 [           nan            nan            nan            nan
             nan            nan 5.45434656e-02 6.56454019e-02
  5.53250525e-02 5.42518711e-02 5.38244303e-02 5.52643623e-02
  5.48915562e-02 5.43333567e-02 5.46797383e-02 5.43336758e-02
  5.30726544e-02]
 [           nan            nan            nan            nan
             nan            nan            nan 1.93544177e-02
  1.88478450e-02 1.97252832e-02 1.69811808e-02 1.72254669e-02
  1.73282816e-02 1.73600219e-02 1.79836582e-02 1.73625195e-02
  1.73288429e-02]
 [           nan            nan            nan            nan
             nan            nan            nan            nan
  6.17409017e-02 6.06775462e-02 6.36317571e-02 6.21275631e-02
  6.40645675e-02 6.19175431e-02 6.43655980e-02 6.19196285e-02
  6.18977525e-02]
 [           nan            nan            nan            nan
             nan            nan            nan            nan
             nan 2.10501466e-02 2.03226613e-02 1.94909947e-02
  2.01864676e-02 2.01768415e-02 2.05544405e-02 2.01773375e-02
  2.01662264e-02]
 [           nan            nan            nan            nan
             nan            nan            nan            nan
             nan            nan 1.32768350e-02 1.22537776e-02
  1.30798042e-02 1.30623507e-02 1.30845506e-02 1.30623637e-02
  1.30624304e-02]
 [           nan            nan            nan            nan
             nan            nan            nan            nan
             nan            nan            nan 9.56541237e-03
  1.02179317e-02 1.01899193e-02 1.02154637e-02 1.01898906e-02
  1.01934981e-02]
 [           nan            nan            nan            nan
             nan            nan            nan            nan
             nan            nan            nan            nan
  3.00586011e-02 2.99961832e-02 3.04225024e-02 2.99956846e-02
  3.00394669e-02]
 [           nan            nan            nan            nan
             nan            nan            nan            nan
             nan            nan            nan            nan
             nan 9.21215655e-03 1.10655774e-02 9.21295384e-03
  9.21954683e-03]
 [           nan            nan            nan            nan
             nan            nan            nan            nan
             nan            nan            nan            nan
             nan            nan 1.83489032e-05 1.82657690e-05
  1.82432182e-05]
 [           nan            nan            nan            nan
             nan            nan            nan            nan
             nan            nan            nan            nan
             nan            nan            nan 1.72416258e-02
  1.72404931e-02]
 [           nan            nan            nan            nan
             nan            nan            nan            nan
             nan            nan            nan            nan
             nan            nan            nan            nan
  6.29020776e-05]
 [           nan            nan            nan            nan
             nan            nan            nan            nan
             nan            nan            nan            nan
             nan            nan            nan            nan
             nan]]
