S1:[ 9.93030955e-02  2.59886434e-02 -2.36915430e-03  4.44255641e-03
  8.36667920e-03  1.21588922e-01 -2.12223716e-03  4.73271903e-01
  1.02271238e-02  2.06613179e-02  7.72567596e-04 -3.43730305e-03
  2.18679179e-03 -3.12232433e-05 -1.18269240e-03 -3.04025849e-06
 -2.93993453e-04]
S1_conf:[4.52685821e-02 2.15140222e-02 2.33187994e-03 1.84273130e-02
 1.60719627e-02 3.78904389e-02 6.15747134e-03 6.97526027e-02
 2.34812596e-02 2.01100469e-02 2.43187565e-02 2.90395138e-02
 6.53817986e-03 4.44479673e-04 9.67380487e-03 1.86132223e-05
 8.41790561e-04]
ST:[2.65462556e-01 5.66270431e-02 1.87616402e-03 4.10218205e-02
 5.70555591e-02 2.33556513e-01 8.04494340e-03 6.95666426e-01
 7.23254813e-02 4.39035736e-02 1.02186752e-01 8.37305270e-02
 1.33725082e-02 3.38175414e-05 1.61846437e-02 5.48048532e-08
 5.51409907e-05]
ST_conf:[2.98705574e-02 2.10218949e-02 3.15675222e-03 1.62137454e-02
 2.63292943e-02 2.78720802e-02 4.41806613e-03 7.17445920e-02
 3.04396806e-02 2.39339304e-02 3.40379492e-02 2.48797368e-02
 1.58741717e-02 4.79771073e-05 9.32817407e-03 2.07367330e-08
 1.06474562e-04]
S2:[[            nan -1.43820747e-02 -1.58599908e-02 -1.83883532e-02
  -9.68117926e-03 -4.12614665e-02 -1.63416995e-02  3.97728236e-02
  -2.30058994e-02 -1.97561234e-02 -1.90832955e-02 -3.08997973e-02
  -1.84674091e-02 -1.58042127e-02 -1.75258840e-02 -1.57450435e-02
  -1.58558745e-02]
 [            nan             nan -2.45992886e-02 -2.60244985e-02
  -2.79758361e-02 -2.15176822e-02 -2.44428953e-02 -2.62510388e-03
  -2.10492342e-02 -3.02955913e-02 -2.42760446e-02 -1.90875173e-02
  -2.42154411e-02 -2.45718945e-02 -2.62575073e-02 -2.45815133e-02
  -2.45627672e-02]
 [            nan             nan             nan  5.86028242e-03
   5.76705293e-03  2.94548839e-03  5.74579928e-03  6.41340647e-03
   5.93855560e-03  5.65072118e-03  5.84052248e-03  4.08181353e-03
   5.77507256e-03  5.77605059e-03  5.79833654e-03  5.77504867e-03
   5.77423125e-03]
 [            nan             nan             nan             nan
  -2.04992367e-02 -2.91252425e-02 -1.97931876e-02 -6.07193369e-03
  -1.85311350e-02 -2.07600590e-02 -2.22863079e-02 -1.83670528e-02
  -1.98567854e-02 -1.91866570e-02 -1.97564724e-02 -1.92102078e-02
  -1.91801509e-02]
 [            nan             nan             nan             nan
              nan -8.20740771e-03  3.73790484e-03  8.12547824e-04
  -7.18882931e-04  3.90858698e-03  3.49733097e-03  4.56367645e-03
   4.45806156e-03  4.49875744e-03  4.83736525e-03  4.48973475e-03
   4.53359120e-03]
 [            nan             nan             nan             nan
              nan             nan -3.01934919e-02  1.59305806e-02
  -3.22458804e-02 -2.87225223e-02 -3.18179380e-02 -3.16333709e-02
  -2.42324649e-02 -2.94976617e-02 -2.86209420e-02 -2.95971910e-02
  -2.95669668e-02]
 [            nan             nan             nan             nan
              nan             nan             nan  2.49565136e-03
   4.38561763e-03  5.47287790e-03  3.88788104e-03  4.44139445e-03
   6.23108823e-03  7.10114228e-03  6.64510808e-03  7.06963929e-03
   7.07536133e-03]
 [            nan             nan             nan             nan
              nan             nan             nan             nan
   5.23708872e-03  6.40660470e-03  3.42608938e-02  4.83293438e-02
   1.91016749e-02  1.63715418e-02  3.15444174e-02  1.64991573e-02
   1.63372265e-02]
 [            nan             nan             nan             nan
              nan             nan             nan             nan
              nan -3.29454614e-02 -3.85457397e-02 -4.16942105e-02
  -3.28308771e-02 -3.26586418e-02 -3.51992058e-02 -3.26879134e-02
  -3.26998331e-02]
 [            nan             nan             nan             nan
              nan             nan             nan             nan
              nan             nan -2.91730039e-02 -2.96452282e-02
  -2.82845868e-02 -2.84208138e-02 -2.89037834e-02 -2.84447308e-02
  -2.84594683e-02]
 [            nan             nan             nan             nan
              nan             nan             nan             nan
              nan             nan             nan -1.93466991e-02
  -1.56829085e-02 -1.54702854e-02 -1.85843768e-02 -1.54536646e-02
  -1.54671075e-02]
 [            nan             nan             nan             nan
              nan             nan             nan             nan
              nan             nan             nan             nan
  -4.24466110e-03 -4.60484172e-03 -3.92380716e-03 -4.59215420e-03
  -4.42996335e-03]
 [            nan             nan             nan             nan
              nan             nan             nan             nan
              nan             nan             nan             nan
              nan -1.87356866e-02 -1.87585512e-02 -1.87244302e-02
  -1.87175242e-02]
 [            nan             nan             nan             nan
              nan             nan             nan             nan
              nan             nan             nan             nan
              nan             nan -2.15467573e-03 -2.28206279e-03
  -2.28324451e-03]
 [            nan             nan             nan             nan
              nan             nan             nan             nan
              nan             nan             nan             nan
              nan             nan             nan  3.03462301e-03
   3.04936279e-03]
 [            nan             nan             nan             nan
              nan             nan             nan             nan
              nan             nan             nan             nan
              nan             nan             nan             nan
  -1.11059155e-05]
 [            nan             nan             nan             nan
              nan             nan             nan             nan
              nan             nan             nan             nan
              nan             nan             nan             nan
              nan]]
S2_conf:[[           nan 6.16821763e-02 6.00387517e-02 6.00564484e-02
  5.85729816e-02 6.52673806e-02 6.08195235e-02 6.34128616e-02
  6.09162748e-02 6.05228757e-02 6.08716217e-02 6.11460569e-02
  6.04654814e-02 6.00104016e-02 5.96736127e-02 5.99699381e-02
  5.99825839e-02]
 [           nan            nan 2.80022623e-02 2.79523766e-02
  2.89934229e-02 2.84581866e-02 2.74547030e-02 3.31250537e-02
  2.79762784e-02 2.90997245e-02 2.97955983e-02 2.95265262e-02
  2.82268572e-02 2.79923373e-02 2.78966029e-02 2.80164723e-02
  2.80200471e-02]
 [           nan            nan            nan 7.04542921e-03
  7.06602717e-03 6.33375020e-03 7.01301804e-03 6.41936641e-03
  7.07721932e-03 6.94366931e-03 7.09477579e-03 5.04285824e-03
  7.05804750e-03 7.06305749e-03 7.03081827e-03 7.06317269e-03
  7.06349771e-03]
 [           nan            nan            nan            nan
  2.58979837e-02 2.76343580e-02 2.45964672e-02 2.53158917e-02
  2.42417807e-02 2.53233423e-02 2.54261035e-02 2.50689496e-02
  2.49983691e-02 2.48629959e-02 2.52157540e-02 2.48609616e-02
  2.48579791e-02]
 [           nan            nan            nan            nan
             nan 2.68641454e-02 2.30117057e-02 2.17279909e-02
  2.13571273e-02 2.30206634e-02 2.42537135e-02 2.17720847e-02
  2.32203397e-02 2.30562996e-02 2.28488148e-02 2.30487232e-02
  2.30414889e-02]
 [           nan            nan            nan            nan
             nan            nan 5.29953187e-02 5.56203338e-02
  5.16873346e-02 5.21886746e-02 5.36507800e-02 5.87831238e-02
  5.40430694e-02 5.37516280e-02 5.41857972e-02 5.37171059e-02
  5.37249042e-02]
 [           nan            nan            nan            nan
             nan            nan            nan 1.22906238e-02
  1.33900107e-02 1.31351904e-02 1.32275525e-02 1.18115522e-02
  1.29780472e-02 1.25596575e-02 1.25356892e-02 1.25735519e-02
  1.25742077e-02]
 [           nan            nan            nan            nan
             nan            nan            nan            nan
  9.35954570e-02 9.00598026e-02 8.83961890e-02 8.97260084e-02
  8.97174237e-02 8.82389580e-02 8.71525317e-02 8.82360678e-02
  8.82315405e-02]
 [           nan            nan            nan            nan
             nan            nan            nan            nan
             nan 3.49645460e-02 3.43311661e-02 3.56331510e-02
  3.51765587e-02 3.50274423e-02 3.43271703e-02 3.50468459e-02
  3.50382616e-02]
 [           nan            nan            nan            nan
             nan            nan            nan            nan
             nan            nan 3.37854054e-02 3.38867011e-02
  3.24759489e-02 3.23870379e-02 3.29023505e-02 3.23930395e-02
  3.24000903e-02]
 [           nan            nan            nan            nan
             nan            nan            nan            nan
             nan            nan            nan 3.63279514e-02
  3.43991829e-02 3.43050082e-02 3.60500716e-02 3.42996708e-02
  3.43108468e-02]
 [           nan            nan            nan            nan
             nan            nan            nan            nan
             nan            nan            nan            nan
  3.67407718e-02 3.67559786e-02 3.65513228e-02 3.67581351e-02
  3.67087044e-02]
 [           nan            nan            nan            nan
             nan            nan            nan            nan
             nan            nan            nan            nan
             nan 1.35319924e-02 1.34643653e-02 1.35295351e-02
  1.35264151e-02]
 [           nan            nan            nan            nan
             nan            nan            nan            nan
             nan            nan            nan            nan
             nan            nan 4.59227130e-03 4.63397079e-03
  4.63584343e-03]
 [           nan            nan            nan            nan
             nan            nan            nan            nan
             nan            nan            nan            nan
             nan            nan            nan 1.93776165e-02
  1.93726771e-02]
 [           nan            nan            nan            nan
             nan            nan            nan            nan
             nan            nan            nan            nan
             nan            nan            nan            nan
  3.14116199e-05]
 [           nan            nan            nan            nan
             nan            nan            nan            nan
             nan            nan            nan            nan
             nan            nan            nan            nan
             nan]]
