S1:[ 1.45273420e-01  1.21415974e-02 -3.06803436e-04  7.22803696e-03
 -8.43285332e-04  1.44086511e-01  1.35554742e-03  4.59068243e-01
 -3.70321646e-03  9.59318669e-03  1.15775043e-03  8.34836960e-04
  5.18821876e-04 -1.38539522e-06 -6.83201272e-04 -5.82708905e-06
  1.01834911e-04]
S1_conf:[3.52386958e-02 1.70216070e-02 8.12537222e-04 1.53179884e-02
 1.35452340e-02 3.25461637e-02 5.25572990e-03 4.48999625e-02
 1.19325279e-02 1.28121670e-02 1.47881155e-02 1.06906967e-02
 4.03072861e-03 1.40115265e-05 7.93282848e-03 1.26364248e-05
 3.29378905e-03]
ST:[2.90635692e-01 7.83075725e-02 6.03359952e-04 6.10283024e-02
 5.06332042e-02 2.86159348e-01 1.22093260e-02 6.49667397e-01
 3.79874200e-02 5.36997429e-02 5.75522411e-02 5.06874460e-02
 1.99175802e-03 8.33643844e-07 2.97540116e-02 8.01320944e-07
 7.14844422e-03]
ST_conf:[2.29765036e-02 1.76624159e-02 9.57777347e-04 1.98859070e-02
 1.45468697e-02 2.23011595e-02 4.75156835e-03 4.82902969e-02
 1.42386781e-02 2.20945344e-02 2.17833821e-02 1.41881313e-02
 2.06910679e-03 1.61398056e-06 1.14965592e-02 1.57470656e-06
 6.80820540e-03]
S2:[[            nan  9.99961598e-03  1.61156184e-02  7.77741795e-03
   1.65358003e-02  1.47580109e-02  1.50507096e-02  3.35580895e-02
   1.70733123e-02  1.20695686e-02  1.25488094e-02  1.31474258e-02
   1.60926470e-02  1.59243654e-02  1.49350401e-02  1.59313949e-02
   1.42965571e-02]
 [            nan             nan  1.53255110e-02  1.54254450e-02
   1.99096027e-02  1.88085478e-02  1.47577835e-02  1.04481558e-02
   1.65562782e-02  1.56750417e-02  1.44923775e-02  1.42316762e-02
   1.50525686e-02  1.50304725e-02  1.73843133e-02  1.50296435e-02
   1.55026988e-02]
 [            nan             nan             nan -9.06456651e-04
  -6.73193657e-04 -5.66492854e-04 -5.91837643e-04 -4.43947304e-04
  -6.15801710e-04 -6.42807559e-04 -5.70915001e-04 -7.14687506e-04
  -6.37343917e-04 -6.41237726e-04 -4.94242588e-04 -6.41153234e-04
  -6.63026048e-04]
 [            nan             nan             nan             nan
   6.97575974e-03 -2.25800399e-03  5.07133228e-03 -1.39434913e-02
   3.55509192e-03  5.04957755e-05  2.60665851e-03  3.91713250e-03
   4.24317867e-03  4.61371073e-03  5.41143970e-03  4.61888789e-03
   1.81347498e-03]
 [            nan             nan             nan             nan
              nan -5.11499027e-03 -4.42319144e-03 -3.56365893e-03
  -3.73140067e-03 -6.60025189e-03 -6.94810110e-03 -5.32691738e-03
  -5.97974880e-03 -4.80033966e-03 -8.02619632e-03 -4.79514179e-03
  -5.25691162e-03]
 [            nan             nan             nan             nan
              nan             nan  1.04058148e-02  2.24415787e-02
   3.17735528e-03  6.58155832e-03  1.45973711e-02  8.85163786e-03
   6.98419810e-03  7.89864029e-03  6.75519824e-03  7.89840647e-03
   7.38272778e-03]
 [            nan             nan             nan             nan
              nan             nan             nan  1.08066242e-03
   5.29326593e-03  6.52887577e-03  3.22847458e-03  5.52891544e-03
   5.61120523e-03  5.91098859e-03  7.65101831e-03  5.91170656e-03
   5.89877411e-03]
 [            nan             nan             nan             nan
              nan             nan             nan             nan
  -2.14651149e-04  2.98837093e-04 -7.37611607e-03  8.00858705e-03
  -1.41701492e-03  3.53289958e-04 -1.94691346e-03  3.50565222e-04
  -5.67644559e-04]
 [            nan             nan             nan             nan
              nan             nan             nan             nan
              nan  4.17578466e-03  1.85705639e-03  2.53156585e-03
   3.51670669e-03  3.47294923e-03  3.90885697e-03  3.47302176e-03
   3.51098751e-03]
 [            nan             nan             nan             nan
              nan             nan             nan             nan
              nan             nan -1.45281282e-02 -1.41743483e-02
  -1.37084896e-02 -1.36208838e-02 -1.33700468e-02 -1.36193525e-02
  -1.35910536e-02]
 [            nan             nan             nan             nan
              nan             nan             nan             nan
              nan             nan             nan -6.10177852e-04
   1.59650132e-03  1.68526075e-03  1.10879289e-03  1.68574840e-03
   1.63416117e-03]
 [            nan             nan             nan             nan
              nan             nan             nan             nan
              nan             nan             nan             nan
   1.37737521e-02  1.37049581e-02  1.47007120e-02  1.37021907e-02
   1.35826860e-02]
 [            nan             nan             nan             nan
              nan             nan             nan             nan
              nan             nan             nan             nan
              nan  1.83349857e-03  2.37418766e-03  1.83318556e-03
   1.85354115e-03]
 [            nan             nan             nan             nan
              nan             nan             nan             nan
              nan             nan             nan             nan
              nan             nan  1.16369704e-06  5.31321231e-07
   5.75694467e-07]
 [            nan             nan             nan             nan
              nan             nan             nan             nan
              nan             nan             nan             nan
              nan             nan             nan  5.31753790e-03
   5.14295258e-03]
 [            nan             nan             nan             nan
              nan             nan             nan             nan
              nan             nan             nan             nan
              nan             nan             nan             nan
  -3.18636921e-05]
 [            nan             nan             nan             nan
              nan             nan             nan             nan
              nan             nan             nan             nan
              nan             nan             nan             nan
              nan]]
S2_conf:[[           nan 4.87716315e-02 4.70176420e-02 4.75714304e-02
  4.62509293e-02 5.02820332e-02 4.67111280e-02 5.40815313e-02
  4.79778428e-02 4.70438643e-02 4.64396087e-02 4.86798735e-02
  4.72718801e-02 4.69721416e-02 4.73026971e-02 4.69724958e-02
  4.69583553e-02]
 [           nan            nan 2.41088636e-02 2.35634746e-02
  2.43553910e-02 2.37825082e-02 2.43117153e-02 2.49690706e-02
  2.38724355e-02 2.42576552e-02 2.37074705e-02 2.41721187e-02
  2.40463095e-02 2.41401592e-02 2.52536154e-02 2.41402639e-02
  2.41685095e-02]
 [           nan            nan            nan 3.24771211e-03
  3.08142231e-03 3.17557739e-03 3.18782837e-03 2.67767793e-03
  3.22896203e-03 3.22388242e-03 3.19001965e-03 3.20108780e-03
  3.22124423e-03 3.22221349e-03 3.21571046e-03 3.22223800e-03
  3.21560475e-03]
 [           nan            nan            nan            nan
  2.11336364e-02 2.38241794e-02 2.13519343e-02 2.14708548e-02
  2.19319772e-02 2.13233509e-02 2.18963411e-02 2.10532319e-02
  2.12885204e-02 2.13521449e-02 2.15163346e-02 2.13529732e-02
  2.08621159e-02]
 [           nan            nan            nan            nan
             nan 1.95425488e-02 1.94775781e-02 1.96307139e-02
  1.89849754e-02 1.89720170e-02 1.90579620e-02 1.93367453e-02
  1.93332112e-02 1.95591901e-02 1.96660180e-02 1.95617259e-02
  1.94870302e-02]
 [           nan            nan            nan            nan
             nan            nan 3.74813992e-02 4.57744794e-02
  3.93515554e-02 3.78837796e-02 3.78455727e-02 3.78362777e-02
  3.65078831e-02 3.70821972e-02 3.69441513e-02 3.70821036e-02
  3.65736115e-02]
 [           nan            nan            nan            nan
             nan            nan            nan 9.82812213e-03
  8.36127665e-03 8.39609946e-03 8.12415715e-03 7.89545214e-03
  8.23236174e-03 8.31197157e-03 8.67929677e-03 8.31186613e-03
  8.30710124e-03]
 [           nan            nan            nan            nan
             nan            nan            nan            nan
  5.90032406e-02 6.14195461e-02 6.17516904e-02 6.03562513e-02
  6.07836280e-02 6.10028329e-02 6.28836175e-02 6.10027454e-02
  6.12793980e-02]
 [           nan            nan            nan            nan
             nan            nan            nan            nan
             nan 1.78126339e-02 1.73229045e-02 2.01979892e-02
  1.79063202e-02 1.78950314e-02 1.82156030e-02 1.78953077e-02
  1.78811203e-02]
 [           nan            nan            nan            nan
             nan            nan            nan            nan
             nan            nan 1.79512014e-02 1.78913784e-02
  1.77808190e-02 1.77919238e-02 1.76578861e-02 1.77920416e-02
  1.77879321e-02]
 [           nan            nan            nan            nan
             nan            nan            nan            nan
             nan            nan            nan 2.01345829e-02
  1.98427437e-02 1.98776223e-02 1.98872187e-02 1.98776000e-02
  1.98772248e-02]
 [           nan            nan            nan            nan
             nan            nan            nan            nan
             nan            nan            nan            nan
  2.01166273e-02 2.01962359e-02 2.07887004e-02 2.01963424e-02
  2.02020007e-02]
 [           nan            nan            nan            nan
             nan            nan            nan            nan
             nan            nan            nan            nan
             nan 5.34118057e-03 5.90124963e-03 5.34146661e-03
  5.34474173e-03]
 [           nan            nan            nan            nan
             nan            nan            nan            nan
             nan            nan            nan            nan
             nan            nan 1.40277855e-05 1.42058617e-05
  1.42286691e-05]
 [           nan            nan            nan            nan
             nan            nan            nan            nan
             nan            nan            nan            nan
             nan            nan            nan 1.52408478e-02
  1.52337079e-02]
 [           nan            nan            nan            nan
             nan            nan            nan            nan
             nan            nan            nan            nan
             nan            nan            nan            nan
  8.02324679e-05]
 [           nan            nan            nan            nan
             nan            nan            nan            nan
             nan            nan            nan            nan
             nan            nan            nan            nan
             nan]]
