S1:[ 2.95775351e-02  6.20268480e-04  7.18891976e-04  5.48611920e-02
  4.90690881e-01  3.15156881e-02 -6.98079062e-04  6.06223357e-02
  1.69375359e-02  1.06699704e-01  2.96145181e-03  6.68220401e-03
  1.43426492e-03 -8.30513841e-05  0.00000000e+00  3.57130506e-04
  9.87775987e-02]
S1_conf:[0.00963906 0.00065978 0.00214187 0.00946143 0.04150265 0.00885853
 0.00145117 0.0112729  0.00830328 0.01972792 0.00240979 0.004249
 0.00161353 0.00037009 0.         0.00053235 0.02148955]
ST:[3.72300842e-02 3.16479416e-04 1.84836144e-03 7.78205306e-02
 5.75853108e-01 3.60835360e-02 1.26118984e-03 7.15272730e-02
 3.21099167e-02 1.17562884e-01 3.03235226e-03 1.01580378e-02
 1.42725033e-03 5.82383498e-05 0.00000000e+00 2.21217166e-04
 1.67386619e-01]
ST_conf:[2.70847407e-03 3.81579189e-05 1.87625215e-04 5.56607274e-03
 3.57706353e-02 2.49158314e-03 1.73376895e-04 4.90473653e-03
 2.53535253e-03 1.19505519e-02 3.13603704e-04 9.94380065e-04
 1.20105546e-04 5.84111830e-06 0.00000000e+00 2.11966926e-05
 1.27271658e-02]
S2:[[            nan -1.42604300e-03 -1.51492011e-03 -1.05277579e-03
   3.62688057e-03 -5.53707597e-04 -1.14551626e-03  1.29932423e-03
  -2.05909008e-04  2.73787241e-04 -1.43656342e-03 -7.19627965e-04
  -1.29775086e-03 -1.33827829e-03 -1.38129763e-03 -1.32156423e-03
  -2.83387101e-04]
 [            nan             nan -6.42843423e-04 -5.91792784e-04
  -4.57930674e-04 -4.55616239e-04 -6.63314414e-04 -8.44432835e-04
  -6.00166861e-04 -5.70518944e-04 -6.87411076e-04 -6.70722926e-04
  -6.57851448e-04 -6.49351744e-04 -6.50962621e-04 -6.46758386e-04
  -6.14965979e-04]
 [            nan             nan             nan -1.91630083e-04
  -2.92862111e-04 -1.32007855e-04 -1.77884947e-04  2.86034069e-05
  -1.89885673e-04  4.62687485e-04 -2.22155955e-04 -2.38800518e-04
  -2.14644724e-04 -2.20770856e-04 -2.17168499e-04 -2.24831118e-04
  -1.53214383e-04]
 [            nan             nan             nan             nan
   1.62052680e-02  1.82225122e-03  1.30975321e-03  1.79530371e-04
   1.88239417e-03  4.99729885e-04  3.46015299e-04  1.24553309e-03
   1.24327572e-03  1.22607628e-03  1.25744726e-03  1.18937060e-03
   3.06577196e-03]
 [            nan             nan             nan             nan
              nan -1.23483324e-02 -1.04771228e-02 -1.05682631e-02
  -4.05525965e-03 -5.38225908e-03 -1.00782039e-02 -1.17431088e-02
  -1.12948953e-02 -1.08321327e-02 -1.08414114e-02 -1.05886167e-02
   5.18142181e-02]
 [            nan             nan             nan             nan
              nan             nan -1.66455070e-03 -2.96461730e-04
   3.84288321e-04 -2.24923229e-03 -2.07187299e-03 -1.79943194e-03
  -1.92793921e-03 -1.98533152e-03 -2.01289421e-03 -2.09855287e-03
  -1.55361918e-03]
 [            nan             nan             nan             nan
              nan             nan             nan  1.18809243e-03
   1.27862886e-03  1.05788664e-03  1.34214256e-03  1.23344602e-03
   1.27481988e-03  1.29053192e-03  1.29051628e-03  1.28592102e-03
   1.52295388e-03]
 [            nan             nan             nan             nan
              nan             nan             nan             nan
  -4.27027653e-04  7.78538548e-04 -2.31833940e-03 -1.17830591e-03
  -2.02356044e-03 -2.07300761e-03 -2.04671471e-03 -2.06095773e-03
  -5.07884304e-04]
 [            nan             nan             nan             nan
              nan             nan             nan             nan
              nan  8.43862573e-03  8.88175489e-03  9.56531812e-03
   9.16900430e-03  8.98197865e-03  9.06493230e-03  9.00753514e-03
   8.98825209e-03]
 [            nan             nan             nan             nan
              nan             nan             nan             nan
              nan             nan  4.49929740e-03  5.44912332e-03
   3.99626095e-03  3.87266776e-03  3.86566906e-03  3.88777794e-03
   1.02817113e-03]
 [            nan             nan             nan             nan
              nan             nan             nan             nan
              nan             nan             nan -1.26488229e-03
  -1.40810234e-03 -1.44101842e-03 -1.44029330e-03 -1.43665633e-03
  -1.14991252e-03]
 [            nan             nan             nan             nan
              nan             nan             nan             nan
              nan             nan             nan             nan
   6.66560483e-04  5.39181880e-04  5.39609484e-04  5.45160042e-04
   3.10896094e-04]
 [            nan             nan             nan             nan
              nan             nan             nan             nan
              nan             nan             nan             nan
              nan -6.23791782e-04 -6.21510060e-04 -6.07343130e-04
  -2.83430914e-04]
 [            nan             nan             nan             nan
              nan             nan             nan             nan
              nan             nan             nan             nan
              nan             nan  1.39743155e-04  1.42031619e-04
   1.53833925e-04]
 [            nan             nan             nan             nan
              nan             nan             nan             nan
              nan             nan             nan             nan
              nan             nan             nan -4.87890978e-19
   0.00000000e+00]
 [            nan             nan             nan             nan
              nan             nan             nan             nan
              nan             nan             nan             nan
              nan             nan             nan             nan
  -4.57864223e-04]
 [            nan             nan             nan             nan
              nan             nan             nan             nan
              nan             nan             nan             nan
              nan             nan             nan             nan
              nan]]
S2_conf:[[           nan 1.15613271e-02 1.15680734e-02 1.18794035e-02
  1.51357368e-02 1.18269652e-02 1.14679465e-02 1.27502052e-02
  1.14301625e-02 1.15333350e-02 1.15030313e-02 1.19412905e-02
  1.16227882e-02 1.15389154e-02 1.15253898e-02 1.15226161e-02
  1.28472434e-02]
 [           nan            nan 1.10129638e-03 1.13713918e-03
  1.19334127e-03 1.09114009e-03 1.10553238e-03 1.16410837e-03
  1.09165163e-03 1.07895134e-03 1.09150256e-03 1.10473604e-03
  1.09900005e-03 1.10129896e-03 1.10052883e-03 1.09951252e-03
  1.05359477e-03]
 [           nan            nan            nan 3.26548236e-03
  4.41367979e-03 3.26192155e-03 3.24754494e-03 3.44145094e-03
  3.25498276e-03 3.16625195e-03 3.23623610e-03 3.27656761e-03
  3.23994465e-03 3.25421655e-03 3.25373309e-03 3.25730485e-03
  3.79756495e-03]
 [           nan            nan            nan            nan
  1.75213976e-02 1.53348395e-02 1.50909554e-02 1.46838599e-02
  1.52841690e-02 1.54154394e-02 1.50552833e-02 1.52208469e-02
  1.50462251e-02 1.50760691e-02 1.50717342e-02 1.50431281e-02
  1.59133851e-02]
 [           nan            nan            nan            nan
             nan 6.01045949e-02 5.81002246e-02 5.84579723e-02
  5.86272659e-02 6.09606302e-02 5.76908718e-02 5.84227193e-02
  5.80864843e-02 5.82075935e-02 5.81487128e-02 5.82667950e-02
  7.43353497e-02]
 [           nan            nan            nan            nan
             nan            nan 1.22015768e-02 1.26998005e-02
  1.26914919e-02 1.21575506e-02 1.22696815e-02 1.23484415e-02
  1.22849594e-02 1.22532670e-02 1.22557957e-02 1.22640188e-02
  1.19584128e-02]
 [           nan            nan            nan            nan
             nan            nan            nan 2.39369497e-03
  2.46632893e-03 2.38059150e-03 2.42142290e-03 2.37333762e-03
  2.42185855e-03 2.42126024e-03 2.42404310e-03 2.42878948e-03
  2.41227197e-03]
 [           nan            nan            nan            nan
             nan            nan            nan            nan
  1.59821528e-02 1.79180985e-02 1.57193667e-02 1.61144242e-02
  1.60467748e-02 1.58340039e-02 1.58277690e-02 1.58119574e-02
  1.53783079e-02]
 [           nan            nan            nan            nan
             nan            nan            nan            nan
             nan 1.14934007e-02 1.08198814e-02 1.08425627e-02
  1.06679930e-02 1.07329870e-02 1.07424156e-02 1.07346257e-02
  1.04208470e-02]
 [           nan            nan            nan            nan
             nan            nan            nan            nan
             nan            nan 2.47026345e-02 2.48798371e-02
  2.47054402e-02 2.46120513e-02 2.46134729e-02 2.45895457e-02
  2.58705345e-02]
 [           nan            nan            nan            nan
             nan            nan            nan            nan
             nan            nan            nan 3.43361114e-03
  3.46433895e-03 3.45087040e-03 3.45229790e-03 3.43573898e-03
  3.57672877e-03]
 [           nan            nan            nan            nan
             nan            nan            nan            nan
             nan            nan            nan            nan
  6.03764416e-03 6.03857867e-03 6.04228517e-03 6.04855274e-03
  6.43536377e-03]
 [           nan            nan            nan            nan
             nan            nan            nan            nan
             nan            nan            nan            nan
             nan 2.45877373e-03 2.45989198e-03 2.45885666e-03
  2.60340843e-03]
 [           nan            nan            nan            nan
             nan            nan            nan            nan
             nan            nan            nan            nan
             nan            nan 5.07952261e-04 5.09135470e-04
  5.70625592e-04]
 [           nan            nan            nan            nan
             nan            nan            nan            nan
             nan            nan            nan            nan
             nan            nan            nan 2.37499515e-18
  4.32330888e-17]
 [           nan            nan            nan            nan
             nan            nan            nan            nan
             nan            nan            nan            nan
             nan            nan            nan            nan
  8.35851584e-04]
 [           nan            nan            nan            nan
             nan            nan            nan            nan
             nan            nan            nan            nan
             nan            nan            nan            nan
             nan]]
