S1:[ 1.45586625e-01  1.85450712e-02  1.51234242e-03  5.07734802e-03
  7.13420928e-04  1.43655025e-01  4.50272031e-03  4.49596338e-01
 -3.87661995e-03  5.97248535e-03 -2.71405862e-03 -2.00705437e-03
 -5.88171808e-04  3.95397859e-06 -2.72572972e-03  5.94251557e-07
  2.36991507e-03]
S1_conf:[3.35169302e-02 1.63160874e-02 2.26293896e-03 1.27190907e-02
 1.30700299e-02 3.33216445e-02 7.12661502e-03 4.81592099e-02
 1.26271253e-02 1.22359911e-02 1.57140340e-02 1.21642499e-02
 4.95110074e-03 5.80906063e-06 8.87232557e-03 1.82942704e-06
 2.64725174e-03]
ST:[2.87335718e-01 6.90120438e-02 1.44518320e-03 4.42655240e-02
 4.64363942e-02 2.77876909e-01 1.49750745e-02 6.29516036e-01
 3.99256464e-02 4.47003726e-02 5.40775392e-02 5.01420407e-02
 4.47447455e-03 1.90283509e-08 2.46826741e-02 1.06428241e-09
 2.73361529e-03]
ST_conf:[2.52371227e-02 1.32543995e-02 1.40917901e-03 1.30567790e-02
 1.53596164e-02 2.00705714e-02 5.36746046e-03 4.87668314e-02
 1.38069116e-02 2.05425243e-02 2.02723051e-02 1.40098414e-02
 5.57447329e-03 1.68323612e-08 1.02360791e-02 7.85793979e-10
 3.26888985e-03]
S2:[[            nan  1.13412896e-02  1.41804652e-02  9.72272583e-03
   1.58671776e-02  2.31655197e-02  1.43853390e-02  3.87640197e-02
   1.33609113e-02  1.08886812e-02  1.46014447e-02  1.00426043e-02
   1.41890504e-02  1.48303242e-02  1.25044981e-02  1.48404747e-02
   1.32853352e-02]
 [            nan             nan  3.84009150e-03  3.49481524e-03
   6.59091725e-03  8.11374283e-03  1.61763370e-03  1.27872100e-02
   5.04585056e-03  4.98538944e-03  3.91565614e-03  3.71831276e-03
   3.94958842e-03  3.88028164e-03  4.97204055e-03  3.88070174e-03
   3.52172532e-03]
 [            nan             nan             nan -1.00481807e-04
  -1.57418238e-04 -4.53485547e-06 -2.54916540e-05 -1.66861147e-03
  -4.93721423e-05 -5.44709213e-05 -8.79118299e-05 -9.44847351e-05
  -5.46481892e-05 -4.74656837e-05 -3.57952394e-09 -4.74492995e-05
  -4.84160895e-05]
 [            nan             nan             nan             nan
   2.02646843e-03  2.03070691e-03 -5.91908567e-04 -7.62272756e-03
  -1.66247380e-03 -2.40187484e-03 -1.72206651e-03 -1.26450682e-03
  -3.59503818e-04 -1.82559869e-04 -4.64718336e-04 -1.78593052e-04
  -4.60407994e-04]
 [            nan             nan             nan             nan
              nan -7.11151027e-03 -9.90159667e-03  3.80625099e-05
  -6.99414896e-03 -1.00678185e-02 -1.00718377e-02 -8.10752361e-03
  -9.35329350e-03 -8.65984661e-03 -1.06090316e-02 -8.65558674e-03
  -9.71951807e-03]
 [            nan             nan             nan             nan
              nan             nan  7.91520301e-03  2.68270179e-02
   5.73638420e-03  1.05324543e-02  1.75771516e-02  1.13268132e-02
   6.14586890e-03  7.10549923e-03  6.97913315e-03  7.10475816e-03
   9.24428640e-03]
 [            nan             nan             nan             nan
              nan             nan             nan -1.75907151e-04
  -4.19963733e-03 -3.77391525e-03 -4.28581589e-03 -3.68179760e-03
  -4.29199229e-03 -4.01920879e-03 -3.42901853e-03 -4.01889399e-03
  -3.83736905e-03]
 [            nan             nan             nan             nan
              nan             nan             nan             nan
   6.63940127e-03  7.82915703e-03 -4.56215070e-03  1.32985329e-02
   2.69827742e-03  2.22248714e-03  3.83532429e-03  2.21883124e-03
   1.51352150e-04]
 [            nan             nan             nan             nan
              nan             nan             nan             nan
              nan  1.22753822e-03 -1.14931621e-03 -1.14602866e-03
   1.48925883e-04  3.08408052e-04  6.66358153e-04  3.08747204e-04
   3.28844136e-04]
 [            nan             nan             nan             nan
              nan             nan             nan             nan
              nan             nan -1.11430332e-02 -1.11660291e-02
  -1.09462114e-02 -1.07942199e-02 -1.02841130e-02 -1.07920972e-02
  -1.07766726e-02]
 [            nan             nan             nan             nan
              nan             nan             nan             nan
              nan             nan             nan  4.13316294e-03
   6.33808483e-03  6.38936693e-03  5.99498157e-03  6.38955487e-03
   6.34412575e-03]
 [            nan             nan             nan             nan
              nan             nan             nan             nan
              nan             nan             nan             nan
   1.53099962e-02  1.56203968e-02  1.52609939e-02  1.56178069e-02
   1.56636170e-02]
 [            nan             nan             nan             nan
              nan             nan             nan             nan
              nan             nan             nan             nan
              nan  9.86228943e-04  1.06640530e-03  9.85749648e-04
   9.92337001e-04]
 [            nan             nan             nan             nan
              nan             nan             nan             nan
              nan             nan             nan             nan
              nan             nan  1.10558693e-04  1.11749800e-04
   1.11397729e-04]
 [            nan             nan             nan             nan
              nan             nan             nan             nan
              nan             nan             nan             nan
              nan             nan             nan  5.24884402e-03
   5.16222365e-03]
 [            nan             nan             nan             nan
              nan             nan             nan             nan
              nan             nan             nan             nan
              nan             nan             nan             nan
  -1.37328098e-04]
 [            nan             nan             nan             nan
              nan             nan             nan             nan
              nan             nan             nan             nan
              nan             nan             nan             nan
              nan]]
S2_conf:[[       nan 0.03887559 0.03684679 0.03863411 0.03849144 0.04072199
  0.03705234 0.04998195 0.03790329 0.03762763 0.03719879 0.03818177
  0.03747067 0.0371729  0.03658072 0.0371746  0.0372815 ]
 [       nan        nan 0.02139692 0.02155177 0.02216657 0.02257585
  0.02148767 0.02485547 0.02140896 0.02132255 0.02141945 0.02176077
  0.02152588 0.02144382 0.02181236 0.02144416 0.02146984]
 [       nan        nan        nan 0.0026335  0.0025188  0.00284459
  0.00268306 0.00234737 0.00264993 0.00263505 0.00263419 0.00266082
  0.00263628 0.00263688 0.00266057 0.00263689 0.00263606]
 [       nan        nan        nan        nan 0.01855851 0.02052312
  0.01858696 0.01956118 0.01998212 0.01986525 0.02014464 0.01823904
  0.01844127 0.01858755 0.01882414 0.01858946 0.01864584]
 [       nan        nan        nan        nan        nan 0.01925298
  0.02064412 0.01820303 0.01981524 0.01949513 0.02031299 0.02020769
  0.02008171 0.02020303 0.0195031  0.02020572 0.02055741]
 [       nan        nan        nan        nan        nan        nan
  0.03636795 0.04285789 0.03790173 0.0361005  0.03666479 0.03537343
  0.03558641 0.03554337 0.03712545 0.03554335 0.0357039 ]
 [       nan        nan        nan        nan        nan        nan
         nan 0.01093231 0.0093069  0.00935009 0.00939396 0.00948813
  0.00942741 0.00944062 0.0093409  0.00944038 0.00943856]
 [       nan        nan        nan        nan        nan        nan
         nan        nan 0.06226722 0.06170689 0.06081862 0.06130304
  0.05933938 0.05965359 0.06046742 0.0596543  0.05938047]
 [       nan        nan        nan        nan        nan        nan
         nan        nan        nan 0.0213353  0.02107308 0.02234801
  0.02112132 0.02122993 0.02122472 0.02123003 0.02121752]
 [       nan        nan        nan        nan        nan        nan
         nan        nan        nan        nan 0.0149853  0.01507807
  0.0150703  0.01502289 0.01488645 0.0150223  0.01501624]
 [       nan        nan        nan        nan        nan        nan
         nan        nan        nan        nan        nan 0.02215088
  0.02135232 0.02134896 0.02133272 0.02134889 0.02134102]
 [       nan        nan        nan        nan        nan        nan
         nan        nan        nan        nan        nan        nan
  0.02132006 0.02145058 0.02178461 0.02145045 0.02149217]
 [       nan        nan        nan        nan        nan        nan
         nan        nan        nan        nan        nan        nan
         nan 0.0053718  0.00536897 0.00537181 0.00537171]
 [       nan        nan        nan        nan        nan        nan
         nan        nan        nan        nan        nan        nan
         nan        nan 0.00019753 0.00020035 0.0001998 ]
 [       nan        nan        nan        nan        nan        nan
         nan        nan        nan        nan        nan        nan
         nan        nan        nan 0.01231059 0.01230295]
 [       nan        nan        nan        nan        nan        nan
         nan        nan        nan        nan        nan        nan
         nan        nan        nan        nan 0.00026034]
 [       nan        nan        nan        nan        nan        nan
         nan        nan        nan        nan        nan        nan
         nan        nan        nan        nan        nan]]
