S1:[ 3.30142007e-01 -1.11575665e-01 -4.49500535e-05 -2.88802399e-03
  1.02213108e-02  1.05841149e+00 -6.70179303e-04  1.65438714e+00
 -2.64363108e-02  9.97231350e-01  0.00000000e+00  8.87110202e-04
  1.47812175e-03  1.78636824e-04 -3.70498607e-02  3.40213827e-06
 -1.13356268e-03]
S1_conf:[1.40747223e+00 3.97262897e-01 5.35993703e-03 2.70746883e-02
 2.69534508e-01 9.83387722e-01 1.88629908e-02 1.99378880e+00
 2.26353039e-01 1.05393180e+00 0.00000000e+00 1.78672458e-02
 5.31270502e-03 6.37321500e-04 3.47709063e-02 4.04904489e-05
 1.45496123e-02]
ST:[1.46319257e-01 1.48122400e-02 2.60507826e-06 9.14350216e-05
 1.17955452e-02 6.08209291e-01 2.74623087e-05 1.60544350e+00
 2.88655968e-03 5.96349999e-01 0.00000000e+00 4.14469539e-05
 3.20632074e-06 4.20242406e-08 8.41108425e-04 1.11432236e-10
 3.00705038e-05]
ST_conf:[7.81882802e-01 5.30380088e-02 2.33440832e-05 1.19414531e-03
 1.73372619e-01 3.70731968e-01 1.75748704e-04 6.99600755e+00
 2.47153077e-02 6.30257192e-01 0.00000000e+00 6.06352811e-04
 1.17531383e-05 1.58168218e-07 1.20953044e-03 8.75912650e-10
 4.56946254e-04]
S2:[[            nan -4.79641275e-01 -4.72713366e-01 -4.75813280e-01
  -4.71223331e-01 -3.40193710e-01 -4.76283059e-01 -2.18789130e-01
  -4.43561850e-01 -4.73420035e-01 -4.73420035e-01 -4.74609448e-01
  -4.73172680e-01 -4.73381205e-01 -4.73420035e-01 -4.73425500e-01
  -4.74138888e-01]
 [            nan             nan  1.68761609e-01  1.68451790e-01
   1.66972513e-01  1.26161121e-01  1.68934853e-01  1.66372174e-01
   1.63101748e-01  1.15226147e-01  1.68858810e-01  1.69243297e-01
   1.69011464e-01  1.68878717e-01  1.70327505e-01  1.68859553e-01
   1.68623472e-01]
 [            nan             nan             nan  2.86422837e-04
   2.43597159e-04 -2.17407063e-04  2.85615765e-04 -7.43431725e-04
   2.81834860e-04  2.02438328e-05  2.82326621e-04  2.83965219e-04
   2.80188682e-04  2.82076277e-04  2.91372775e-04  2.82327379e-04
   2.83246297e-04]
 [            nan             nan             nan             nan
   4.78085451e-03  3.25369639e-03  4.76010542e-03  5.65189480e-03
   4.78540283e-03  1.63375810e-03  4.78031660e-03  4.78320078e-03
   4.78962143e-03  4.78153716e-03  4.87828708e-03  4.78030457e-03
   4.76673651e-03]
 [            nan             nan             nan             nan
              nan -3.40195908e-03 -3.61108320e-02  5.83104490e-02
  -3.46792290e-02 -2.03465797e-02 -3.57430904e-02 -3.50002991e-02
  -3.58232633e-02 -3.57428945e-02 -3.74080523e-02 -3.57438380e-02
  -3.64041651e-02]
 [            nan             nan             nan             nan
              nan             nan -6.37128099e-01 -1.23447890e+00
  -6.52760375e-01 -1.11335428e+00 -6.38083810e-01 -6.39866984e-01
  -6.37292246e-01 -6.38017572e-01 -6.18430360e-01 -6.38080055e-01
  -6.36550503e-01]
 [            nan             nan             nan             nan
              nan             nan             nan  7.20645570e-03
   4.49222046e-04 -1.96730587e-03  1.82348463e-04  2.11070843e-04
   1.88943781e-04  1.83757245e-04  1.94012281e-04  1.82263690e-04
   1.33989856e-04]
 [            nan             nan             nan             nan
              nan             nan             nan             nan
  -7.05725134e-01 -1.89878394e+00 -6.92351628e-01 -6.93502698e-01
  -6.92465654e-01 -6.92391075e-01 -6.46734370e-01 -6.92347818e-01
  -6.90452858e-01]
 [            nan             nan             nan             nan
              nan             nan             nan             nan
              nan  2.21133167e-02  3.76835967e-02  3.76835967e-02
   3.76835967e-02  3.76835967e-02  3.82388824e-02  3.76835967e-02
   3.76835059e-02]
 [            nan             nan             nan             nan
              nan             nan             nan             nan
              nan             nan  3.76198636e-01  3.76198636e-01
   3.76198636e-01  3.76198636e-01  4.44005748e-01  3.76198631e-01
   3.76187547e-01]
 [            nan             nan             nan             nan
              nan             nan             nan             nan
              nan             nan             nan -1.35920513e-01
  -1.35805877e-01 -1.35749522e-01 -1.41074013e-01 -1.35745391e-01
  -1.35837490e-01]
 [            nan             nan             nan             nan
              nan             nan             nan             nan
              nan             nan             nan             nan
   1.37264928e+00  1.37264483e+00  1.44054572e+00  1.37264507e+00
   1.37268568e+00]
 [            nan             nan             nan             nan
              nan             nan             nan             nan
              nan             nan             nan             nan
              nan -7.14811029e-03 -7.42813189e-03 -7.14788371e-03
  -7.15630960e-03]
 [            nan             nan             nan             nan
              nan             nan             nan             nan
              nan             nan             nan             nan
              nan             nan -1.59454873e-03 -1.52918340e-03
  -1.52834048e-03]
 [            nan             nan             nan             nan
              nan             nan             nan             nan
              nan             nan             nan             nan
              nan             nan             nan  3.42177477e-02
   3.40764393e-02]
 [            nan             nan             nan             nan
              nan             nan             nan             nan
              nan             nan             nan             nan
              nan             nan             nan             nan
   3.21468250e-06]
 [            nan             nan             nan             nan
              nan             nan             nan             nan
              nan             nan             nan             nan
              nan             nan             nan             nan
              nan]]
S2_conf:[[           nan 2.26414928e+00 2.44546895e+00 2.46109960e+00
  2.49608145e+00 1.83091079e+00 2.46674600e+00 1.80355194e+00
  2.20847373e+00 2.44952467e+00 2.44952467e+00 2.45662247e+00
  2.45136012e+00 2.44966352e+00 2.44952467e+00 2.44956757e+00
  2.45339564e+00]
 [           nan            nan 4.82485269e-01 4.83234394e-01
  4.87793727e-01 5.19936296e-01 4.85123951e-01 8.55885665e-01
  4.44166171e-01 5.28672589e-01 4.83175311e-01 4.85030499e-01
  4.83749876e-01 4.83241233e-01 4.80356810e-01 4.83181589e-01
  4.82899192e-01]
 [           nan            nan            nan 5.22980633e-03
  5.26535075e-03 5.75865025e-03 5.23324877e-03 7.02925818e-03
  5.23580938e-03 5.29236162e-03 5.23904011e-03 5.23880057e-03
  5.24227309e-03 5.23944369e-03 5.23463935e-03 5.23903798e-03
  5.23576579e-03]
 [           nan            nan            nan            nan
  2.21227540e-02 3.10416647e-02 2.37590216e-02 4.77835416e-02
  2.38253195e-02 2.53987368e-02 2.38420526e-02 2.39550296e-02
  2.38533030e-02 2.38449122e-02 2.36097279e-02 2.38419544e-02
  2.37244501e-02]
 [           nan            nan            nan            nan
             nan 3.91240691e-01 1.36717172e-01 1.39067809e+00
  1.35655845e-01 1.45559504e-01 1.39810920e-01 1.47913089e-01
  1.39421976e-01 1.39858633e-01 1.28909089e-01 1.39805863e-01
  1.33386299e-01]
 [           nan            nan            nan            nan
             nan            nan 1.41417879e+00 2.99547768e+00
  1.28019987e+00 1.65996699e+00 1.40236631e+00 1.39975091e+00
  1.40358382e+00 1.40238943e+00 1.40577395e+00 1.40239297e+00
  1.41030295e+00]
 [           nan            nan            nan            nan
             nan            nan            nan 8.14672027e-02
  2.52061112e-02 2.69294232e-02 2.74316059e-02 2.73600088e-02
  2.74737983e-02 2.74342183e-02 2.76702551e-02 2.74320947e-02
  2.75814823e-02]
 [           nan            nan            nan            nan
             nan            nan            nan            nan
  2.32774684e+00 2.02280106e+00 2.37822896e+00 2.39494091e+00
  2.37882198e+00 2.37847735e+00 2.37923521e+00 2.37822591e+00
  2.36479510e+00]
 [           nan            nan            nan            nan
             nan            nan            nan            nan
             nan 2.28172568e-01 2.21990111e-01 2.21990111e-01
  2.21990111e-01 2.21990111e-01 2.21788991e-01 2.21990111e-01
  2.21990144e-01]
 [           nan            nan            nan            nan
             nan            nan            nan            nan
             nan            nan 3.97588491e-01 3.97588490e-01
  3.97588490e-01 3.97588491e-01 4.69250971e-01 3.97588485e-01
  3.97576771e-01]
 [           nan            nan            nan            nan
             nan            nan            nan            nan
             nan            nan            nan 2.21496414e-01
  2.20632826e-01 2.20208654e-01 2.20786542e-01 2.20177574e-01
  2.20877353e-01]
 [           nan            nan            nan            nan
             nan            nan            nan            nan
             nan            nan            nan            nan
  1.45485612e+00 1.45488503e+00 1.52590448e+00 1.45488282e+00
  1.45450631e+00]
 [           nan            nan            nan            nan
             nan            nan            nan            nan
             nan            nan            nan            nan
             nan 2.54397228e-03 2.52924753e-03 2.54366223e-03
  2.54906196e-03]
 [           nan            nan            nan            nan
             nan            nan            nan            nan
             nan            nan            nan            nan
             nan            nan 1.02864163e-03 9.49700281e-04
  9.57535073e-04]
 [           nan            nan            nan            nan
             nan            nan            nan            nan
             nan            nan            nan            nan
             nan            nan            nan 4.31460573e-02
  4.46029246e-02]
 [           nan            nan            nan            nan
             nan            nan            nan            nan
             nan            nan            nan            nan
             nan            nan            nan            nan
  4.97795849e-05]
 [           nan            nan            nan            nan
             nan            nan            nan            nan
             nan            nan            nan            nan
             nan            nan            nan            nan
             nan]]
