S1:[ 1.08020315e-01 -3.89019831e-04  4.29839937e-04  6.82592061e-04
  2.44887087e-03  1.06655016e-01  3.08115374e-03  1.96895422e-01
  8.84572619e-02  3.73989882e-01  4.55059561e-03  2.60366588e-02
  4.59157410e-03  1.40067032e-04  1.04821498e-02  3.78676617e-05
 -3.98575601e-04]
S1_conf:[0.02787489 0.0022079  0.0003351  0.00132737 0.00525946 0.02211514
 0.00400338 0.03016901 0.02175524 0.07147527 0.00620701 0.00952778
 0.00438896 0.00084387 0.00645776 0.00013663 0.00442481]
ST:[1.29700893e-01 1.14535277e-03 3.73002118e-05 6.51787164e-04
 6.48161652e-03 1.25394759e-01 4.22683471e-03 2.29847062e-01
 1.13521831e-01 4.03809147e-01 1.04189264e-02 3.57716651e-02
 4.74491894e-03 2.02402963e-04 1.27572560e-02 5.94192449e-06
 5.49594831e-03]
ST_conf:[1.21701084e-02 2.06769644e-04 1.60944491e-05 1.14591008e-04
 1.15392106e-03 1.38329196e-02 6.82735760e-04 2.07394491e-02
 1.18243374e-02 4.76792276e-02 1.35234183e-03 3.54415830e-03
 5.40908045e-04 2.50755798e-05 5.26349098e-03 7.67461404e-07
 9.53096228e-04]
S2:[[            nan  2.94928827e-03  2.83232484e-03  2.55292828e-03
   3.38356284e-03  8.85491482e-03  3.87464036e-03  7.72455227e-03
   1.02588705e-02 -3.35584639e-03  3.77823508e-03  8.54342309e-03
   2.20434112e-03  3.23149472e-03  6.28285878e-03  2.82740483e-03
   3.70518205e-03]
 [            nan             nan  1.02061420e-03  1.02442089e-03
   9.43110063e-04  7.29663875e-04  1.03914042e-03  1.95890015e-03
   1.30003720e-03  6.96977325e-04  1.12379530e-03  8.34565375e-04
   1.09058787e-03  9.98745097e-04  9.97237596e-04  1.01937086e-03
   9.63093501e-04]
 [            nan             nan             nan -1.84829532e-04
  -1.82086938e-04 -2.22504566e-04 -1.87602688e-04 -1.62664125e-04
  -1.09619542e-04 -3.00810543e-04 -1.93488859e-04 -1.31891772e-04
  -1.82019308e-04 -1.80639046e-04 -1.42178842e-05 -1.82288837e-04
  -1.54818459e-04]
 [            nan             nan             nan             nan
  -9.10058978e-04 -8.60297687e-04 -8.58178629e-04 -8.07074984e-04
  -1.08752412e-03 -4.60173470e-04 -7.59814595e-04 -9.15605077e-04
  -8.44351591e-04 -9.26013001e-04 -1.01770126e-03 -9.29903764e-04
  -1.01598680e-03]
 [            nan             nan             nan             nan
              nan  3.73135649e-03  3.39649555e-03  1.16288502e-03
   1.41999417e-03 -1.08122010e-03  3.30507389e-03  3.27601846e-03
   3.62691941e-03  3.34627028e-03  2.73597605e-03  3.37986784e-03
   4.24627947e-03]
 [            nan             nan             nan             nan
              nan             nan -5.45766642e-03 -3.04910879e-03
   1.50599181e-03  2.28488564e-03 -7.35292920e-03 -5.14976743e-03
  -5.85150402e-03 -6.30650536e-03 -8.44137554e-03 -6.11366122e-03
  -6.85419653e-03]
 [            nan             nan             nan             nan
              nan             nan             nan -6.82518086e-04
  -2.79121100e-04 -1.92949607e-04 -9.20040254e-04 -7.08455480e-04
  -1.12128171e-03 -9.58224165e-04 -8.84998919e-04 -9.43682265e-04
  -7.55406580e-04]
 [            nan             nan             nan             nan
              nan             nan             nan             nan
   1.95588362e-02  2.15219021e-02  1.55709483e-02  1.52951551e-02
   1.49316512e-02  1.40373189e-02  1.72844031e-02  1.41525418e-02
   1.45283088e-02]
 [            nan             nan             nan             nan
              nan             nan             nan             nan
              nan  1.46281927e-03  3.70890574e-03  5.05585022e-03
   3.89323356e-03  4.17627426e-03  2.57206890e-03  4.39903314e-03
   4.26382950e-03]
 [            nan             nan             nan             nan
              nan             nan             nan             nan
              nan             nan -2.13455584e-04 -1.09897700e-03
  -3.01337579e-03 -3.31252417e-03 -2.04393790e-03 -3.28962188e-03
   1.89387937e-04]
 [            nan             nan             nan             nan
              nan             nan             nan             nan
              nan             nan             nan  2.52679592e-03
   1.95661482e-03  2.29466938e-03  2.64813335e-03  2.27055802e-03
   2.64236156e-03]
 [            nan             nan             nan             nan
              nan             nan             nan             nan
              nan             nan             nan             nan
  -2.94958536e-04 -8.62785636e-04 -1.65916580e-03 -6.71192358e-04
  -5.25238068e-04]
 [            nan             nan             nan             nan
              nan             nan             nan             nan
              nan             nan             nan             nan
              nan -2.79414648e-03 -1.80524697e-03 -2.80279923e-03
  -3.03807305e-03]
 [            nan             nan             nan             nan
              nan             nan             nan             nan
              nan             nan             nan             nan
              nan             nan -1.63586711e-04 -6.74973266e-05
  -4.20306132e-05]
 [            nan             nan             nan             nan
              nan             nan             nan             nan
              nan             nan             nan             nan
              nan             nan             nan -9.68184110e-03
  -9.61880475e-03]
 [            nan             nan             nan             nan
              nan             nan             nan             nan
              nan             nan             nan             nan
              nan             nan             nan             nan
  -4.06105486e-05]
 [            nan             nan             nan             nan
              nan             nan             nan             nan
              nan             nan             nan             nan
              nan             nan             nan             nan
              nan]]
S2_conf:[[       nan 0.03546966 0.03550747 0.03538145 0.03534836 0.0393124
  0.03567199 0.03881895 0.03723199 0.0368786  0.03516959 0.03571383
  0.03576717 0.03538643 0.03619031 0.03544548 0.03590151]
 [       nan        nan 0.00356312 0.00357437 0.00345901 0.003701
  0.00355941 0.00343457 0.00350547 0.00324388 0.00355957 0.00326929
  0.00363955 0.00355956 0.00355266 0.00356108 0.00348211]
 [       nan        nan        nan 0.00053156 0.00053478 0.00051756
  0.00053081 0.00053942 0.00052793 0.00050045 0.00049415 0.00052163
  0.00051548 0.00053462 0.00072829 0.00053289 0.00053799]
 [       nan        nan        nan        nan 0.00214414 0.00223491
  0.00212871 0.00219433 0.00216171 0.00238399 0.00206792 0.00208573
  0.00211949 0.0021218  0.00227275 0.00212058 0.00210254]
 [       nan        nan        nan        nan        nan 0.00703926
  0.0069702  0.00808642 0.00689187 0.00883795 0.00697394 0.0070961
  0.0070644  0.00695229 0.00732285 0.0069525  0.00685659]
 [       nan        nan        nan        nan        nan        nan
  0.02979726 0.03147261 0.03255061 0.02932028 0.02938643 0.02905951
  0.02938398 0.02917396 0.02926741 0.02917171 0.0291783 ]
 [       nan        nan        nan        nan        nan        nan
         nan 0.00682503 0.00718769 0.00625293 0.00635387 0.00628015
  0.00628385 0.00628936 0.0063952  0.00628285 0.00631525]
 [       nan        nan        nan        nan        nan        nan
         nan        nan 0.04783208 0.06137663 0.04454087 0.04514772
  0.04455351 0.04445375 0.04749462 0.04436891 0.04456507]
 [       nan        nan        nan        nan        nan        nan
         nan        nan        nan 0.02940229 0.02790414 0.02832216
  0.02812348 0.02776621 0.02856757 0.02773899 0.02764618]
 [       nan        nan        nan        nan        nan        nan
         nan        nan        nan        nan 0.11853819 0.119951
  0.11786882 0.11821871 0.12328377 0.11819274 0.11740618]
 [       nan        nan        nan        nan        nan        nan
         nan        nan        nan        nan        nan 0.00932042
  0.0088966  0.00885298 0.00901458 0.00886157 0.00885669]
 [       nan        nan        nan        nan        nan        nan
         nan        nan        nan        nan        nan        nan
  0.01663418 0.01639766 0.01705144 0.01642552 0.01624289]
 [       nan        nan        nan        nan        nan        nan
         nan        nan        nan        nan        nan        nan
         nan 0.00739523 0.00823387 0.00740115 0.00743394]
 [       nan        nan        nan        nan        nan        nan
         nan        nan        nan        nan        nan        nan
         nan        nan 0.00147236 0.00136798 0.00135952]
 [       nan        nan        nan        nan        nan        nan
         nan        nan        nan        nan        nan        nan
         nan        nan        nan 0.01061522 0.01063331]
 [       nan        nan        nan        nan        nan        nan
         nan        nan        nan        nan        nan        nan
         nan        nan        nan        nan 0.00021326]
 [       nan        nan        nan        nan        nan        nan
         nan        nan        nan        nan        nan        nan
         nan        nan        nan        nan        nan]]
