S1:[ 1.67357496e-01  3.61391221e-02  2.90229753e-03  9.22665328e-03
  4.00999356e-03  1.71076544e-01  4.52681761e-03  4.45256983e-01
  8.71567669e-03  7.61541098e-03 -4.44334430e-03 -1.40413889e-03
  8.53051237e-04  4.99738122e-05 -7.72166871e-05  1.77399971e-06
  1.32077211e-03]
S1_conf:[3.57144267e-02 1.47325041e-02 4.00478984e-03 1.12554328e-02
 1.44067096e-02 2.74288530e-02 7.20415965e-03 4.89799430e-02
 1.00324491e-02 1.35403444e-02 1.52288646e-02 1.00191507e-02
 3.63130321e-03 9.31762711e-05 9.90218481e-03 7.06851035e-06
 2.80467872e-03]
ST:[2.88842840e-01 6.96643495e-02 2.60774209e-03 3.51225563e-02
 4.30049471e-02 2.87451248e-01 1.64100488e-02 5.92847401e-01
 3.71483389e-02 4.26601382e-02 5.03151074e-02 3.60385630e-02
 2.71942591e-03 5.16353176e-07 3.25587301e-02 1.13842209e-08
 4.67508115e-04]
ST_conf:[2.33774455e-02 1.54515704e-02 2.18465078e-03 1.15620907e-02
 1.20102869e-02 2.24464454e-02 8.19209907e-03 4.76633503e-02
 1.18239702e-02 1.65073300e-02 1.96562274e-02 1.23943070e-02
 2.67015457e-03 1.08503099e-06 1.01316835e-02 2.95680327e-09
 9.99269749e-04]
S2:[[            nan -5.60642622e-03 -3.12228628e-03 -2.97103051e-04
   4.15758556e-04  6.76368943e-03 -2.62240023e-03  3.37174409e-02
  -4.09953993e-03 -4.64622737e-03 -4.45294034e-03 -7.68124870e-03
  -1.12182785e-03 -2.23418756e-03 -8.48546230e-03 -2.19586208e-03
  -3.17913597e-03]
 [            nan             nan -1.74808084e-02 -1.58391566e-02
  -1.96876894e-02 -1.33826598e-02 -1.77799412e-02 -1.14167300e-02
  -1.76525029e-02 -1.94003603e-02 -2.01511486e-02 -1.86695839e-02
  -1.78165295e-02 -1.78239436e-02 -1.70739725e-02 -1.78207992e-02
  -1.79585809e-02]
 [            nan             nan             nan -4.76207242e-03
  -5.24937009e-03 -4.76971657e-03 -4.93979516e-03 -3.49775913e-03
  -4.81916035e-03 -4.89065788e-03 -4.93172140e-03 -4.97359453e-03
  -4.89094179e-03 -4.88525532e-03 -4.88494147e-03 -4.88681605e-03
  -4.88357579e-03]
 [            nan             nan             nan             nan
  -1.09894604e-02 -1.01048049e-02 -1.25584478e-02 -1.03281240e-02
  -1.19083882e-02 -1.53837680e-02 -1.15773638e-02 -1.12690179e-02
  -1.21971306e-02 -1.21195203e-02 -1.43813887e-02 -1.21192633e-02
  -1.21546311e-02]
 [            nan             nan             nan             nan
              nan -7.07855798e-03 -3.15567098e-03  7.10167397e-04
  -4.16334411e-03 -7.70576254e-03 -3.91328779e-03 -3.95045451e-03
  -3.68362957e-03 -3.66010647e-03 -6.38468619e-03 -3.65930968e-03
  -3.67678544e-03]
 [            nan             nan             nan             nan
              nan             nan -1.04834802e-02  2.07312382e-02
  -1.39587389e-02 -5.65690298e-03 -1.26933261e-03 -8.98375564e-03
  -9.24113159e-03 -9.54383136e-03 -1.26362668e-02 -9.55447843e-03
  -9.28506561e-03]
 [            nan             nan             nan             nan
              nan             nan             nan -2.04690128e-03
  -8.45534537e-03 -8.08764308e-03 -4.88381455e-03 -7.74521630e-03
  -7.78013210e-03 -7.81762314e-03 -7.71462365e-03 -7.82032242e-03
  -7.78893886e-03]
 [            nan             nan             nan             nan
              nan             nan             nan             nan
  -2.01213070e-02 -2.22790072e-02 -6.43370982e-03 -5.49491774e-03
  -1.16676547e-02 -1.23355920e-02 -7.48912525e-03 -1.23082625e-02
  -1.31945802e-02]
 [            nan             nan             nan             nan
              nan             nan             nan             nan
              nan -2.09440944e-02 -1.88692949e-02 -1.99043687e-02
  -2.17970276e-02 -2.24376052e-02 -2.04148208e-02 -2.24352652e-02
  -2.24310539e-02]
 [            nan             nan             nan             nan
              nan             nan             nan             nan
              nan             nan -1.13176951e-02 -1.09518060e-02
  -1.14023900e-02 -1.13854713e-02 -1.28946861e-02 -1.13856326e-02
  -1.13854099e-02]
 [            nan             nan             nan             nan
              nan             nan             nan             nan
              nan             nan             nan -6.57076813e-03
  -6.07852120e-03 -6.04910415e-03 -5.72760876e-03 -6.04966620e-03
  -6.05564572e-03]
 [            nan             nan             nan             nan
              nan             nan             nan             nan
              nan             nan             nan             nan
   2.16231971e-04 -9.07886897e-04 -4.69887784e-05 -9.08242591e-04
  -9.04015553e-04]
 [            nan             nan             nan             nan
              nan             nan             nan             nan
              nan             nan             nan             nan
              nan -2.27567140e-03 -3.68653686e-03 -2.27673521e-03
  -2.27378389e-03]
 [            nan             nan             nan             nan
              nan             nan             nan             nan
              nan             nan             nan             nan
              nan             nan -4.95904610e-05 -5.03522453e-05
  -5.03638754e-05]
 [            nan             nan             nan             nan
              nan             nan             nan             nan
              nan             nan             nan             nan
              nan             nan             nan -7.99194240e-03
  -7.99152550e-03]
 [            nan             nan             nan             nan
              nan             nan             nan             nan
              nan             nan             nan             nan
              nan             nan             nan             nan
  -2.15563810e-06]
 [            nan             nan             nan             nan
              nan             nan             nan             nan
              nan             nan             nan             nan
              nan             nan             nan             nan
              nan]]
S2_conf:[[           nan 4.74596205e-02 4.53511307e-02 4.69650514e-02
  4.64525611e-02 4.85504747e-02 4.47526812e-02 4.96270420e-02
  4.58312349e-02 4.45423299e-02 4.62598074e-02 4.49867588e-02
  4.49551973e-02 4.49240476e-02 4.52807622e-02 4.49155566e-02
  4.51951823e-02]
 [           nan            nan 1.93867217e-02 2.05342404e-02
  1.88731708e-02 2.24677219e-02 1.94857568e-02 2.02636370e-02
  1.90397880e-02 1.95270978e-02 1.95630680e-02 1.94832484e-02
  1.93987122e-02 1.93368861e-02 1.94113255e-02 1.93363854e-02
  1.93436631e-02]
 [           nan            nan            nan 5.06061169e-03
  5.27503194e-03 4.77903990e-03 5.20423690e-03 4.35310173e-03
  5.21601272e-03 5.17492700e-03 5.15990346e-03 5.14276791e-03
  5.16803158e-03 5.16910142e-03 5.17172717e-03 5.17071468e-03
  5.16780696e-03]
 [           nan            nan            nan            nan
  1.60577881e-02 1.50922637e-02 1.66561269e-02 1.55460053e-02
  1.70415976e-02 1.64202840e-02 1.67293496e-02 1.68394814e-02
  1.66464872e-02 1.66554712e-02 1.61366567e-02 1.66553285e-02
  1.66726037e-02]
 [           nan            nan            nan            nan
             nan 2.14050174e-02 2.05122991e-02 1.73629449e-02
  2.07393268e-02 2.01198076e-02 2.03304728e-02 2.08738093e-02
  2.04846699e-02 2.04692410e-02 1.98901143e-02 2.04688529e-02
  2.04801272e-02]
 [           nan            nan            nan            nan
             nan            nan 3.92318225e-02 4.16273737e-02
  3.92342960e-02 4.10045191e-02 3.85192362e-02 3.88114014e-02
  3.89846177e-02 3.91545764e-02 3.97581856e-02 3.91566618e-02
  3.91027617e-02]
 [           nan            nan            nan            nan
             nan            nan            nan 9.30419189e-03
  1.17654827e-02 1.16436364e-02 9.98001110e-03 1.15034446e-02
  1.16918278e-02 1.17075077e-02 1.18704369e-02 1.17089526e-02
  1.16895152e-02]
 [           nan            nan            nan            nan
             nan            nan            nan            nan
  5.66454911e-02 5.66929770e-02 5.52996300e-02 5.91447342e-02
  5.47267352e-02 5.58211443e-02 5.77221773e-02 5.58164078e-02
  5.59893773e-02]
 [           nan            nan            nan            nan
             nan            nan            nan            nan
             nan 1.68172727e-02 1.56732887e-02 1.75262124e-02
  1.71600928e-02 1.72693569e-02 1.71766422e-02 1.72694758e-02
  1.72700084e-02]
 [           nan            nan            nan            nan
             nan            nan            nan            nan
             nan            nan 1.66790675e-02 1.66119662e-02
  1.67807499e-02 1.67789441e-02 1.64144542e-02 1.67790808e-02
  1.67801900e-02]
 [           nan            nan            nan            nan
             nan            nan            nan            nan
             nan            nan            nan 1.94963303e-02
  1.97187573e-02 1.97199665e-02 1.96243737e-02 1.97199107e-02
  1.97197332e-02]
 [           nan            nan            nan            nan
             nan            nan            nan            nan
             nan            nan            nan            nan
  1.69392276e-02 1.68213504e-02 1.70442173e-02 1.68211662e-02
  1.68202424e-02]
 [           nan            nan            nan            nan
             nan            nan            nan            nan
             nan            nan            nan            nan
             nan 7.58460112e-03 5.70724224e-03 7.58529176e-03
  7.58326305e-03]
 [           nan            nan            nan            nan
             nan            nan            nan            nan
             nan            nan            nan            nan
             nan            nan 9.37479124e-05 9.37504112e-05
  9.37789292e-05]
 [           nan            nan            nan            nan
             nan            nan            nan            nan
             nan            nan            nan            nan
             nan            nan            nan 1.56499634e-02
  1.56501905e-02]
 [           nan            nan            nan            nan
             nan            nan            nan            nan
             nan            nan            nan            nan
             nan            nan            nan            nan
  1.00926627e-05]
 [           nan            nan            nan            nan
             nan            nan            nan            nan
             nan            nan            nan            nan
             nan            nan            nan            nan
             nan]]
