S1:[ 9.00718914e-03  2.15374246e-04  1.00010465e-03  4.12235425e-02
  5.88976011e-01  9.61802642e-03 -2.51863262e-04  1.71275050e-02
  2.10419337e-03  2.71230173e-02  1.00386602e-03  2.08244162e-03
  5.70724867e-04 -1.44192866e-05  0.00000000e+00  4.30240354e-05
  2.08886874e-01]
S1_conf:[0.00483459 0.00045312 0.00183268 0.00771158 0.03483837 0.00462252
 0.00070658 0.00618286 0.00398414 0.008098   0.0014139  0.00211822
 0.00076699 0.00017583 0.         0.00023769 0.02503869]
ST:[1.02389505e-02 8.85016521e-05 1.81964324e-03 6.02632830e-02
 6.87987257e-01 9.89845617e-03 3.50781026e-04 2.06310024e-02
 8.71640831e-03 3.23897261e-02 8.36282565e-04 2.83271433e-03
 3.97070452e-04 1.62724495e-05 0.00000000e+00 3.19016817e-05
 2.89008964e-01]
ST_conf:[8.36385962e-04 1.10497053e-05 1.39745183e-04 4.22135810e-03
 3.44389772e-02 8.22127832e-04 5.15854703e-05 1.54782323e-03
 7.29963571e-04 3.81774181e-03 9.33675932e-05 2.57682092e-04
 3.84233684e-05 1.47205098e-06 0.00000000e+00 2.69689258e-06
 1.66651247e-02]
S2:[[            nan -1.51393380e-03 -1.56102006e-03 -1.55363512e-03
   7.91578271e-04 -1.41260997e-03 -1.44873020e-03 -8.02118704e-04
  -1.21395245e-03 -9.69624554e-04 -1.51781219e-03 -1.26312845e-03
  -1.47019668e-03 -1.48353144e-03 -1.49099953e-03 -1.48140730e-03
  -1.03981063e-03]
 [            nan             nan -2.40819297e-04 -2.12701883e-04
  -1.33756203e-04 -1.87810686e-04 -2.44320182e-04 -2.91435275e-04
  -2.35870027e-04 -2.27227676e-04 -2.51469202e-04 -2.48961418e-04
  -2.44728763e-04 -2.41650709e-04 -2.42223243e-04 -2.41224130e-04
  -2.21480154e-04]
 [            nan             nan             nan -3.54025984e-04
  -1.58155492e-04 -4.13237496e-04 -4.12405720e-04 -2.55113357e-04
  -4.54133928e-04 -1.28398042e-04 -4.37445783e-04 -4.40515443e-04
  -4.32964957e-04 -4.37039050e-04 -4.36813951e-04 -4.38884641e-04
  -2.23911920e-04]
 [            nan             nan             nan             nan
   1.72733238e-02  4.57802109e-04  4.92965082e-04 -8.35696388e-04
   4.95126789e-04 -3.71862706e-04 -2.86951685e-04  1.41392036e-04
   9.14009293e-05  7.32643773e-05  1.04689363e-04  1.04278452e-04
   2.49837680e-03]
 [            nan             nan             nan             nan
              nan -4.51910045e-03 -2.91290262e-03 -2.37825412e-03
   9.50753227e-04  6.12421947e-04 -2.34575425e-03 -3.78782172e-03
  -3.24423008e-03 -3.11692927e-03 -3.11712691e-03 -3.03344746e-03
   6.83487819e-02]
 [            nan             nan             nan             nan
              nan             nan -1.57018302e-03 -1.17487972e-03
  -9.63968045e-04 -1.55861685e-03 -1.63105958e-03 -1.50710154e-03
  -1.58662141e-03 -1.60980683e-03 -1.61718190e-03 -1.63687711e-03
  -1.57856407e-03]
 [            nan             nan             nan             nan
              nan             nan             nan  2.56560111e-04
   2.79928095e-04  2.11960674e-04  2.96039794e-04  2.65833058e-04
   2.78826111e-04  2.81920139e-04  2.81770205e-04  2.79484451e-04
   4.21857853e-04]
 [            nan             nan             nan             nan
              nan             nan             nan             nan
  -1.06705821e-03 -8.14028037e-04 -1.60086783e-03 -1.35483359e-03
  -1.53515710e-03 -1.54190276e-03 -1.53644570e-03 -1.54007802e-03
  -1.41349724e-04]
 [            nan             nan             nan             nan
              nan             nan             nan             nan
              nan  3.67489117e-03  4.05002062e-03  4.28943885e-03
   4.12733085e-03  4.08591008e-03  4.10727864e-03  4.09565065e-03
   3.73338410e-03]
 [            nan             nan             nan             nan
              nan             nan             nan             nan
              nan             nan  2.65588790e-03  2.88455697e-03
   2.50470779e-03  2.46743364e-03  2.46348104e-03  2.46120540e-03
   1.72792371e-03]
 [            nan             nan             nan             nan
              nan             nan             nan             nan
              nan             nan             nan -8.49437236e-04
  -8.91579706e-04 -9.00687140e-04 -9.00488819e-04 -9.00921935e-04
  -4.10564415e-04]
 [            nan             nan             nan             nan
              nan             nan             nan             nan
              nan             nan             nan             nan
  -2.96740631e-04 -3.32934552e-04 -3.33583901e-04 -3.33798367e-04
  -3.71577670e-04]
 [            nan             nan             nan             nan
              nan             nan             nan             nan
              nan             nan             nan             nan
              nan -4.28325341e-04 -4.27917635e-04 -4.25635590e-04
  -2.63073323e-04]
 [            nan             nan             nan             nan
              nan             nan             nan             nan
              nan             nan             nan             nan
              nan             nan  4.19607709e-05  4.26643153e-05
   1.27844481e-05]
 [            nan             nan             nan             nan
              nan             nan             nan             nan
              nan             nan             nan             nan
              nan             nan             nan  2.84603070e-19
   0.00000000e+00]
 [            nan             nan             nan             nan
              nan             nan             nan             nan
              nan             nan             nan             nan
              nan             nan             nan             nan
  -1.06446508e-04]
 [            nan             nan             nan             nan
              nan             nan             nan             nan
              nan             nan             nan             nan
              nan             nan             nan             nan
              nan]]
S2_conf:[[           nan 6.18035163e-03 6.16064792e-03 6.45796768e-03
  7.27656468e-03 6.30048771e-03 6.18371285e-03 6.29382093e-03
  6.15694792e-03 6.17479364e-03 6.19531518e-03 6.15361510e-03
  6.19875809e-03 6.17989539e-03 6.17793039e-03 6.18004226e-03
  6.30061685e-03]
 [           nan            nan 6.49713882e-04 6.69275790e-04
  6.99063234e-04 6.48307202e-04 6.46303803e-04 6.48798244e-04
  6.49989501e-04 6.32690704e-04 6.47695007e-04 6.48255478e-04
  6.46488861e-04 6.46456105e-04 6.46323743e-04 6.46870779e-04
  6.11298057e-04]
 [           nan            nan            nan 3.05534916e-03
  3.57727512e-03 3.09410875e-03 3.07223430e-03 3.09740708e-03
  3.07482499e-03 3.12968863e-03 3.07916869e-03 3.07566419e-03
  3.07777571e-03 3.08204667e-03 3.08089056e-03 3.07744364e-03
  3.79308278e-03]
 [           nan            nan            nan            nan
  1.28715252e-02 1.47135283e-02 1.46336553e-02 1.45179806e-02
  1.46760853e-02 1.45705470e-02 1.45199315e-02 1.45640424e-02
  1.45926023e-02 1.45709915e-02 1.45809553e-02 1.45876826e-02
  1.42444020e-02]
 [           nan            nan            nan            nan
             nan 4.65813836e-02 4.64535975e-02 4.56612615e-02
  4.67020913e-02 4.54126130e-02 4.65357270e-02 4.62725003e-02
  4.62296602e-02 4.64244458e-02 4.64407971e-02 4.64510622e-02
  5.82446816e-02]
 [           nan            nan            nan            nan
             nan            nan 6.83984452e-03 6.93228983e-03
  6.97137681e-03 6.90852802e-03 6.85553792e-03 6.87211190e-03
  6.82533007e-03 6.85159796e-03 6.85414951e-03 6.85276864e-03
  7.02540811e-03]
 [           nan            nan            nan            nan
             nan            nan            nan 1.10833157e-03
  1.10471277e-03 1.08922431e-03 1.10506649e-03 1.11309154e-03
  1.09897133e-03 1.09983711e-03 1.10044215e-03 1.09933223e-03
  1.08222907e-03]
 [           nan            nan            nan            nan
             nan            nan            nan            nan
  8.77508757e-03 8.60467093e-03 8.72561085e-03 8.71368628e-03
  8.72125005e-03 8.73074305e-03 8.73072275e-03 8.72469387e-03
  9.24099484e-03]
 [           nan            nan            nan            nan
             nan            nan            nan            nan
             nan 6.05448526e-03 5.82786538e-03 5.83204794e-03
  5.81114824e-03 5.81958828e-03 5.82368446e-03 5.82471056e-03
  5.85102448e-03]
 [           nan            nan            nan            nan
             nan            nan            nan            nan
             nan            nan 1.06809811e-02 1.05951637e-02
  1.06606769e-02 1.06483462e-02 1.06542888e-02 1.06482835e-02
  1.13902784e-02]
 [           nan            nan            nan            nan
             nan            nan            nan            nan
             nan            nan            nan 1.86113824e-03
  1.84864340e-03 1.85016973e-03 1.85047025e-03 1.85101023e-03
  1.88808997e-03]
 [           nan            nan            nan            nan
             nan            nan            nan            nan
             nan            nan            nan            nan
  3.09604007e-03 3.09875373e-03 3.09726497e-03 3.09691349e-03
  3.38084480e-03]
 [           nan            nan            nan            nan
             nan            nan            nan            nan
             nan            nan            nan            nan
             nan 1.03264510e-03 1.03314274e-03 1.03320270e-03
  1.04121959e-03]
 [           nan            nan            nan            nan
             nan            nan            nan            nan
             nan            nan            nan            nan
             nan            nan 2.54349265e-04 2.54264405e-04
  2.70080911e-04]
 [           nan            nan            nan            nan
             nan            nan            nan            nan
             nan            nan            nan            nan
             nan            nan            nan 2.03331537e-18
  8.36690630e-17]
 [           nan            nan            nan            nan
             nan            nan            nan            nan
             nan            nan            nan            nan
             nan            nan            nan            nan
  4.56619499e-04]
 [           nan            nan            nan            nan
             nan            nan            nan            nan
             nan            nan            nan            nan
             nan            nan            nan            nan
             nan]]
