S1:[ 9.56696954e-02  4.53395497e-03  1.39552454e-04  3.26117895e-02
  1.91822569e-01  9.79543271e-02 -1.01453498e-03  1.59120076e-01
  3.91035136e-02  2.45148242e-01  4.79363158e-03  6.15784366e-03
  2.14232831e-04 -1.82119820e-05  0.00000000e+00  1.95231624e-04
  3.64245547e-02]
S1_conf:[1.64753254e-02 2.53974538e-03 1.31253689e-03 8.40894399e-03
 2.19416665e-02 1.50486244e-02 3.25003471e-03 1.80998520e-02
 1.22428452e-02 3.43795971e-02 4.03516510e-03 4.15721850e-03
 6.19789684e-04 2.36217053e-05 0.00000000e+00 4.59640627e-04
 1.15320841e-02]
ST:[1.17337385e-01 4.14478543e-03 8.86667556e-04 5.09783859e-02
 2.34244422e-01 1.15293853e-01 4.09110151e-03 1.82571624e-01
 5.56842071e-02 2.60628275e-01 5.82039142e-03 1.18505563e-02
 1.56984029e-04 2.32890175e-07 0.00000000e+00 1.27575365e-04
 6.52466510e-02]
ST_conf:[7.85628200e-03 3.85338744e-04 8.06856301e-05 3.58096861e-03
 1.65381140e-02 8.31963649e-03 5.44746962e-04 1.16245849e-02
 3.79068428e-03 2.36187530e-02 6.09529356e-04 1.29185810e-03
 1.54281199e-05 2.37313289e-08 0.00000000e+00 1.46405976e-05
 6.39105362e-03]
S2:[[            nan -5.75203711e-04 -6.55785923e-04  1.21248495e-04
   5.73148091e-03  3.23060584e-03  4.85741178e-04  7.74724830e-03
   1.60873896e-03  3.85441264e-03 -6.16034137e-04  4.43426121e-04
  -4.28315438e-04 -4.93705241e-04 -5.00319522e-04 -4.44054405e-04
   5.60349390e-04]
 [            nan             nan -2.76028414e-03 -2.79927869e-03
  -2.40041548e-03 -1.34892471e-03 -2.87554149e-03 -3.81021927e-03
  -2.38494797e-03 -2.25911358e-03 -2.94895540e-03 -2.84888486e-03
  -2.79992773e-03 -2.78645803e-03 -2.78673593e-03 -2.78279284e-03
  -2.60739920e-03]
 [            nan             nan             nan -1.10362004e-06
  -1.12900218e-04  1.89061067e-04  1.66793521e-05  1.73265044e-04
   2.24479835e-05  6.70465567e-04 -3.54645447e-05 -3.87951775e-05
  -3.16223852e-05 -3.11146980e-05 -3.08307708e-05 -3.71701664e-05
  -1.23780644e-05]
 [            nan             nan             nan             nan
   1.02094812e-02  2.46821641e-03  1.32403691e-03  1.34441683e-03
   1.84125278e-03  1.00013375e-03  8.22777940e-04  1.63522771e-03
   1.70213078e-03  1.70764884e-03  1.70819643e-03  1.66675298e-03
   1.98892509e-03]
 [            nan             nan             nan             nan
              nan -5.58449919e-03 -3.45993515e-03 -3.86161330e-03
   4.01293194e-04 -2.27997341e-05 -3.54743669e-03 -4.41794994e-03
  -4.07659356e-03 -3.92088047e-03 -3.92180810e-03 -3.80786206e-03
   2.02386792e-02]
 [            nan             nan             nan             nan
              nan             nan  2.98352593e-03  8.01502896e-03
   5.56416775e-03  4.26711199e-04  1.42001497e-03  1.71987400e-03
   1.68108695e-03  1.66055417e-03  1.65715242e-03  1.57065223e-03
   2.45061507e-03]
 [            nan             nan             nan             nan
              nan             nan             nan  2.92004796e-03
   3.11151785e-03  2.48216376e-03  3.26158406e-03  2.95967051e-03
   3.08464270e-03  3.09944155e-03  3.09973862e-03  3.08848449e-03
   3.44251500e-03]
 [            nan             nan             nan             nan
              nan             nan             nan             nan
   2.50218396e-04  3.10991060e-03 -3.28860952e-03 -1.83428956e-03
  -2.84021979e-03 -2.80337731e-03 -2.79886894e-03 -2.82917665e-03
  -9.57637149e-04]
 [            nan             nan             nan             nan
              nan             nan             nan             nan
              nan  8.50819928e-03  9.08171352e-03  9.99286231e-03
   9.30706390e-03  9.25973271e-03  9.26592189e-03  9.23371465e-03
   9.97914239e-03]
 [            nan             nan             nan             nan
              nan             nan             nan             nan
              nan             nan  2.15470763e-03  3.47699848e-03
   7.38519041e-04  7.34495953e-04  7.35991232e-04  8.20049917e-04
  -2.06686308e-03]
 [            nan             nan             nan             nan
              nan             nan             nan             nan
              nan             nan             nan -1.59404148e-03
  -1.86613985e-03 -1.87504227e-03 -1.87480407e-03 -1.87435040e-03
  -1.73844912e-03]
 [            nan             nan             nan             nan
              nan             nan             nan             nan
              nan             nan             nan             nan
   2.91072615e-03  2.89918252e-03  2.89993597e-03  2.90111463e-03
   2.68985513e-03]
 [            nan             nan             nan             nan
              nan             nan             nan             nan
              nan             nan             nan             nan
              nan -1.24427112e-04 -1.24331112e-04 -1.21882958e-04
  -5.39000161e-05]
 [            nan             nan             nan             nan
              nan             nan             nan             nan
              nan             nan             nan             nan
              nan             nan  2.30977167e-05  2.31605019e-05
   2.40496275e-05]
 [            nan             nan             nan             nan
              nan             nan             nan             nan
              nan             nan             nan             nan
              nan             nan             nan  1.00288701e-18
   0.00000000e+00]
 [            nan             nan             nan             nan
              nan             nan             nan             nan
              nan             nan             nan             nan
              nan             nan             nan             nan
  -2.79627739e-04]
 [            nan             nan             nan             nan
              nan             nan             nan             nan
              nan             nan             nan             nan
              nan             nan             nan             nan
              nan]]
S2_conf:[[           nan 2.09171482e-02 2.07001969e-02 2.03460691e-02
  2.28810708e-02 2.18193684e-02 2.11821356e-02 2.31959064e-02
  2.08197831e-02 2.03049375e-02 2.09570219e-02 2.11796207e-02
  2.07753271e-02 2.07817677e-02 2.07836227e-02 2.08104161e-02
  2.10029871e-02]
 [           nan            nan 3.61633867e-03 3.60335815e-03
  3.70237997e-03 3.71501546e-03 3.67360389e-03 3.97159471e-03
  3.74391079e-03 3.78905135e-03 3.66735937e-03 3.63868595e-03
  3.63405983e-03 3.63925718e-03 3.63912430e-03 3.64619508e-03
  3.74999938e-03]
 [           nan            nan            nan 2.09349588e-03
  2.37094877e-03 2.02855785e-03 2.05977416e-03 1.96027105e-03
  2.04217908e-03 2.00883363e-03 2.06253052e-03 2.00054275e-03
  2.08787836e-03 2.07455217e-03 2.07447751e-03 2.07371431e-03
  2.22578720e-03]
 [           nan            nan            nan            nan
  1.28583925e-02 1.25100629e-02 1.19319299e-02 1.31235023e-02
  1.14517737e-02 1.23746695e-02 1.19518965e-02 1.17784440e-02
  1.18347957e-02 1.18663786e-02 1.18657795e-02 1.18772384e-02
  1.20794264e-02]
 [           nan            nan            nan            nan
             nan 3.02726243e-02 2.75208260e-02 2.79028875e-02
  2.79556454e-02 2.86560490e-02 2.71749403e-02 2.81722666e-02
  2.73753501e-02 2.73360511e-02 2.73345080e-02 2.73890402e-02
  3.02515719e-02]
 [           nan            nan            nan            nan
             nan            nan 2.18245623e-02 2.42532426e-02
  2.31929779e-02 1.98317118e-02 2.15227066e-02 2.17372865e-02
  2.16101635e-02 2.16523668e-02 2.16531229e-02 2.16466938e-02
  2.09432105e-02]
 [           nan            nan            nan            nan
             nan            nan            nan 5.42326291e-03
  4.61438980e-03 4.47270919e-03 4.58054460e-03 4.56224633e-03
  4.63859131e-03 4.63603873e-03 4.63641172e-03 4.63247902e-03
  4.61311825e-03]
 [           nan            nan            nan            nan
             nan            nan            nan            nan
  2.79083181e-02 3.41013962e-02 2.72046977e-02 2.73508786e-02
  2.66834301e-02 2.66095737e-02 2.66104970e-02 2.65773399e-02
  2.78171345e-02]
 [           nan            nan            nan            nan
             nan            nan            nan            nan
             nan 1.59297989e-02 1.49519333e-02 1.50958145e-02
  1.47289272e-02 1.47376255e-02 1.47375289e-02 1.47536181e-02
  1.50243953e-02]
 [           nan            nan            nan            nan
             nan            nan            nan            nan
             nan            nan 5.28525072e-02 5.32617881e-02
  5.31562625e-02 5.31304146e-02 5.31359801e-02 5.31019739e-02
  5.38974171e-02]
 [           nan            nan            nan            nan
             nan            nan            nan            nan
             nan            nan            nan 5.16980086e-03
  5.18402149e-03 5.17581671e-03 5.17623630e-03 5.18481401e-03
  5.32531866e-03]
 [           nan            nan            nan            nan
             nan            nan            nan            nan
             nan            nan            nan            nan
  6.82393341e-03 6.82649099e-03 6.82646929e-03 6.84041400e-03
  6.62530587e-03]
 [           nan            nan            nan            nan
             nan            nan            nan            nan
             nan            nan            nan            nan
             nan 9.32603803e-04 9.32672056e-04 9.31745099e-04
  9.67047989e-04]
 [           nan            nan            nan            nan
             nan            nan            nan            nan
             nan            nan            nan            nan
             nan            nan 3.35000076e-05 3.35259769e-05
  3.52526059e-05]
 [           nan            nan            nan            nan
             nan            nan            nan            nan
             nan            nan            nan            nan
             nan            nan            nan 2.88823212e-18
  2.79666921e-17]
 [           nan            nan            nan            nan
             nan            nan            nan            nan
             nan            nan            nan            nan
             nan            nan            nan            nan
  6.30041461e-04]
 [           nan            nan            nan            nan
             nan            nan            nan            nan
             nan            nan            nan            nan
             nan            nan            nan            nan
             nan]]
