S1:[ 5.86632375e-02  1.18605578e-02  4.74138985e-03  1.17996868e-02
  3.48485160e-02  4.04595789e-02  4.13136851e-03  4.92891982e-01
 -8.18693479e-03  5.75598987e-03  2.32152473e-02 -7.08134867e-03
 -9.03866307e-03 -1.82774637e-03  4.53226361e-03 -3.58034875e-04
 -1.56740384e-03]
S1_conf:[0.03367586 0.01714194 0.00663999 0.01301678 0.02164916 0.03060088
 0.00875973 0.04547778 0.01979886 0.01535923 0.02751502 0.01795448
 0.01098841 0.00502086 0.00859156 0.00160884 0.00895081]
ST:[2.81598396e-01 6.72076114e-02 7.72355788e-03 6.36800298e-02
 1.20101838e-01 2.66289594e-01 2.28316221e-02 7.72052227e-01
 1.01416495e-01 6.50351543e-02 1.41828333e-01 9.19664004e-02
 3.00908977e-02 6.65683250e-03 2.26822575e-02 5.43260628e-04
 2.40640227e-02]
ST_conf:[0.02570681 0.01419029 0.00530447 0.01615788 0.02432645 0.02536918
 0.01015913 0.05428484 0.02170372 0.02176257 0.03500865 0.02003127
 0.013914   0.0059677  0.00680718 0.0007368  0.01088405]
S2:[[            nan -5.91246808e-03 -8.33893522e-03  3.97248696e-03
  -2.41604739e-03  2.75550553e-03 -6.19999612e-03  2.36563934e-02
   6.79976530e-03 -1.94042154e-03 -5.20151219e-03 -5.15013408e-03
   6.08647928e-03  4.23680519e-03 -4.76741471e-03 -2.94045227e-03
  -3.47171689e-03]
 [            nan             nan -8.20549062e-03 -7.63930157e-03
  -1.66704327e-03 -1.57447367e-02 -9.58935552e-03 -1.46483656e-02
  -5.74570681e-03 -1.03335925e-02 -7.53431898e-03 -1.08925030e-02
  -5.94791586e-03 -7.05013792e-03 -9.17628772e-03 -7.88835827e-03
  -4.91011281e-03]
 [            nan             nan             nan -9.60089188e-03
  -9.24937672e-03 -9.04545687e-03 -8.87056306e-03 -1.11201767e-03
  -1.09996761e-02 -1.07317891e-02 -1.09038311e-02 -9.12176575e-03
  -8.93868215e-03 -1.08147011e-02 -1.08551490e-02 -1.07953059e-02
  -9.14768283e-03]
 [            nan             nan             nan             nan
  -1.34942968e-02 -1.37910110e-02 -1.93436087e-02 -2.17752693e-03
  -2.01957865e-02 -1.84387011e-02 -1.51594963e-02 -1.30856331e-02
  -1.94582895e-02 -1.95484894e-02 -2.01940277e-02 -2.21502789e-02
  -2.12315648e-02]
 [            nan             nan             nan             nan
              nan -8.07931349e-03 -1.32799354e-02 -5.16205313e-03
  -1.68211855e-02 -1.56527872e-02 -1.74763406e-02 -1.01646812e-02
  -9.56731175e-03 -1.48413675e-02 -1.56634349e-02 -1.36393415e-02
  -1.33496177e-02]
 [            nan             nan             nan             nan
              nan             nan -4.95565563e-03  1.58057224e-02
   1.22474498e-02  3.53894906e-03  1.91279475e-02  2.72357740e-03
  -2.91102008e-03 -1.31706538e-03 -5.31059350e-03 -2.16142765e-03
  -2.70701046e-03]
 [            nan             nan             nan             nan
              nan             nan             nan -2.57253382e-03
  -9.06524436e-03 -9.20158940e-03 -7.33744958e-03 -1.17202443e-02
  -1.19923034e-02 -8.15362286e-03 -1.21668406e-02 -1.11508423e-02
  -1.04920972e-02]
 [            nan             nan             nan             nan
              nan             nan             nan             nan
  -3.87442631e-03 -2.81008350e-02 -1.00794481e-02 -6.23759333e-03
  -7.30602073e-03 -1.58883063e-02 -2.02393704e-02 -1.70408400e-02
  -1.82979082e-02]
 [            nan             nan             nan             nan
              nan             nan             nan             nan
              nan  1.19625439e-02  4.57299157e-03  1.08518047e-02
   8.47249748e-03  1.12583916e-02  9.51488535e-03  8.30631865e-03
   8.32269806e-03]
 [            nan             nan             nan             nan
              nan             nan             nan             nan
              nan             nan -1.98536477e-02 -9.57212149e-03
  -1.76340923e-02 -1.71224919e-02 -1.47623263e-02 -1.67875669e-02
  -1.75199717e-02]
 [            nan             nan             nan             nan
              nan             nan             nan             nan
              nan             nan             nan -2.09799000e-02
  -2.50070529e-02 -2.23615228e-02 -2.14131690e-02 -2.48014578e-02
  -2.38964978e-02]
 [            nan             nan             nan             nan
              nan             nan             nan             nan
              nan             nan             nan             nan
  -9.80005958e-04  1.79500154e-03 -3.17279303e-04 -8.18287116e-04
   1.71993739e-04]
 [            nan             nan             nan             nan
              nan             nan             nan             nan
              nan             nan             nan             nan
              nan  1.57496598e-03 -1.03675785e-03 -9.75903825e-04
  -1.70797689e-03]
 [            nan             nan             nan             nan
              nan             nan             nan             nan
              nan             nan             nan             nan
              nan             nan -3.90901909e-03 -3.82752215e-03
  -3.85960100e-03]
 [            nan             nan             nan             nan
              nan             nan             nan             nan
              nan             nan             nan             nan
              nan             nan             nan -1.14312304e-02
  -1.04867316e-02]
 [            nan             nan             nan             nan
              nan             nan             nan             nan
              nan             nan             nan             nan
              nan             nan             nan             nan
   4.45151267e-05]
 [            nan             nan             nan             nan
              nan             nan             nan             nan
              nan             nan             nan             nan
              nan             nan             nan             nan
              nan]]
S2_conf:[[       nan 0.04729962 0.04542295 0.04506916 0.04452684 0.04931667
  0.04473672 0.04539763 0.04667594 0.04610056 0.04612641 0.04495587
  0.04636069 0.04453175 0.04589326 0.04498331 0.04466153]
 [       nan        nan 0.02504105 0.02531802 0.02526234 0.02753698
  0.02534301 0.02624714 0.0241238  0.02492998 0.02525328 0.02507673
  0.02489727 0.02503338 0.02494776 0.02506953 0.02487006]
 [       nan        nan        nan 0.00902837 0.00917922 0.0084932
  0.00812305 0.00873043 0.00892861 0.0088463  0.00890674 0.00833406
  0.00830457 0.00886643 0.00896596 0.00885694 0.00824219]
 [       nan        nan        nan        nan 0.01996593 0.0226242
  0.02137942 0.02286294 0.0215346  0.02161793 0.02209037 0.02094511
  0.02162323 0.02113442 0.02211112 0.02154207 0.02128365]
 [       nan        nan        nan        nan        nan 0.02889823
  0.02683904 0.02786379 0.02774405 0.02732448 0.02918861 0.02707643
  0.02756792 0.0275113  0.02848454 0.02759078 0.02742844]
 [       nan        nan        nan        nan        nan        nan
  0.04124512 0.0455412  0.03934263 0.04019299 0.04032462 0.04080862
  0.0400597  0.03983719 0.04008638 0.03982197 0.03919668]
 [       nan        nan        nan        nan        nan        nan
         nan 0.01326538 0.01283302 0.01263566 0.01308013 0.01285396
  0.01266506 0.01261064 0.01298595 0.01306217 0.01270205]
 [       nan        nan        nan        nan        nan        nan
         nan        nan 0.05178519 0.05508682 0.05268087 0.05745936
  0.05372107 0.05441528 0.05258664 0.0543829  0.05552078]
 [       nan        nan        nan        nan        nan        nan
         nan        nan        nan 0.02664024 0.02637736 0.02715959
  0.02656766 0.02573144 0.02626429 0.02613932 0.02628555]
 [       nan        nan        nan        nan        nan        nan
         nan        nan        nan        nan 0.0247075  0.02760232
  0.02132019 0.02107539 0.02139346 0.0212372  0.02096683]
 [       nan        nan        nan        nan        nan        nan
         nan        nan        nan        nan        nan 0.04026973
  0.03721129 0.03572595 0.03668697 0.0368477  0.03543498]
 [       nan        nan        nan        nan        nan        nan
         nan        nan        nan        nan        nan        nan
  0.02644787 0.0254803  0.02689692 0.02637315 0.02632002]
 [       nan        nan        nan        nan        nan        nan
         nan        nan        nan        nan        nan        nan
         nan 0.01667575 0.01661408 0.01678061 0.01653047]
 [       nan        nan        nan        nan        nan        nan
         nan        nan        nan        nan        nan        nan
         nan        nan 0.00782333 0.00778068 0.00778552]
 [       nan        nan        nan        nan        nan        nan
         nan        nan        nan        nan        nan        nan
         nan        nan        nan 0.01380022 0.01380107]
 [       nan        nan        nan        nan        nan        nan
         nan        nan        nan        nan        nan        nan
         nan        nan        nan        nan 0.00191554]
 [       nan        nan        nan        nan        nan        nan
         nan        nan        nan        nan        nan        nan
         nan        nan        nan        nan        nan]]
