S1:[ 7.70070252e-02  1.01347964e-02 -1.43384666e-04  1.21448407e-02
  2.46584684e-02  6.30397708e-02  9.09931341e-03  5.27230687e-01
 -1.11898079e-02  2.91302054e-03  1.52723129e-02 -9.82123537e-03
 -1.00605755e-03  1.05506191e-03  1.25624977e-03  1.03259449e-03
 -2.23688593e-04]
S1_conf:[0.03232249 0.0152039  0.00306183 0.0154593  0.0173222  0.02961144
 0.00964819 0.04635068 0.01640869 0.01252988 0.02423295 0.01666085
 0.0080123  0.00398104 0.00716376 0.00209477 0.00612951]
ST:[2.69906418e-01 7.11811036e-02 2.74403300e-03 6.01512686e-02
 8.63190496e-02 2.76657121e-01 2.54959408e-02 7.73265069e-01
 8.34316837e-02 4.95493823e-02 1.12169909e-01 8.07521077e-02
 1.57696032e-02 2.45287625e-03 2.28202371e-02 3.58386254e-04
 7.77488419e-03]
ST_conf:[0.02479474 0.01312439 0.00216222 0.01260912 0.0188434  0.02181151
 0.01187841 0.05593291 0.02405236 0.01833211 0.02882396 0.01577142
 0.00707768 0.00193756 0.00820972 0.00067206 0.00534139]
S2:[[        nan  0.00340604  0.00278602  0.001144    0.00490914  0.00472834
   0.00056553  0.00793269  0.00307806 -0.00167986 -0.00503257  0.00545366
   0.00454607  0.00161036  0.00436923  0.00178818  0.0036729 ]
 [        nan         nan  0.01737386  0.01790875  0.01875336  0.00496228
   0.01407308 -0.00633274  0.01652391  0.01778734  0.01523272  0.02018941
   0.01712706  0.01752773  0.01873985  0.01764168  0.01792601]
 [        nan         nan         nan  0.00209529  0.00284962  0.00333649
   0.00199264  0.00086571  0.00192517  0.00204416  0.00334923  0.00186386
   0.00197665  0.00197951  0.00143912  0.00197917  0.00202133]
 [        nan         nan         nan         nan -0.01569084 -0.0153354
  -0.02016409 -0.01546066 -0.01614193 -0.02306359 -0.00983295 -0.00835654
  -0.01815257 -0.0198169  -0.01840749 -0.01904942 -0.01836981]
 [        nan         nan         nan         nan         nan -0.00979545
  -0.00956522 -0.01574431 -0.00711816 -0.0124837  -0.00884668 -0.00551678
  -0.00638509 -0.00850396 -0.00945629 -0.00731078 -0.00925434]
 [        nan         nan         nan         nan         nan         nan
   0.00169743  0.0148232   0.0152191   0.00938713  0.02158478  0.01880576
   0.00552684  0.00724477  0.00849024  0.00770157  0.00701739]
 [        nan         nan         nan         nan         nan         nan
          nan -0.00871181 -0.00276028 -0.00412787 -0.00277787 -0.00353858
  -0.00361032 -0.00425619 -0.00539913 -0.00427564 -0.00460388]
 [        nan         nan         nan         nan         nan         nan
          nan         nan -0.00873325 -0.01756144 -0.00033402 -0.0075615
  -0.00989506 -0.01578418 -0.01572288 -0.01595924 -0.01487167]
 [        nan         nan         nan         nan         nan         nan
          nan         nan         nan  0.02106785  0.01662889  0.02624394
   0.01725293  0.01871509  0.01872063  0.01879563  0.01918741]
 [        nan         nan         nan         nan         nan         nan
          nan         nan         nan         nan -0.01219969  0.00085831
  -0.00565077 -0.00423355 -0.00493878 -0.00440977 -0.00383517]
 [        nan         nan         nan         nan         nan         nan
          nan         nan         nan         nan         nan -0.000778
  -0.01397966 -0.01146877 -0.01046733 -0.01145834 -0.01127054]
 [        nan         nan         nan         nan         nan         nan
          nan         nan         nan         nan         nan         nan
   0.01796512  0.01927392  0.01832881  0.01922502  0.01934888]
 [        nan         nan         nan         nan         nan         nan
          nan         nan         nan         nan         nan         nan
          nan  0.00231467  0.00161151  0.00231231  0.00243747]
 [        nan         nan         nan         nan         nan         nan
          nan         nan         nan         nan         nan         nan
          nan         nan -0.00075601 -0.00074592 -0.00070413]
 [        nan         nan         nan         nan         nan         nan
          nan         nan         nan         nan         nan         nan
          nan         nan         nan  0.00292375  0.00324382]
 [        nan         nan         nan         nan         nan         nan
          nan         nan         nan         nan         nan         nan
          nan         nan         nan         nan -0.00035609]
 [        nan         nan         nan         nan         nan         nan
          nan         nan         nan         nan         nan         nan
          nan         nan         nan         nan         nan]]
S2_conf:[[       nan 0.04836278 0.04734374 0.04743731 0.04592784 0.05121837
  0.04737681 0.04878392 0.04592334 0.04800467 0.04638155 0.04702591
  0.04699834 0.04727461 0.04772003 0.04716986 0.04746064]
 [       nan        nan 0.02237345 0.02323043 0.02256261 0.02440093
  0.02232403 0.02176973 0.02294286 0.02232928 0.02164295 0.02228179
  0.02187462 0.02234436 0.02224092 0.02236829 0.02227952]
 [       nan        nan        nan 0.00378879 0.00402336 0.00466388
  0.0039206  0.00390929 0.00383759 0.00384397 0.00451044 0.00387531
  0.00387248 0.00387478 0.00365688 0.00387428 0.00386952]
 [       nan        nan        nan        nan 0.01877655 0.01957374
  0.01989507 0.02352223 0.01939298 0.01940515 0.02169396 0.0202502
  0.01989094 0.01971083 0.01932347 0.01956272 0.01958005]
 [       nan        nan        nan        nan        nan 0.02166522
  0.02286327 0.02287304 0.02154217 0.02154057 0.02185807 0.02119575
  0.02206867 0.02199832 0.02288632 0.02215902 0.02252091]
 [       nan        nan        nan        nan        nan        nan
  0.04503124 0.04667405 0.04625607 0.04655286 0.0493984  0.04751329
  0.0459705  0.04562547 0.04581238 0.04561643 0.04578666]
 [       nan        nan        nan        nan        nan        nan
         nan 0.0135065  0.012975   0.01312649 0.0130691  0.01319077
  0.01314634 0.01320592 0.01268017 0.01320114 0.01318346]
 [       nan        nan        nan        nan        nan        nan
         nan        nan 0.05839786 0.0621439  0.06266148 0.06297382
  0.06179136 0.06076183 0.06050309 0.06078991 0.06089066]
 [       nan        nan        nan        nan        nan        nan
         nan        nan        nan 0.02708106 0.02694395 0.02483845
  0.02715572 0.02727407 0.02706361 0.02727128 0.02718206]
 [       nan        nan        nan        nan        nan        nan
         nan        nan        nan        nan 0.02324305 0.02044869
  0.01921133 0.01878594 0.01961097 0.01879536 0.01872606]
 [       nan        nan        nan        nan        nan        nan
         nan        nan        nan        nan        nan 0.03158768
  0.03117484 0.03107034 0.03110539 0.03106478 0.0310731 ]
 [       nan        nan        nan        nan        nan        nan
         nan        nan        nan        nan        nan        nan
  0.02248657 0.02249794 0.0227386  0.02249524 0.02256943]
 [       nan        nan        nan        nan        nan        nan
         nan        nan        nan        nan        nan        nan
         nan 0.01082039 0.01123639 0.01082686 0.01091417]
 [       nan        nan        nan        nan        nan        nan
         nan        nan        nan        nan        nan        nan
         nan        nan 0.00500795 0.00507221 0.00504764]
 [       nan        nan        nan        nan        nan        nan
         nan        nan        nan        nan        nan        nan
         nan        nan        nan 0.01164958 0.0116889 ]
 [       nan        nan        nan        nan        nan        nan
         nan        nan        nan        nan        nan        nan
         nan        nan        nan        nan 0.00224283]
 [       nan        nan        nan        nan        nan        nan
         nan        nan        nan        nan        nan        nan
         nan        nan        nan        nan        nan]]
