S1:[ 4.59077803e-02  2.27751730e-03  6.64624709e-04  5.21406036e-02
  4.13020146e-01  4.78456285e-02 -9.55281118e-04  7.73008004e-02
  1.44458077e-02  1.15833810e-01  2.38503970e-03  3.27151713e-03
  1.71466362e-04 -8.59909163e-06  0.00000000e+00  8.89956433e-05
  1.14880870e-01]
S1_conf:[1.11822396e-02 1.90478413e-03 1.68002269e-03 1.02989362e-02
 3.65279234e-02 1.26271552e-02 2.04628910e-03 1.32324792e-02
 7.34867708e-03 1.91317442e-02 2.31404234e-03 3.61075293e-03
 3.76434666e-04 1.51957088e-05 0.00000000e+00 1.95569894e-04
 2.51619718e-02]
ST:[5.62436262e-02 1.99718249e-03 1.66103005e-03 7.70824982e-02
 5.08577259e-01 5.50452626e-02 1.96370270e-03 8.90593634e-02
 2.65248414e-02 1.25079364e-01 2.78085598e-03 5.72873933e-03
 7.55275650e-05 1.12230309e-07 0.00000000e+00 2.96712952e-05
 1.96872210e-01]
ST_conf:[4.38377412e-03 2.03942323e-04 1.35487451e-04 5.65987936e-03
 3.41152321e-02 4.54220041e-03 2.82773034e-04 6.63146020e-03
 1.98996536e-03 1.41742804e-02 2.99356373e-04 6.61547194e-04
 7.62338312e-06 1.15363120e-08 0.00000000e+00 2.66658389e-06
 1.70504535e-02]
S2:[[            nan -1.83808737e-03 -1.90712060e-03 -1.32724512e-03
   4.68222515e-03 -1.44576322e-04 -1.28855627e-03  2.22004389e-03
  -7.62455462e-04  4.55751194e-04 -1.82322074e-03 -1.23240553e-03
  -1.72361622e-03 -1.75165266e-03 -1.75466824e-03 -1.73641535e-03
  -3.48364263e-04]
 [            nan             nan -1.63707794e-03 -1.62988067e-03
  -1.26583114e-03 -9.54178651e-04 -1.68343225e-03 -2.11380140e-03
  -1.47910233e-03 -1.38763120e-03 -1.72054369e-03 -1.67714862e-03
  -1.65249596e-03 -1.64637234e-03 -1.64652146e-03 -1.64451063e-03
  -1.46853741e-03]
 [            nan             nan             nan -2.68860370e-04
  -5.26322850e-04 -1.41657223e-04 -2.48189933e-04 -6.37429638e-05
  -2.74524971e-04  3.28454561e-04 -3.04286817e-04 -3.08800417e-04
  -2.99418877e-04 -3.00693225e-04 -3.00485407e-04 -3.02659507e-04
  -2.53557653e-04]
 [            nan             nan             nan             nan
   1.41081235e-02  1.93344386e-03  1.35123633e-03  8.05337868e-04
   1.75254077e-03  5.17377828e-04  5.30572451e-04  1.21952766e-03
   1.31075534e-03  1.31502606e-03  1.31621959e-03  1.29130407e-03
   3.81032540e-03]
 [            nan             nan             nan             nan
              nan -1.15890298e-02 -9.22338170e-03 -9.30023712e-03
  -4.29644052e-03 -5.21550927e-03 -8.86811946e-03 -1.03030516e-02
  -9.75141425e-03 -9.62828237e-03 -9.62880357e-03 -9.53959689e-03
   6.42945139e-02]
 [            nan             nan             nan             nan
              nan             nan -5.04860759e-04  1.94895126e-03
   8.27809143e-04 -1.48474696e-03 -1.18671915e-03 -9.84523701e-04
  -1.07296788e-03 -1.08707733e-03 -1.08871450e-03 -1.11841755e-03
  -4.64324698e-04]
 [            nan             nan             nan             nan
              nan             nan             nan  1.71146471e-03
   1.78241663e-03  1.49732013e-03  1.86421025e-03  1.71765313e-03
   1.77920710e-03  1.78629445e-03  1.78640765e-03  1.78360726e-03
   2.11901837e-03]
 [            nan             nan             nan             nan
              nan             nan             nan             nan
  -1.98110807e-03 -7.66640013e-04 -3.71092199e-03 -3.11784596e-03
  -3.53279534e-03 -3.51590025e-03 -3.51382964e-03 -3.51870231e-03
  -1.45954857e-03]
 [            nan             nan             nan             nan
              nan             nan             nan             nan
              nan  7.38259940e-03  7.87489515e-03  8.36492027e-03
   7.99494523e-03  7.97358049e-03  7.97651439e-03  7.96864498e-03
   8.18121793e-03]
 [            nan             nan             nan             nan
              nan             nan             nan             nan
              nan             nan  3.99135554e-03  4.61204212e-03
   3.27557993e-03  3.26924875e-03  3.26966983e-03  3.29266441e-03
  -2.62396954e-04]
 [            nan             nan             nan             nan
              nan             nan             nan             nan
              nan             nan             nan -1.05315617e-03
  -1.18764869e-03 -1.19260463e-03 -1.19247977e-03 -1.19165164e-03
  -9.71967150e-04]
 [            nan             nan             nan             nan
              nan             nan             nan             nan
              nan             nan             nan             nan
   7.82038095e-04  7.74454352e-04  7.74784835e-04  7.75665037e-04
   5.84365440e-04]
 [            nan             nan             nan             nan
              nan             nan             nan             nan
              nan             nan             nan             nan
              nan -1.54887379e-04 -1.54842051e-04 -1.53675404e-04
  -6.96050537e-05]
 [            nan             nan             nan             nan
              nan             nan             nan             nan
              nan             nan             nan             nan
              nan             nan  9.67051562e-06  9.71163072e-06
   1.05125939e-05]
 [            nan             nan             nan             nan
              nan             nan             nan             nan
              nan             nan             nan             nan
              nan             nan             nan  1.15196481e-18
   0.00000000e+00]
 [            nan             nan             nan             nan
              nan             nan             nan             nan
              nan             nan             nan             nan
              nan             nan             nan             nan
  -1.41158539e-04]
 [            nan             nan             nan             nan
              nan             nan             nan             nan
              nan             nan             nan             nan
              nan             nan             nan             nan
              nan]]
S2_conf:[[           nan 1.60692112e-02 1.59574206e-02 1.65224981e-02
  1.69882981e-02 1.74611825e-02 1.62211857e-02 1.78222947e-02
  1.65202847e-02 1.61427205e-02 1.60932135e-02 1.62181309e-02
  1.60541113e-02 1.60880563e-02 1.60884966e-02 1.60964188e-02
  1.62460292e-02]
 [           nan            nan 2.86113085e-03 2.89323171e-03
  3.01949537e-03 2.86431220e-03 2.89642928e-03 3.20937835e-03
  2.83162045e-03 2.76510787e-03 2.87106527e-03 2.86776268e-03
  2.87788345e-03 2.87614494e-03 2.87614612e-03 2.87742053e-03
  2.72995986e-03]
 [           nan            nan            nan 3.12343337e-03
  3.45932109e-03 2.94843573e-03 3.00903255e-03 3.06226545e-03
  2.98956337e-03 2.95659574e-03 3.04805269e-03 3.00298561e-03
  3.03983138e-03 3.03437993e-03 3.03432501e-03 3.03538670e-03
  3.37303599e-03]
 [           nan            nan            nan            nan
  1.43136008e-02 1.49465593e-02 1.45548993e-02 1.49402644e-02
  1.47202521e-02 1.48228546e-02 1.45827801e-02 1.45847871e-02
  1.44793638e-02 1.45049995e-02 1.45053320e-02 1.44954561e-02
  1.63954841e-02]
 [           nan            nan            nan            nan
             nan 4.93805805e-02 5.00910791e-02 5.22421692e-02
  5.02594505e-02 5.02462845e-02 5.00065950e-02 5.03641773e-02
  5.02370616e-02 5.01589805e-02 5.01609306e-02 5.01400029e-02
  6.14257660e-02]
 [           nan            nan            nan            nan
             nan            nan 1.72536768e-02 1.87888449e-02
  1.76941759e-02 1.76043868e-02 1.72502947e-02 1.73052788e-02
  1.72608545e-02 1.72837360e-02 1.72838591e-02 1.72913007e-02
  1.72188527e-02]
 [           nan            nan            nan            nan
             nan            nan            nan 3.24534292e-03
  3.20967376e-03 3.02802971e-03 3.19953253e-03 3.17263605e-03
  3.17283202e-03 3.17416810e-03 3.17430782e-03 3.17441725e-03
  3.21426336e-03]
 [           nan            nan            nan            nan
             nan            nan            nan            nan
  1.53803109e-02 1.61333248e-02 1.52631294e-02 1.57919376e-02
  1.53786574e-02 1.53884226e-02 1.53898580e-02 1.54057958e-02
  1.56877008e-02]
 [           nan            nan            nan            nan
             nan            nan            nan            nan
             nan 1.15324478e-02 1.11798755e-02 1.11682617e-02
  1.12471101e-02 1.12292096e-02 1.12296961e-02 1.12276121e-02
  1.11013901e-02]
 [           nan            nan            nan            nan
             nan            nan            nan            nan
             nan            nan 2.51445599e-02 2.55695871e-02
  2.51512912e-02 2.51986729e-02 2.51983272e-02 2.51733358e-02
  2.44703477e-02]
 [           nan            nan            nan            nan
             nan            nan            nan            nan
             nan            nan            nan 3.14979932e-03
  3.14915913e-03 3.15159930e-03 3.15178663e-03 3.15738174e-03
  3.29713460e-03]
 [           nan            nan            nan            nan
             nan            nan            nan            nan
             nan            nan            nan            nan
  4.67444922e-03 4.67006427e-03 4.67053209e-03 4.67192805e-03
  4.84914507e-03]
 [           nan            nan            nan            nan
             nan            nan            nan            nan
             nan            nan            nan            nan
             nan 5.69696320e-04 5.69695099e-04 5.69578843e-04
  5.78894158e-04]
 [           nan            nan            nan            nan
             nan            nan            nan            nan
             nan            nan            nan            nan
             nan            nan 2.07275841e-05 2.07530665e-05
  2.20802652e-05]
 [           nan            nan            nan            nan
             nan            nan            nan            nan
             nan            nan            nan            nan
             nan            nan            nan 2.24996446e-18
  3.94439745e-17]
 [           nan            nan            nan            nan
             nan            nan            nan            nan
             nan            nan            nan            nan
             nan            nan            nan            nan
  3.27312126e-04]
 [           nan            nan            nan            nan
             nan            nan            nan            nan
             nan            nan            nan            nan
             nan            nan            nan            nan
             nan]]
