S1:[ 1.17195369e-01 -8.21594414e-04 -3.00061791e-04 -1.95923374e-04
  2.40031252e-03  9.35173197e-02  5.05832021e-03  1.95392710e-01
  8.40009526e-02  3.69503963e-01  9.22871042e-03  2.94510932e-02
  1.00282239e-03 -2.15858029e-04  3.54218136e-03  2.00426059e-04
  7.15160122e-03]
S1_conf:[0.03273826 0.00288021 0.0004308  0.00188988 0.00744807 0.02778462
 0.00591254 0.04264092 0.02783004 0.07782274 0.00746502 0.01611963
 0.00450522 0.00111554 0.00643719 0.00019835 0.00728621]
ST:[1.32885137e-01 1.31814877e-03 3.40322341e-05 6.04823157e-04
 6.68864352e-03 1.30364387e-01 4.13094720e-03 2.41751258e-01
 1.16503789e-01 4.08919651e-01 1.00133610e-02 3.60346376e-02
 5.16877429e-03 1.99980087e-04 1.04293330e-02 6.61631499e-06
 5.49342223e-03]
ST_conf:[1.85207962e-02 4.45467231e-04 1.11663144e-05 9.48857292e-05
 1.50712266e-03 1.74924786e-02 8.48185939e-04 2.70732719e-02
 1.82512944e-02 6.40810657e-02 1.70947822e-03 4.46328897e-03
 7.24062609e-04 3.10615501e-05 2.66097726e-03 1.38852734e-06
 1.10205467e-03]
S2:[[            nan -9.27787274e-03 -9.94847271e-03 -9.79602043e-03
  -9.46218044e-03 -1.13033560e-02 -1.07404492e-02  1.70841454e-03
  -3.05286464e-03 -2.60282521e-03 -1.03993956e-02 -1.54215875e-02
  -8.86477803e-03 -9.49911575e-03 -9.64252900e-03 -9.91582126e-03
  -9.60599138e-03]
 [            nan             nan  1.38636928e-03  1.35383037e-03
   1.62191953e-03  8.28480516e-04  1.36689714e-03  1.22952933e-03
   1.54994683e-03  1.62799765e-03  1.11776046e-03  1.39680198e-03
   1.44521822e-03  1.38178749e-03  1.26464670e-03  1.37489094e-03
   1.53779827e-03]
 [            nan             nan             nan  6.72288618e-04
   7.04588482e-04  3.08099234e-04  6.74751269e-04  7.04680357e-04
   6.10320166e-04  5.39093214e-04  6.80347559e-04  6.12202992e-04
   6.64147886e-04  6.68568292e-04  6.85013161e-04  6.74076892e-04
   6.83571611e-04]
 [            nan             nan             nan             nan
  -1.95091782e-04 -4.45369578e-04 -3.57496292e-04 -2.80566159e-04
  -1.99963850e-04  1.00281269e-03 -5.40854315e-04 -3.46852188e-04
  -4.62632857e-04 -4.22270561e-04 -5.01956222e-04 -4.20141472e-04
  -3.25260307e-04]
 [            nan             nan             nan             nan
              nan  3.31104649e-03  5.44015901e-03  3.86450988e-03
   9.24624966e-04  1.31709302e-02  5.34837043e-03  5.36240569e-03
   5.51137007e-03  5.47873507e-03  5.53653099e-03  5.44037616e-03
   6.51874646e-03]
 [            nan             nan             nan             nan
              nan             nan  1.85750062e-02  2.51171608e-02
   2.97316622e-02  1.96156821e-02  1.61324170e-02  1.87233430e-02
   1.93019365e-02  1.85578724e-02  1.66581047e-02  1.83995329e-02
   1.89745035e-02]
 [            nan             nan             nan             nan
              nan             nan             nan -2.25532021e-03
  -6.06374106e-03 -4.33404633e-03 -6.88841029e-03 -7.37123649e-03
  -6.70172438e-03 -6.82693208e-03 -6.92613656e-03 -6.81129578e-03
  -7.10615521e-03]
 [            nan             nan             nan             nan
              nan             nan             nan             nan
   2.28763656e-02  2.91477098e-02  2.19943483e-02  2.53867924e-02
   2.08591324e-02  2.29280131e-02  1.97049099e-02  2.29282201e-02
   2.58681676e-02]
 [            nan             nan             nan             nan
              nan             nan             nan             nan
              nan  1.02582745e-02  1.03112792e-02  1.23341544e-02
   7.85117633e-03  7.49931317e-03  1.18167092e-02  7.83122011e-03
   6.56619999e-03]
 [            nan             nan             nan             nan
              nan             nan             nan             nan
              nan             nan -1.73649076e-02 -2.22016667e-02
  -1.82219993e-02 -1.77063474e-02 -2.02608029e-02 -1.82176451e-02
  -2.13309577e-02]
 [            nan             nan             nan             nan
              nan             nan             nan             nan
              nan             nan             nan -5.18999955e-03
  -5.15536992e-03 -5.41103878e-03 -5.58871394e-03 -5.50045812e-03
  -5.72273245e-03]
 [            nan             nan             nan             nan
              nan             nan             nan             nan
              nan             nan             nan             nan
  -1.19338076e-02 -1.25365021e-02 -1.18078530e-02 -1.24414490e-02
  -1.22033639e-02]
 [            nan             nan             nan             nan
              nan             nan             nan             nan
              nan             nan             nan             nan
              nan  4.48208374e-03  4.19045142e-03  4.45988867e-03
   4.32366926e-03]
 [            nan             nan             nan             nan
              nan             nan             nan             nan
              nan             nan             nan             nan
              nan             nan -1.84395293e-05  8.12628402e-05
   3.69760797e-05]
 [            nan             nan             nan             nan
              nan             nan             nan             nan
              nan             nan             nan             nan
              nan             nan             nan  2.92600985e-03
   3.33517377e-03]
 [            nan             nan             nan             nan
              nan             nan             nan             nan
              nan             nan             nan             nan
              nan             nan             nan             nan
  -1.12439708e-04]
 [            nan             nan             nan             nan
              nan             nan             nan             nan
              nan             nan             nan             nan
              nan             nan             nan             nan
              nan]]
S2_conf:[[       nan 0.04236405 0.04228112 0.04237464 0.04200034 0.04588562
  0.04224634 0.04952641 0.04452113 0.04386041 0.04206762 0.04337
  0.04154029 0.04226358 0.04244972 0.04230219 0.04219713]
 [       nan        nan 0.00413053 0.00412323 0.00403045 0.00418613
  0.00405351 0.00461536 0.00424485 0.00408291 0.00401275 0.00407613
  0.00416057 0.00412894 0.00417694 0.00413182 0.00406169]
 [       nan        nan        nan 0.00058714 0.00060744 0.00070049
  0.00058812 0.00063382 0.00061775 0.00074016 0.00059646 0.00058794
  0.00058078 0.00058536 0.00059547 0.00058729 0.00060007]
 [       nan        nan        nan        nan 0.00270814 0.00292545
  0.00273677 0.0026352  0.00289878 0.00382884 0.00274746 0.00284423
  0.00269388 0.0027114  0.00263378 0.00271303 0.00268607]
 [       nan        nan        nan        nan        nan 0.01141377
  0.0111731  0.01061289 0.0110098  0.01795808 0.01136435 0.01149596
  0.01123251 0.01129062 0.0112103  0.01125406 0.01161975]
 [       nan        nan        nan        nan        nan        nan
  0.04405147 0.05000361 0.05003436 0.03871703 0.0436309  0.04346354
  0.04304862 0.04369908 0.04266374 0.04368014 0.04373313]
 [       nan        nan        nan        nan        nan        nan
         nan 0.00858083 0.00929554 0.00828744 0.00819505 0.00841408
  0.00824616 0.00811661 0.00824835 0.00813182 0.00812347]
 [       nan        nan        nan        nan        nan        nan
         nan        nan 0.06460013 0.0861619  0.06187074 0.06325664
  0.0627985  0.06217002 0.06238694 0.06214106 0.06168918]
 [       nan        nan        nan        nan        nan        nan
         nan        nan        nan 0.03851831 0.03931329 0.04041395
  0.03939401 0.03950652 0.04017409 0.03958913 0.03955839]
 [       nan        nan        nan        nan        nan        nan
         nan        nan        nan        nan 0.10979659 0.10826638
  0.11064716 0.11000487 0.10846057 0.10989751 0.11149536]
 [       nan        nan        nan        nan        nan        nan
         nan        nan        nan        nan        nan 0.01162579
  0.0108585  0.01104696 0.01106146 0.01101881 0.0113025 ]
 [       nan        nan        nan        nan        nan        nan
         nan        nan        nan        nan        nan        nan
  0.02226761 0.02226404 0.02206677 0.02232289 0.02227746]
 [       nan        nan        nan        nan        nan        nan
         nan        nan        nan        nan        nan        nan
         nan 0.00820823 0.00824847 0.00819249 0.00804286]
 [       nan        nan        nan        nan        nan        nan
         nan        nan        nan        nan        nan        nan
         nan        nan 0.00154325 0.0015455  0.00154031]
 [       nan        nan        nan        nan        nan        nan
         nan        nan        nan        nan        nan        nan
         nan        nan        nan 0.01212948 0.01202908]
 [       nan        nan        nan        nan        nan        nan
         nan        nan        nan        nan        nan        nan
         nan        nan        nan        nan 0.00031841]
 [       nan        nan        nan        nan        nan        nan
         nan        nan        nan        nan        nan        nan
         nan        nan        nan        nan        nan]]
