0.0,0.0,0.0,0.0,0.9575078442343055,0.9574268669204801,0.9573498907404421,0.9572770457183167,0.9572085116061779,0.9571445341337352,0.957084959880065,0.9570359326263647,0.0,0.0,0.0,0.0
0.0,0.0,0.0,0.0,0.9589921891979238,0.9589132482198219,0.9588381005730217,0.9587668741251645,0.958699745819128,0.9586369577008711,0.9585783581895526,0.9585289268503635,0.0,0.0,0.0,0.0,0.9590975511978058
0.0,0.0,0.0,0.0,0.9631347204185301,0.9630603499106561,0.962989399983442,0.9629219928772559,0.9628582979804957,0.9627985472168576,0.9627425947275898,0.9626941390631404,0.0,0.0,0.0,0.0,0.9632257896442088
0.0,0.0,0.0,0.0,0.9680958039260578,0.9680269204999389,0.9679610229185162,0.9678982266098213,0.9678386918000833,0.9677826381216252,0.9677299266868132,0.9676830223785906,0.0,0.0,0.0,0.0,0.9681709771203596
0.0,0.0,0.0,0.0,0.973224864445646,0.9731616720715008,0.9731010251480101,0.9730430319746188,0.9729878431734459,0.9729356654779087,0.9728863673358014,0.9728412703657284,0.0,0.0,0.0,0.0,0.9732843256861438
0.0,0.0,0.0,0.0,0.9773835674685808,0.9773252371836214,0.9772690657150357,0.9772151554444987,0.977163649045597,0.9771147426002482,0.9770683105085943,0.9770246374726371,0.0,0.0,0.0,0.0,0.977429125311653
0.0,0.0,0.0,0.0,0.9820584056061382,0.9820051086450343,0.9819536148888883,0.9819040201612261,0.9818564582352095,0.9818111131795499,0.9817678663732744,0.981726795845395,0.0,0.0,0.0,0.0,0.9820914066249227
0.0,0.0,0.0,0.0,0.9855092508648209,0.9854597918166237,0.9854118602785266,0.9853655471579934,0.9853209795633201,0.985278332574692,0.9852374927500318,0.9851985341424556,0.0,0.0,0.0,0.0,0.9855333475179724
0.0,0.0,0.0,0.0,0.9884538794958524,0.9884075962587081,0.988362621748343,0.9883190426835655,0.9882769804717773,0.9882366024841969,0.9881977997807531,0.9881606430180218,0.0,0.0,0.0,0.0,0.9884719336221114
0.0,0.0,0.0,0.0,0.9907289887414702,0.9906852137790382,0.9906425718676222,0.9906011464606271,0.9905610545234831,0.9905224574234089,0.9904852497082687,0.9904494993818448,0.0,0.0,0.0,0.0,0.9907421622219633
0.0,0.0,0.0,0.0,0.9933846512173992,0.9933438500705768,0.9933039716729043,0.9932650956405518,0.9932273337181263,0.9931908402157218,0.9931555137700374,0.9931214192605016,0.0,0.0,0.0,0.0,0.9933919620612003
0.0,0.0,0.0,0.0,0.9974599115761651,0.997423570977378,0.9973878492170934,0.9973528200135579,0.9973185870560232,0.9972852937378383,0.9972528450971756,0.9972213011953354,0.0,0.0,0.0,0.0,0.9974588573414997
0.0,0.0,0.0,0.0,0.9937137752482395,0.9936731978291024,0.9936335381638606,0.993594875432429,0.9935573207665911,0.9935210276297196,0.9934858952177111,0.9934519880550068,0.0,0.0,0.0,0.0,0.9937210491259482
0.0,0.0,0.0,0.0,0.9908269239595494,0.990783216783944,0.9907406409407774,0.9906992797542047,0.9906592500082761,0.9906207128197725,0.9905835629013775,0.9905478681517151,0.0,0.0,0.0,0.0,0.990838971755342,0.9908055815560619
0.0,0.0,0.0,0.0,0.9887255051183083,0.988679412400977,0.9886346231555848,0.9885912237437506,0.9885493350720101,0.9885091238203715,0.9884704815024794,0.9884334784843449,0.0,0.0,0.0,0.0,0.9887417857937381,0.9887053965218584
0.0,0.0,0.0,0.0,0.9862209313014387,0.9861719784688752,0.9861245379526925,0.9860786997289841,0.9860345896011571,0.9859923808496464,0.9859519612104042,0.9859134039790878,0.0,0.0,0.0,0.0,0.9862422822631434,0.9862025390001866
0.0,0.0,0.0,0.0,0.9822978865238625,0.9822442397081338,0.9821923896965983,0.9821424320418845,0.9820945001256908,0.9820487774660805,0.9820051458757756,0.9819636831791916,0.0,0.0,0.0,0.0,0.9823283430480724,0.9822842439976713,0.9819337587033152
0.0,0.0,0.0,0.0,0.9780837901632937,0.9780252250714393,0.9779687994280242,0.9779146147770199,0.9778628126007054,0.9778135873219288,0.9777668145363443,0.9777225769079896,0.0,0.0,0.0,0.0,0.9781233267157102,0.9780744870964511,0.9776898920680558
0.0,0.0,0.0,0.0,0.9733099798341851,0.9732457522439164,0.9731840660532598,0.973125029555894,0.9730687933329563,0.9730155640313468,0.972965210340403,0.9729178203602644,0.0,0.0,0.0,0.0,0.9733601801359275,0.973306004433179,0.9728820314099056
0.0,0.0,0.0,0.0,0.9690397939175516,0.9689700969573283,0.9689033541960083,0.9688396800268771,0.9687792331815186,0.9687222311896408,0.9686685368014577,0.9686182430064293,0.0,0.0,0.0,0.0,0.9691011429028992,0.9690418988678199,0.9685794657493694
0.0,0.0,0.0,0.0,0.9644057839567169,0.9643303622708949,0.9642583160217495,0.9641897660864738,0.9641248798798665,0.9640638865449664,0.9640066424087701,0.9639532456507219,0.0,0.0,0.0,0.0,0.9644791100717912,0.9644165972843775,0.9639112430616198
0.0,0.0,0.0,0.0,0.9615086533012187,0.9614291323636727,0.9613533135969065,0.9612813220523309,0.9612133306513335,0.9611495758232885,0.9610899101187055,0.961034435035447,0.0,0.0,0.0,0.0,0.9615917361683888,0.9615271544561259,0.9609899255799781
0.0,0.0,0.0,0.0,0.958723149788046,0.9586401552788646,0.9585611139840859,0.9584861547849871,0.9584154557247413,0.958349260076683,0.9582874166157578,0.9582300298979558,0.0,0.0,0.0,0.0,0.9588137463401758,0.9587472373948719,0.9581830451180894
0.0,0.0,0.0,0.0,0.958344431233463,0.9582606044135672,0.9581807980963939,0.9581051417775645,0.9580338142764236,0.9579670598605644,0.9579047269058982,0.9578469204521711,0.0,0.0,0.0,0.0,0.9584375997025334,0.9583708060984303,0.957798593327144
0.0,0.0,0.0,0.0,0.9601492034589031,0.9600671024055725,0.9599889029799792,0.9599147323349229,0.9598447660963044,0.9597792442073702,0.9597180176353783,0.9596611895438154,0.0,0.0,0.0,0.0,0.9602397570372206,0.9601741773919165,0.9596126292344578
0.0,0.0,0.0,0.0,0.9624349244419405,0.9623556939258217,0.9622801325217293,0.9622083641824162,0.9621405602816232,0.9620769551063566,0.9620174026755018,0.9619620036120194,0.0,0.0,0.0,0.0,0.9625193329134031,0.962455359208629,0.9619135569555244
0.0,0.0,0.0,0.0,0.9650902880376482,0.9650148097272548,0.9649426831887239,0.9648740285081772,0.9648090119762905,0.9647478611711199,0.9646904335429091,0.964636826650221,0.0,0.0,0.0,0.0,0.9651602440797917,0.9650969655176762,0.9645888004915354,0.9650512034821798
0.0,0.0,0.0,0.0,0.9692395709664751,0.9691693579933256,0.9691020919777155,0.9690378871286346,0.9689769018983442,0.9689193534119624,0.9688651048029261,0.9688142489340232,0.0,0.0,0.0,0.0,0.9692984510274641,0.9692381620080356,0.9687675400828015,0.9691923829288037
0.0,0.0,0.0,0.0,0.9737747204239902,0.973710173647492,0.9736481539252742,0.9735887690206152,0.9735321687537841,0.9734785587060826,0.9734278083705977,0.9733800054386582,0.0,0.0,0.0,0.0,0.9738222374689846,0.9737652908344899,0.9733351911365024,0.9737199234455491
0.0,0.0,0.0,0.0,0.9781544283680857,0.9780953275678278,0.9780383635110548,0.9779836377007532,0.9779312915462098,0.977881519355488,0.9778341968901985,0.9777894067994993,0.0,0.0,0.0,0.0,0.9781913657053616,0.9781377085563957,0.9777471877346894,0.9780929104553795
0.0,0.0,0.0,0.0,0.9820374752284781,0.9819831370755352,0.9819306011610204,0.9818799634146258,0.9818313577340149,0.981784968337794,0.9817406766530142,0.9816985608256632,0.0,0.0,0.0,0.0,0.9820655337934934,0.9820148379642386,0.9816586572144604,0.981970533260642
0.0,0.0,0.0,0.0,0.9854354372094954,0.9853851398786949,0.9853363705311113,0.9852892202254073,0.9852438162655431,0.9852003339871367,0.9851586598832166,0.9851188681523172,0.0,0.0,0.0,0.0,0.9854563983704882,0.9854083145101726,0.9850809931573603,0.9853644006763921
0.0,0.0,0.0,0.0,0.9881306612984491,0.9880835522759523,0.9880377574003152,0.9879933638529649,0.9879504936791911,0.9879093151209569,0.9878697187384149,0.9878317755809046,0.0,0.0,0.0,0.0,0.9881461776221682,0.988100189699861,0.9877955184213109,0.9880563659662415
0.0,0.0,0.0,0.0,0.9904985187645161,0.9904541385230636,0.9904108947679943,0.9903688712824203,0.9903281854874113,0.990288999373151,0.9902512071268288,0.9902148770322569,0.0,0.0,0.0,0.0,0.9905096757718809,0.9904655497337603,0.9901800404741197,0.9904222138879942
0.0,0.0,0.0,0.0,0.9933565576899945,0.993315475819224,0.9932753167742291,0.9932361602214974,0.9931981179729662,0.9931613444288927,0.9931257381921698,0.9930913641897301,0.0,0.0,0.0,0.0,0.9933626623178827,0.9933208345020038,0.9930582521212576,0.9932795974333657
0.0,0.0,0.0,0.0,0.9976226466010909,0.9975864125814948,0.9975507955679089,0.9975158690617896,0.9974817364473522,0.9974485406960143,0.9974161871263131,0.9973847356231579,0.0,0.0,0.0,0.0,0.997621593055007,0.9975832054883553,0.9973542133652834,0.9975451244820638
0.0,0.0,0.0,0.0,0.9934290900732572,0.9933880577847625,0.9933479472219836,0.9933088379552879,0.9932708416615922,0.993234112554602,0.9931985493603933,0.993164216927679,0.0,0.0,0.0,0.0,0.9934351879234642,0.993393410727964,0.9931311449205746,0.9933522235818195
0.0,0.0,0.0,0.0,0.9909042810091964,0.9908601842170068,0.9908172167955229,0.9907754619923245,0.9907350364769871,0.9906961012021036,0.9906585510375013,0.990622453831223,0.0,0.0,0.0,0.0,0.990915372321734,0.9908715294099879,0.990587840769156,0.9908284718016558
0.0,0.0,0.0,0.0,0.9887834249658902,0.9887367791261135,0.9886914348165583,0.9886474783602638,0.9886050305989182,0.9885642581135425,0.9885250525540552,0.9884874842713989,0.0,0.0,0.0,0.0,0.9887986512584815,0.9887530858428725,0.9884515857191022,0.9887084675353575
0.0,0.0,0.0,0.0,0.9861410289532835,0.9860912408082941,0.9860429655952234,0.9859962934491052,0.9859513503799695,0.9859083099388951,0.9858670597862542,0.9858276733692518,0.0,0.0,0.0,0.0,0.9861613250933291,0.9861136299614728,0.9857901847063886,0.9860670805003111
0.0,0.0,0.0,0.0,0.9820450567399858,0.9819901994048494,0.9819371433708779,0.9818859845982827,0.9818368570151303,0.9817899448708398,0.9817451296469061,0.9817024895298119,0.0,0.0,0.0,0.0,0.9820721113380917,0.9820206788253623,0.9816620609229267,0.9819706603233374,0.9816329345093936,0.981933580156759
0.0,0.0,0.0,0.0,0.9778429311843397,0.9777828708348992,0.9777249542970378,0.9776692835370745,0.9776160005926996,0.9775653006198766,0.9775170589419084,0.9774713586073018,0.0,0.0,0.0,0.0,0.977878090668455,0.9778230780065346,0.9774282384904739,0.9777698019738048,0.9773966093599279,0.977728871878667
0.0,0.0,0.0,0.0,0.9728832883516163,0.9728170792290239,0.9727534212598481,0.9726924234365595,0.972634237266693,0.9725790706268695,0.9725267916889333,0.9724774891749669,0.0,0.0,0.0,0.0,0.9729280615229994,0.972868828201021,0.9724312048443692,0.9728117157393847,0.9723966737224422,0.9727663379685666,0.0
0.0,0.0,0.0,0.0,0.9678114191112318,0.9677387536662048,0.967669077528206,0.9676025068441498,0.967539202725856,0.9674793859157556,0.9674229174540824,0.9673698918229292,0.0,0.0,0.0,0.0,0.9678665623473587,0.9678029643346936,0.9673203537279723,0.9677419022888226,0.9672827936268,0.9676918287370684,0.0
0.0,0.0,0.0,0.0,0.9627673150170177,0.9626882343801162,0.962612579715055,0.9625404741963638,0.9624720883575499,0.9624076555513602,0.9623470298454782,0.9622903113672515,0.0,0.0,0.0,0.0,0.9628327264528462,0.9627647861768774,0.9622375477087957,0.9626997959879295,0.9621969022426016,0.962644865946899,0.0
0.0,0.0,0.0,0.0,0.9590468278225293,0.9589626967956978,0.9588823491844213,0.9588059133810488,0.9587335668627005,0.9586655522272729,0.9586017185854329,0.9585421702410853,0.0,0.0,0.0,0.0,0.9591206605854838,0.9590493852630815,0.9584869569529267,0.9589814014301651,0.9584437411215964,0.9589222380174107,0.0
0.0,0.0,0.0,0.0,0.9561070721427362,0.95601913624672,0.9559352421737654,0.9558555223416247,0.9557801596097519,0.9557094037669236,0.9556430999800012,0.95558135577742,0.0,0.0,0.0,0.0,0.956186783061831,0.9561128902717227,0.955524222570618,0.9560425345784515,0.9554787532089745,0.9559795050746264,0.0
0.0,0.0,0.0,0.0,0.9554020591661867,0.9553129759228699,0.955228014412078,0.9551473080691945,0.9550710410878627,0.9549994650143061,0.9549324241420284,0.9548700268123155,0.0,0.0,0.0,0.0,0.955483394877674,0.9554086867905632,0.9548123248741227,0.9553375927989843,0.9547655848822696,0.955272015232261,0.0
0.0,0.0,0.0,0.0,0.9575758620223053,0.957488914268364,0.9574059558937779,0.957327117543122,0.9572525795974313,0.9571825884324249,0.9571169914528261,0.9570558947562802,0.0,0.0,0.0,0.0,0.9576538929506515,0.9575806696907331,0.9569993491047784,0.9575109381158949,0.9569526733639298,0.9574446785991899,0.0
0.0,0.0,0.0,0.0,0.9607779896193294,0.960694882682773,0.9606154986339394,0.9605399637709097,0.9604684526384247,0.9604012037914282,0.960338069017249,0.9602791509341485,0.0,0.0,0.0,0.0,0.9608501432858414,0.9607795824577077,0.96022449854441,0.9607122610595784,0.9601784630055598,0.9606480907556825,0.0
0.0,0.0,0.0,0.0,0.9649801633286466,0.964902357750639,0.964827904108081,0.964756922868267,0.964689580773018,0.9646261059464857,0.9645663559194397,0.9645104286392286,0.0,0.0,0.0,0.0,0.9650438407016113,0.9649768700288922,0.9644583707196289,0.9649127864545958,0.9644135726889838,0.9648515049334985,0.0
0.0,0.0,0.0,0.0,0.9693548864827235,0.969282878978599,0.9692138119315458,0.9691477995963107,0.9690850004266351,0.9690256314923288,0.9689695563051524,0.9689168678295977,0.0,0.0,0.0,0.0,0.9694089338384313,0.9693458061653888,0.9688676101032321,0.9692851734769234,0.9688242624279179,0.9692269541299147,0.0
0.0,0.0,0.0,0.0,0.9739749382986923,0.9739090024088567,0.9738455854819205,0.9737847951696691,0.9737267810904692,0.9736717485054941,0.9736195673756297,0.9735703253522844,0.0,0.0,0.0,0.0,0.9740190543090432,0.9739599876909902,0.9735240637331566,0.9739030154267521,0.973482407023156,0.9738480595459772,0.0
0.0,0.0,0.0,0.0,0.9783999949508821,0.9783398111134357,0.978281755716839,0.9782259300551823,0.9781724752119312,0.9781215850157193,0.9780731357364584,0.9780272098932357,0.0,0.0,0.0,0.0,0.9784348811108774,0.978379704404643,0.977983846145719,0.9783262519302154,0.9779438818645891,0.9782744493145517,0.0,0.0
0.0,0.0,0.0,0.0,0.9821173005198828,0.9820619989153084,0.98200849618032,0.9819568882194961,0.981907308871378,0.9818599422514847,0.9818146699992736,0.9817715702708533,0.0,0.0,0.0,0.0,0.9821443433418163,0.9820924666367145,0.98173067948032,0.9820420019398827,0.9816921190180009,0.9819928779328604,0.0,0.0
0.0,0.0,0.0,0.0,0.9854844451156205,0.985433397834407,0.9853838763742688,0.9853359717844021,0.9852898113393599,0.9852455703197862,0.9852031353568674,0.9851625806638726,0.0,0.0,0.0,0.0,0.9855049187175521,0.9854559809679919,0.9851239406464286,0.9854081982791774,0.9850872798384033,0.9853615021915126,0.0,0.0
0.0,0.0,0.0,0.0,0.9883166741677691,0.9882690993975031,0.9882228343455303,0.9881779659866017,0.9881346160654176,0.988092952399595,0.9880528658993626,0.9880144274623082,0.0,0.0,0.0,0.0,0.9883319995291766,0.9882855108970905,0.9879776698173061,0.9882399750336215,0.9879426546209519,0.9881953259386009,0.0,0.0
0.0,0.0,0.0,0.0,0.9904141872170356,0.9903693017460173,0.9903255536253227,0.9902830267749779,0.9902418388011323,0.9902021519433529,0.9901638602741059,0.9901270322004007,0.0,0.0,0.0,0.0,0.9904242122030376,0.9903793323272898,0.9900916991807289,0.9903352427132464,0.9900579207079323,0.9902918791719029,0.0,0.0,0.9902586601471948
0.0,0.0,0.0,0.0,0.9931940132059657,0.993152557964656,0.9931120276609843,0.9930725021899021,0.9930340936809144,0.9929969569701819,0.9929609903985466,0.9929262590854302,0.0,0.0,0.0,0.0,0.993199383029301,0.9931570167007755,0.9928927928273473,0.9931152421028788,0.9928606482572346,0.9930739974896338,0.0,0.0,0.9930410172075458
0.0,0.0,0.0,0.0,0.9975906298923835,0.9975543742741517,0.997518736021692,0.9974837886791423,0.9974496356907679,0.9974164201110451,0.9973840472033703,0.997352576887394,0.0,0.0,0.0,0.0,0.9975895740841624,0.9975511633082816,0.9973220363575744,0.9975130592716438,0.9972924777156343,0.9974752042133962,0.0,0.0,0.9974435955641427
0.0,0.0,0.0,0.0,0.9934421179492197,0.9934008332878127,0.9933604698030783,0.9933211070611935,0.9932828567298411,0.9932458730071095,0.9932100546550923,0.9931754665256435,0.0,0.0,0.0,0.0,0.9934473176880366,0.9934050935927025,0.9931421382935806,0.9933634587995773,0.9931101263593334,0.9933223518192867,0.0,0.0,0.9932869879338542
0.0,0.0,0.0,0.0,0.9906775035358113,0.990632803655573,0.9905892365121353,0.9905468856780428,0.9905058682718537,0.9904663458599328,0.9904282129575106,0.9903915376888112,0.0,0.0,0.0,0.0,0.9906869875965958,0.9906421849032307,0.9903563513832692,0.9905981691578518,0.9903227132880079,0.9905548764431531,0.0,0.0,0.9905165607967422
0.0,0.0,0.0,0.0,0.9885370205479698,0.9884896039665487,0.9884434928471254,0.9883987738746214,0.9883555683873745,0.9883140436422535,0.9882740909172258,0.9882357808740299,0.0,0.0,0.0,0.0,0.9885499490158932,0.9885031056539688,0.98819914613363,0.9884572113268196,0.9881642481477011,0.9884122002749756,0.0,0.0,0.9883713074819342
0.0,0.0,0.0,0.0,0.9860609927227528,0.9860103675311199,0.9859612558696785,0.9859137480326166,0.9858679702368742,0.9858240963045636,0.9857820138203451,0.9857417963831873,0.0,0.0,0.0,0.0,0.9860780516044754,0.9860288140350855,0.9857034781168947,0.9859807214088371,0.985667123021657,0.9859337058724821,0.0,0.0,0.9858899678928863
0.0,0.0,0.0,0.0,0.9827680256861777,0.982713207902069,0.9826601736096474,0.9826090178666437,0.9825598733265168,0.9825129224715459,0.9824680480054867,0.9824253273956832,0.0,0.0,0.0,0.0,0.9827903758390487,0.9827379858558711,0.9823847967394698,0.9826869946947174,0.9823465233888475,0.9826373317280822,0.0,0.0,0.9825901188321895,0.0
0.0,0.0,0.0,0.0,0.9790573988857314,0.9789976667307347,0.9789400457271232,0.9788846363235957,0.9788315784206455,0.9787810642166512,0.9787329710473738,0.9786873807460948,0.0,0.0,0.0,0.0,0.9790862071534647,0.9790301842363729,0.9786443316587529,0.9789758700789316,0.978603894912855,0.9789231910246505,0.0,0.0,0.9788722067305321,0.0
0.0,0.0,0.0,0.0,0.9748080999993264,0.9747426913257222,0.9746797774373445,0.9746194649303965,0.9745619019458234,0.9745072917084537,0.9744555055167723,0.9744066301683574,0.0,0.0,0.0,0.0,0.9748447551421597,0.9747846230756058,0.9743607065730465,0.9747265635353421,0.9743178101427981,0.9746704994608723,0.0,0.0,0.9746164942553776,0.0
0.0,0.0,0.0,0.0,0.9701774882738528,0.9701059121010227,0.970037250344949,0.9699716162406089,0.9699091668120476,0.9698501171562908,0.9697943320975457,0.9697419037796324,0.0,0.0,0.0,0.0,0.9702227455766729,0.9701581672983166,0.9696928758735578,0.9700960598791383,0.9696473283967832,0.9700363426058343,0.0,0.0,0.9699790829098176,0.0
0.0,0.0,0.0,0.0,0.9662023463054241,0.9661251818437102,0.9660513280189922,0.9659809038032218,0.9659140738418552,0.9658510633663672,0.9657917318351407,0.9657361759938601,0.0,0.0,0.0,0.0,0.9662558446572913,0.9661873441337105,0.9656844419212418,0.9661216930165708,0.9656366135876806,0.9660588075959123,0.0,0.0,0.9659987587788661,0.0
0.0,0.0,0.0,0.0,0.9625486380096792,0.9624664888576598,0.9623880000555259,0.9623132957591356,0.9622425475106982,0.9621759897226957,0.9621134769422699,0.9620551100670677,0.0,0.0,0.0,0.0,0.9626093808724132,0.9625373564669925,0.9620009373335158,0.9624685150277859,0.961951046275191,0.9624027700849874,0.0,0.0,0.9623401956717753,0.0
0.0,0.0,0.0,0.0,0.9597058358882197,0.9596185155857127,0.9595351050288288,0.9594557324898367,0.9593805749626415,0.9593098740926104,0.9592434807619231,0.9591814992221135,0.0,0.0,0.0,0.0,0.9597786157417361,0.9597039484843967,0.9591239795270792,0.9596327032045269,0.9590710121249569,0.9595647912568811,0.0,0.0,0.9595002890369156,0.0,0.9590338404243374
0.0,0.0,0.0,0.0,0.959264954279422,0.9591766776223319,0.9590923796971461,0.9590121894841173,0.9589362848782482,0.9588649086856128,0.9587979113088373,0.9587353975633165,0.0,0.0,0.0,0.0,0.9593397884231175,0.9592645982620795,0.9586774178285826,0.9591928975963815,0.9586240630344558,0.959124597527411,0.0,0.0,0.9590597748699683,0.0,0.9585859741818954
0.0,0.0,0.0,0.0,0.9586523608728964,0.958563991422572,0.9584795691820645,0.958399223743019,0.9583231339298007,0.9582515438959116,0.9581843029495839,0.9581215164192364,0.0,0.0,0.0,0.0,0.9587265930309214,0.9586511589897199,0.9580632348716774,0.9585791794757577,0.958009549692764,0.9585105648878829,0.0,0.0,0.9584453923915148,0.0,0.9579705024021251
