0.0,0.0,0.0,0.0,0.11290825828237619,0.11290101321858678,0.11289412608194282,0.11288760851438535,0.11288147660703825,0.11287575235421574,0.11287042203674491,0.11286603537205561,0.0,0.0,0.0,0.0
0.0,0.0,0.0,0.0,0.1127370480311898,0.11273001970946607,0.11272332906548829,0.1127169874916021,0.11271101074948615,0.11270542039729269,0.11270020294627522,0.11269580176605974,0.0,0.0,0.0,0.0,0.11274642859762225
0.0,0.0,0.0,0.0,0.11239833284806347,0.11239177719835107,0.11238552302184705,0.1123795811005229,0.11237396637244765,0.11236869928827943,0.11236376699661771,0.1123594955382103,0.0,0.0,0.0,0.0,0.11240636039787906
0.0,0.0,0.0,0.0,0.11137751927054139,0.11137155442991492,0.11136584810486792,0.111360410295959,0.11135525488306426,0.11135040089043526,0.111345836296008,0.1113417745547207,0.0,0.0,0.0,0.0,0.11138402871583877
0.0,0.0,0.0,0.0,0.10733289093033369,0.1073276675313125,0.1073226545052147,0.1073178608078456,0.1073132988934569,0.10730898585459196,0.10730491082083954,0.10730118304275846,0.0,0.0,0.0,0.0,0.10733780588891965
0.0,0.0,0.0,0.0,0.09973042350017926,0.09972598371782274,0.09972170822879585,0.09971760482864651,0.09971368437983433,0.09970996181015998,0.09970642756222359,0.09970310330925364,0.0,0.0,0.0,0.0,0.09973389109646011
0.0,0.0,0.0,0.0,0.0894967695833472,0.08949316336715964,0.08948967914303269,0.0894863233965452,0.08948310518115064,0.08948003695359692,0.08947711068943656,0.0894743316702595,0.0,0.0,0.0,0.0,0.08949900251200227
0.0,0.0,0.0,0.0,0.07495708132454511,0.07495430079943945,0.07495160613646727,0.07494900244756905,0.07494649687993228,0.07494409927779189,0.07494180326474796,0.07493961300527727,0.0,0.0,0.0,0.0,0.07495843600312886
0.0,0.0,0.0,0.0,0.054474495347504835,0.054472617289509875,0.05447079232848954,0.05446902398399094,0.054467317183194815,0.054465678718466325,0.054464104169975915,0.05446259640556838,0.0,0.0,0.0,0.0,0.05447522793655838
0.0,0.0,0.0,0.0,0.029604137704654553,0.029603177533982835,0.029602242212133197,0.02960133356990924,0.02960045417320539,0.029599607561880893,0.029598791423231078,0.029598007249222798,0.0,0.0,0.0,0.0,0.029604426654206942
0.0,0.0,0.0,0.0,0.008349412242983925,0.008349161091882327,0.00834891561983327,0.008348676316981074,0.008348443871244376,0.008348219232565204,0.00834800177707005,0.008347791904203537,0.0,0.0,0.0,0.0,0.00834945724471809
0.0,0.0,0.0,0.0,8e-06,8e-06,8e-06,8e-06,8e-06,8e-06,8e-06,8e-06,0.0,0.0,0.0,0.0,8e-06
0.0,0.0,0.0,0.0,0.008351438128195415,0.008351188361898904,0.008350944243744494,0.008350706261175416,0.00835047509831623,0.008350251699867016,0.008350035445414624,0.00834982673220545,0.0,0.0,0.0,0.0,0.008351482901014694
0.0,0.0,0.0,0.0,0.02960628582524694,0.0296053271502447,0.029604393286153313,0.02960348606092357,0.02960260803644672,0.029601762747055064,0.02960094788367932,0.029600164935964915,0.0,0.0,0.0,0.0,0.029606550081408018,0.02960581770057514
0.0,0.0,0.0,0.0,0.054485517070001495,0.054483646790924566,0.054481829394303974,0.05448006838509663,0.054478368670026305,0.054476737013229116,0.05447516901339326,0.05447366752649286,0.0,0.0,0.0,0.0,0.05448617768014842,0.05448470113544278
0.0,0.0,0.0,0.0,0.07499708964266481,0.07499433776359438,0.07499167088697961,0.07498909407202943,0.07498661439206199,0.07498424158943785,0.07498196935438833,0.07497980180849774,0.0,0.0,0.0,0.0,0.07499828988102442,0.07499605572261607
0.0,0.0,0.0,0.0,0.08951297327907756,0.08950934347474383,0.0895058352263347,0.08950245500095483,0.08949921182536792,0.08949611811878436,0.08949316588629412,0.08949036039553115,0.0,0.0,0.0,0.0,0.08951503399363941,0.08951205021208267,0.08948833560849727
0.0,0.0,0.0,0.0,0.0997837186449959,0.09977926129572692,0.09977496675428497,0.0997708427519097,0.09976690005963061,0.09976315347794017,0.09975959354107226,0.0997562265432948,0.0,0.0,0.0,0.0,0.0997867277306566,0.09978301059661686,0.09975373883765659
0.0,0.0,0.0,0.0,0.107339926405468,0.10733461748124692,0.1073295185922957,0.10732463869392811,0.10731999023696964,0.10731559030674236,0.10731142805295736,0.10730751076160547,0.0,0.0,0.0,0.0,0.10734407583858827,0.10733959780774639,0.10730455240791284
0.0,0.0,0.0,0.0,0.11145925830800424,0.11145322358955985,0.11144744462139665,0.11144193131353633,0.11143669741513833,0.1114317617666193,0.11142711248888122,0.11142275763833938,0.0,0.0,0.0,0.0,0.1114645701814687,0.11145944056468624,0.11141939996946974
0.0,0.0,0.0,0.0,0.11251036760673874,0.11250372014884667,0.11249737014542978,0.11249132825692532,0.11248560924554456,0.11248023331426238,0.11247518780599775,0.11247048138008903,0.0,0.0,0.0,0.0,0.11251683031846345,0.11251132065926632,0.1124667792260446
0.0,0.0,0.0,0.0,0.1129610658883644,0.11295398773837884,0.11294723906519169,0.11294083100739902,0.11293477896454841,0.11292910398921513,0.11292379296372707,0.11291885492938535,0.0,0.0,0.0,0.0,0.11296846102451401,0.11296271266598391,0.1129148929644959
0.0,0.0,0.0,0.0,0.11301698484615307,0.11300956022113934,0.1130024891894111,0.11299578328933205,0.1129894584572798,0.11298353646524881,0.11297800379235133,0.11297286979985938,0.0,0.0,0.0,0.0,0.11302508947259125,0.11301913969322269,0.11296866637444555
0.0,0.0,0.0,0.0,0.11306575758907526,0.11305824747079778,0.11305109749339996,0.11304431926749925,0.11303792882268905,0.11303194805229819,0.11302636337998406,0.11302118422431845,0.0,0.0,0.0,0.0,0.11307410455879367,0.11306812052311076,0.11301685434349715
0.0,0.0,0.0,0.0,0.11314454873948897,0.11313720510540957,0.11313021040063585,0.11312357600701999,0.11311731764218164,0.11311145677686071,0.11310598008802011,0.11310089681081804,0.0,0.0,0.0,0.0,0.11315264834969273,0.11314678255286395,0.11309655306416547
0.0,0.0,0.0,0.0,0.11304350899155849,0.11303645735196517,0.11302973221653909,0.1130233446249386,0.11301730983741567,0.11301164871378956,0.11300634826821272,0.11300141746318144,0.0,0.0,0.0,0.0,0.11305102141523729,0.11304532770854173,0.11299710543594571
0.0,0.0,0.0,0.0,0.11257069558888436,0.11256404359824661,0.11255768695598059,0.11255163625202146,0.11254590614844587,0.1125405167088677,0.11253545537603554,0.11253073075393957,0.0,0.0,0.0,0.0,0.11257686085059307,0.11257128408047926,0.11252649796596913,0.11256725102818563
0.0,0.0,0.0,0.0,0.1114765557917977,0.11147047651529816,0.11146465235641788,0.11145909320905002,0.11145381279792499,0.11144882992808712,0.11144413275388756,0.11143972932065012,0.0,0.0,0.0,0.0,0.11148165379365355,0.11147643379983292,0.11143568494359353,0.11147247009671471
0.0,0.0,0.0,0.0,0.10737833992947372,0.10737300486688926,0.10736787864392966,0.10736297017165233,0.10735829183741859,0.10735386063768866,0.10734966578910707,0.1073457145435445,0.0,0.0,0.0,0.0,0.10738226739138375,0.10737756053635857,0.10734201031211121,0.10737381073089047
0.0,0.0,0.0,0.0,0.09978909483673107,0.09978459674599797,0.09978026125564751,0.09977609609376957,0.09977211202578935,0.09976832384338961,0.09976472209352555,0.09976131306931785,0.0,0.0,0.0,0.0,0.09979190607979564,0.0997878223146342,0.0997580997151104,0.0997844127819274
0.0,0.0,0.0,0.0,0.08949535337974299,0.08949167670608064,0.08948812195861755,0.08948469563016706,0.0894814067826668,0.08947826788307983,0.089475270910232,0.08947242115368535,0.0,0.0,0.0,0.0,0.08949725189433129,0.0894938216805381,0.08946972107545645,0.08949082389343004
0.0,0.0,0.0,0.0,0.074952931609416,0.0749501039370441,0.07494736215357205,0.07494471137949918,0.07494215877308846,0.07493971419303316,0.07493737125926372,0.07493513414448941,0.0,0.0,0.0,0.0,0.0749541100237147,0.07495140679644305,0.07493300478183326,0.0749489379930923
0.0,0.0,0.0,0.0,0.05446137978953841,0.05445946816464167,0.05445760985799206,0.05445580840803374,0.05445406876800159,0.05445239776582374,0.054450790961272116,0.05444925123823726,0.0,0.0,0.0,0.0,0.05446200942057618,0.054460143291358204,0.054447779927364486,0.05445836497449508
0.0,0.0,0.0,0.0,0.0295990824758276,0.029598109007721536,0.029597160464220368,0.029596238683405034,0.029595346241226193,0.029594486691291683,0.029593657712941302,0.029592860804323586,0.0,0.0,0.0,0.0,0.0295993272010058,0.029598359309804253,0.029592096654200234,0.029597408747326196
0.0,0.0,0.0,0.0,0.00834923931362935,0.008348986433869344,0.008348739233635463,0.008348498203383539,0.008348264031449022,0.00834803766833212,0.008347818489950126,0.008347606896041774,0.0,0.0,0.0,0.0,0.008349276890629033,0.008349019419335756,0.008347403069501219,0.008348765583408153
0.0,0.0,0.0,0.0,8e-06,8e-06,8e-06,8e-06,8e-06,8e-06,8e-06,8e-06,0.0,0.0,0.0,0.0,8e-06,8e-06,8e-06,8e-06
0.0,0.0,0.0,0.0,0.008349685784875063,0.008349433212024906,0.008349186311893561,0.008348945574341704,0.008348711686868826,0.008348485598820175,0.008348266686875334,0.008348055350288658,0.0,0.0,0.0,0.0,0.008349723319901388,0.008349466161938636,0.008347851771733915,0.00834921263502375
0.0,0.0,0.0,0.0,0.02960798256833411,0.029607015354470096,0.029606072908240244,0.02960515705590477,0.02960427035682819,0.029603416341719056,0.02960259270497425,0.02960180093512213,0.0,0.0,0.0,0.0,0.02960822584325151,0.029607264198983723,0.029601041716533025,0.029606319775599656
0.0,0.0,0.0,0.0,0.05448786724052642,0.054485974528023604,0.05448413461870902,0.05448235101596254,0.05448062862385868,0.05447897420249019,0.05447738335610735,0.054475858940067304,0.0,0.0,0.0,0.0,0.05448848506432714,0.05448663619412568,0.05447440227195882,0.054484825746223174
0.0,0.0,0.0,0.0,0.0749925979327226,0.0749897990751728,0.0749870852548985,0.07498446154010428,0.07498193501580241,0.0749795154396705,0.0749771964976663,0.07497498231995238,0.0,0.0,0.0,0.0,0.07499373888333873,0.07499105769070076,0.07497287482013215,0.07498844089042417
0.0,0.0,0.0,0.0,0.08949586636478293,0.08949215456440755,0.08948856462636536,0.0894851030455482,0.08948177888596462,0.0894786046166764,0.08947557222021867,0.08947268698891236,0.0,0.0,0.0,0.0,0.0894976969471381,0.08949421688948321,0.08946995138781619,0.08949083249087311,0.08946798054283561,0.0894883235274369
0.0,0.0,0.0,0.0,0.09976538686873256,0.09976081560843907,0.0997564074906059,0.09975217027888222,0.09974811478691323,0.09974425587143693,0.09974058404581976,0.09973710563383573,0.0,0.0,0.0,0.0,0.09976806288388745,0.09976387582416152,0.09973382359696546,0.09975982091926368,0.09973141617416423,0.09975670566462823
0.0,0.0,0.0,0.0,0.10730465630826162,0.10729918336299145,0.10729392126606321,0.10728887903107989,0.10728406918612846,0.10727950891907662,0.10727518733655027,0.1072711117764255,0.0,0.0,0.0,0.0,0.1073083573053628,0.10730346101360987,0.10726728569434274,0.10729874000733172,0.1072644311767525,0.10729498899010245,0.0
0.0,0.0,0.0,0.0,0.11135289319612819,0.11134660067795808,0.11134056697807729,0.11133480215989561,0.11132932018070968,0.1113241401618127,0.11131925007487793,0.11131465810689942,0.0,0.0,0.0,0.0,0.11135766833507542,0.11135216105082771,0.11131036813412136,0.11134687333622005,0.11130711543506952,0.11134253715456068,0.0
0.0,0.0,0.0,0.0,0.11236594612879569,0.11235897502781061,0.11235230588027688,0.1123459495513769,0.11233992108117033,0.11233424104758497,0.11232889659273519,0.11232389654958766,0.0,0.0,0.0,0.0,0.11237171222291545,0.11236572320783189,0.11231924511960667,0.11235999420790052,0.11231566196333805,0.11235515199842833,0.0
0.0,0.0,0.0,0.0,0.11274191261776659,0.1127344222520982,0.11272726867216244,0.11272046331748793,0.11271402199779822,0.11270796632088634,0.11270228286020631,0.11269698090984974,0.0,0.0,0.0,0.0,0.1127484860541048,0.11274214031117713,0.1126920649071113,0.11273608757134461,0.1126882170976904,0.11273082009750353,0.0
0.0,0.0,0.0,0.0,0.11278292235537465,0.11277505357687694,0.11276754640733931,0.11276041270546741,0.11275366884370028,0.11274733718373979,0.11274140387898826,0.11273587856000764,0.0,0.0,0.0,0.0,0.11279005507610439,0.1127834429772232,0.11273076583524222,0.11277714733955779,0.11272669686089354,0.11277150723273494,0.0
0.0,0.0,0.0,0.0,0.11280210949457323,0.11279412605001597,0.11278651191821247,0.11277927906723537,0.11277244401404565,0.11276602931180756,0.1127600210150822,0.11275442884203488,0.0,0.0,0.0,0.0,0.11280939855875176,0.1128027034447989,0.11274925744749534,0.11279633216765414,0.11274506846805178,0.11279045521846696,0.0
0.0,0.0,0.0,0.0,0.11291434380741108,0.11290656461818163,0.1128991422932365,0.1128920885305945,0.11288541947823186,0.11287915718886175,0.1128732880179584,0.11286782146639467,0.0,0.0,0.0,0.0,0.11292132515225795,0.11291477394603881,0.11286276208360316,0.11290853509167463,0.11285858578219547,0.11290260683978609,0.0
0.0,0.0,0.0,0.0,0.11289602745087238,0.11288862956299614,0.1128815630153455,0.11287483905874326,0.11286847323883209,0.11286248679943955,0.11285686655441565,0.11285162164593021,0.0,0.0,0.0,0.0,0.11290245026656912,0.11289616923914735,0.11284675644294556,0.11289017653027114,0.11284265829854684,0.1128844642824235,0.0
0.0,0.0,0.0,0.0,0.11256099015423886,0.11255413298211539,0.11254757117301482,0.11254131535079974,0.1125353802177012,0.11252978588593687,0.11252451980543855,0.11251959061480549,0.0,0.0,0.0,0.0,0.11256660213750601,0.11256069990976962,0.1125150024280935,0.11255505208922924,0.11251105408109215,0.11254965118551122,0.0
0.0,0.0,0.0,0.0,0.11148654010656024,0.11148030552462578,0.11147432549244488,0.11146860990788801,0.11146317249579586,0.11145803205636375,0.11145317677697389,0.11144861471181954,0.0,0.0,0.0,0.0,0.11149121962648847,0.11148575391343292,0.11144434967857175,0.111480504188469,0.11144059635611127,0.11147546338658744,0.0
0.0,0.0,0.0,0.0,0.10739488856268627,0.10738943879140546,0.10738419718543504,0.10737917264651613,0.10737437754516013,0.10736982885112514,0.10736551582001616,0.10736144570035575,0.0,0.0,0.0,0.0,0.10739853484487027,0.1073936528595259,0.10735762190918909,0.10738894395014312,0.10735417872551672,0.10738440167512843,0.0
0.0,0.0,0.0,0.0,0.09980778433543533,0.09980320392569912,0.09979878547963941,0.0997945367093037,0.09979046835510812,0.09978659517194603,0.09978290774573147,0.09977941235958987,0.0,0.0,0.0,0.0,0.09981043940317157,0.09980624008637401,0.09977611195848712,0.09980217197358131,0.09977307027730596,0.09979822940648593,0.0,0.0
0.0,0.0,0.0,0.0,0.08950075455050996,0.08949701271567977,0.08949339257749765,0.08948990062705955,0.08948654592226836,0.08948334092305642,0.08948027762271796,0.08947736131149954,0.0,0.0,0.0,0.0,0.08950258432328156,0.08949907423485054,0.08947459445518642,0.08949565966901728,0.08947198526941841,0.08949233580156059,0.0,0.0
0.0,0.0,0.0,0.0,0.07495568677836917,0.07495281695778577,0.07495003290375067,0.07494733973622468,0.07494474461180381,0.07494225738606744,0.07493987168676221,0.0749375916874288,0.0,0.0,0.0,0.0,0.07495683777724449,0.07495408655781714,0.07493541932360494,0.07495140026204211,0.07493335822463468,0.07494877504205118,0.0,0.0
0.0,0.0,0.0,0.0,0.0544689278745324,0.054466997384153316,0.054465120031217104,0.0544632993457238,0.054461540268629274,0.05445984961052895,0.05445822294548407,0.05445666315118358,0.0,0.0,0.0,0.0,0.05446954974563052,0.054467663331432485,0.05445517155647069,0.05446581557059579,0.05445375066404388,0.05446400378543828,0.0,0.0
0.0,0.0,0.0,0.0,0.02959723268360503,0.0295962481256068,0.02959528851127009,0.029594355681697725,0.02959345221692513,0.02959258167606397,0.029591741735923563,0.029590933897371868,0.0,0.0,0.0,0.0,0.029597452580031783,0.029596468145692723,0.029590158850800196,0.02959550104160082,0.029589417901545234,0.029594549859978923,0.0,0.0,0.029593821196255234
0.0,0.0,0.0,0.0,0.008348238764201741,0.008347983582290285,0.00834773409297312,0.008347490788120651,0.008347254358034514,0.008347025755913659,0.008346804356053726,0.008346590559385426,0.0,0.0,0.0,0.0,0.00834827181861783,0.008348011028536642,0.008346384549402768,0.008347753879903745,0.008346186674798445,0.008347499992674447,0.0,0.0,0.008347296977038517
0.0,0.0,0.0,0.0,8e-06,8e-06,8e-06,8e-06,8e-06,8e-06,8e-06,8e-06,0.0,0.0,0.0,0.0,8e-06,8e-06,8e-06,8e-06,8e-06,8e-06,0.0,0.0,8e-06
0.0,0.0,0.0,0.0,0.008349765977313107,0.008349511851295255,0.008349263394598096,0.008349021097056313,0.008348785646112189,0.00834855799101424,0.008348337508664939,0.008348124598338034,0.0,0.0,0.0,0.0,0.008349797984020104,0.008349538075470163,0.008347919442773492,0.008349281793343759,0.008347722389224039,0.008349028759184172,0.0,0.0,0.008348811075890068
0.0,0.0,0.0,0.0,0.029603008415198927,0.029602027952372975,0.02960107233143235,0.029600143385809668,0.029599243684778367,0.02959837677259223,0.029597540335826993,0.02959673586910749,0.0,0.0,0.0,0.0,0.029603216441380083,0.02960223372428539,0.029595964059974084,0.029601268264342118,0.0295952262083382,0.02960031865976607,0.0,0.0,0.029599478221533956
0.0,0.0,0.0,0.0,0.0544778689827466,0.0544759449515167,0.05447407388397203,0.05447225929827333,0.05447050611877861,0.05446882113318127,0.05446719993055164,0.05446564537894279,0.0,0.0,0.0,0.0,0.054478393582037606,0.054476492812817,0.05446415880278599,0.054474630544530216,0.05446274269640668,0.054472804109318776,0.0,0.0,0.054471144775937466
0.0,0.0,0.0,0.0,0.07498809866222363,0.0749852527279427,0.0749824918647796,0.07497982114994704,0.07497724768016781,0.07497478122845895,0.07497241547649709,0.07497015456303552,0.0,0.0,0.0,0.0,0.07498905763734634,0.07498628971401594,0.07496800040763944,0.07498358614187259,0.07496595660942822,0.07498094310734188,0.0,0.0,0.07497848431391917
0.0,0.0,0.0,0.0,0.089544782622786,0.08954107375759404,0.08953748554132093,0.0895340244073213,0.08953069933270907,0.08952752266608877,0.08952448647323172,0.08952159599741322,0.0,0.0,0.0,0.0,0.08954629478524707,0.08954275018842946,0.08951885368279563,0.0895393002157755,0.08951626408819767,0.08953594009011244,0.0,0.0,0.08953274571781197,0.0
0.0,0.0,0.0,0.0,0.09985781560708383,0.09985326986528899,0.0998488847614328,0.09984466794268275,0.09984063005868804,0.09983678573927467,0.09983312565202945,0.09982965602743467,0.0,0.0,0.0,0.0,0.09986000796698402,0.09985574451869118,0.09982637978634609,0.09985161108795242,0.09982330234437571,0.09984760207136131,0.0,0.0,0.0998437220109244,0.0
0.0,0.0,0.0,0.0,0.10746374847149857,0.10745834272029817,0.10745314311971448,0.10744815848343899,0.10744340105878296,0.10743888764572945,0.10743460761124306,0.10743056813261039,0.0,0.0,0.0,0.0,0.10746677784933725,0.10746180820670688,0.10742677259447077,0.10745700982104243,0.10742322723289816,0.107452376326488,0.0,0.0,0.1074479129658609,0.0
0.0,0.0,0.0,0.0,0.11155775976359539,0.11155156303514617,0.11154561858172304,0.11153993621200832,0.11153452952585038,0.11152941715101504,0.11152458738939963,0.11152004822340596,0.0,0.0,0.0,0.0,0.11156167790527673,0.11155608704874027,0.11151580343858192,0.11155071007265147,0.1115118599671139,0.11154553999311896,0.0,0.0,0.11154058265181604,0.0
0.0,0.0,0.0,0.0,0.11266869672516117,0.11266189689046528,0.11265538874423248,0.11264918277709202,0.11264329350457736,0.11263774078136882,0.1126325122286666,0.11262761637797834,0.0,0.0,0.0,0.0,0.11267341104000556,0.11266737471801333,0.11262305729557667,0.1126615894491485,0.11261884238667712,0.1126560478616512,0.0,0.0,0.11265075620865897,0.0
0.0,0.0,0.0,0.0,0.11305362957804956,0.11304631825811702,0.11303933265473759,0.11303268382579734,0.11302638704666503,0.1130204631884151,0.11301489931265961,0.11300970440656703,0.0,0.0,0.0,0.0,0.11305903568744124,0.11305262551810447,0.11300488276994627,0.11304649858910695,0.11300044219989577,0.11304064721040179,0.0,0.0,0.11303507797657236,0.0
0.0,0.0,0.0,0.0,0.11310489043225733,0.11309707960269492,0.11308961843656057,0.11308251841695383,0.11307579538520349,0.11306947096595556,0.11306353182857876,0.1130579873066451,0.0,0.0,0.0,0.0,0.11311140056106991,0.11310472160410055,0.11305284188518062,0.11309834869453493,0.11304810366227461,0.11309227390957438,0.0,0.0,0.1130865040890837,0.0,0.11304477843576963
0.0,0.0,0.0,0.0,0.11314822384831352,0.1131403158027859,0.11313276411598286,0.11312558035165789,0.11311878045552677,0.1131123861884201,0.1131063841572638,0.11310078376014719,0.0,0.0,0.0,0.0,0.11315492762413717,0.11314819195552454,0.11309558951808968,0.11314176883427009,0.1130908095844793,0.11313565030334706,0.0,0.0,0.11312984325045733,0.0,0.11308739727570362
0.0,0.0,0.0,0.0,0.11301065212813077,0.11300274660596395,0.11299519413444821,0.11298800631616575,0.11298119915811944,0.11297479451188003,0.11296877890478414,0.11296316176794804,0.0,0.0,0.0,0.0,0.11301729287466193,0.1130105446082587,0.11295794763295819,0.1130041053327339,0.11295314468285074,0.11299796703907371,0.0,0.0,0.1129921366368963,0.0,0.1129496512964471
