1.0337662692944182e-05
2.152348953832854e-05
3.2899809798023984e-05
4.4413284162699606e-05
5.5731903699770234e-05
6.643916133783139e-05
7.614335837159681e-05
8.42433450868506e-05
8.995410258197843e-05
9.271767042767514e-05
9.294282374576742e-05
9.216979894484079e-05
9.239499716066347e-05
9.532438837868462e-05
0.00010142935084664652
0.00011016095063360927
0.00012130644621588239
0.00013387537078070525
0.00014750513104583416
0.00016171883543975425
0.00017602036532420433
0.00019034076426777846
0.00020466827764288928
0.00021903155513874732
0.00023347045285692096
0.00024800981515092857
0.0002633140480448734
0.0002787326997497047
0.00029380953356238646
0.00030795935414271934
0.00032073384487003783
0.0003314164165192255
0.0003389958763489939
0.00034268047906241814
0.0003429806774624413
0.00034194997772787243
0.00034225018932540155
0.00034593505810977135
0.0003535498007622271
0.0003643508707658501
0.00037846187134984316
0.0003943086692300804
0.00041142414749137645
0.00042921106738557166
0.00044716270700427313
0.0004651902212217153
0.0004832806587003621
0.0005014698216887038
0.0005198112289062535
0.0005382632158862343
0.0005568123831785211
0.0005753657614034176
0.0005933921020549498
0.0006102476798380785
0.0006254077648934134
0.0006380076465786618
0.0006468908182223691
0.000651359918627441
0.0006517255849302429
0.0006504645880400997
0.0006508334130501529
0.0006553778570371784
0.0006648029394822475
0.0006782184523010388
0.0006944177213816724
0.0007125298810946675
0.0007319504620823964
0.0007519893415786764
0.0007720752478867143
0.0007921074050579002
0.0008127492800157685
0.0008334026158450165
0.0008541160531107699
