2.6755419419906445e-06
5.633969689372401e-06
8.532471004175446e-06
1.1327063077396794e-05
1.4027597806594191e-05
1.6585303804815324e-05
1.9064786299448816e-05
2.1336973071466442e-05
2.3550969286840664e-05
2.5541004401132804e-05
2.7296907505992247e-05
2.9632496733534185e-05
3.222538946099746e-05
3.452393920254763e-05
3.663702172871126e-05
3.8787934209559646e-05
4.0886056573922665e-05
4.304287001024194e-05
4.52216723195746e-05
4.761680731366742e-05
5.0064123045380715e-05
5.2537407544993306e-05
5.5096661285278105e-05
5.7627998441413784e-05
6.016831546381146e-05
6.268421757490632e-05
6.512117828335367e-05
6.750611757575931e-05
7.006809337581914e-05
7.260331476320717e-05
7.536219212811182e-05
7.798296196867491e-05
8.073127390296052e-05
8.320454681227267e-05
8.545590789815326e-05
8.757655149896301e-05
8.915725688816946e-05
9.051716565424033e-05
9.168051404858612e-05
9.282893626362067e-05
9.384900003091901e-05
9.496048288032004e-05
9.617997548988738e-05
9.765610221031282e-05
9.926065548512699e-05
0.00010088860194570705
0.0001024520930710357
0.00010400948721330109
0.00010573857321632554
0.00010765314288145982
0.00010963581762076248
0.00011160620781884372
0.00011353269449993091
0.00011547434305290627
0.00011752778562102327
0.00011968535219498341
0.00012170323826578095
0.00012333339718125134
0.0001247293546190711
0.0001257647519792457
0.00012659062668380247
0.0001271423214997234
0.00012752659261220146
0.00012793727495911744
0.00012835825333785172
0.00012887517577021926
0.00012950403032726656
0.0001302683643666165
0.00013122962248657987
0.00013231560910362302
0.00013350688157347495
0.0001348181881454958
0.00013628874780050276
