2.6755419419906445e-06
8.309511631363045e-06
1.6841982635538493e-05
2.816904571293529e-05
4.219664351952948e-05
5.87819473243448e-05
7.784673362379362e-05
9.918370669526007e-05
0.00012273467598210072
0.00014827568038323352
0.00017557258788922578
0.00020520508462275997
0.00023743047408375742
0.00027195441328630506
0.0003085914350150163
0.0003473793692245759
0.00038826542579849856
0.0004313082958087405
0.0004765299681283151
0.0005241467754419825
0.0005742108984873632
0.0006267483060323565
0.0006818449673176345
0.0007394729657590484
0.0007996412812228598
0.0008623254987977662
0.0009274466770811199
0.0009949527946568793
0.0010650208880326984
0.0011376242027959056
0.0012129863949240174
0.0012909693568926924
0.001371700630795653
0.0014549051776079256
0.0015403610855060789
0.001627937637005042
0.0017170948938932114
0.0018076120595474517
0.0018992925735960378
0.0019921215098596583
0.002085970509890577
0.0021809309927708974
0.0022771109682607846
0.0023747670704710976
0.0024740277259562246
0.0025749163279019317
0.0026773684209729673
0.002781377908186268
0.002887116481402594
0.0029947696242840537
0.0031044054419048163
0.00321601164972366
0.003329544344223591
0.003445018687276497
0.0035625464728975204
0.0036822318250925037
0.003803935063358285
0.0039272684605395364
0.004051997815158607
0.004177762567137853
0.004304353193821655
0.004431495515321379
0.004559022107933581
0.0046869593828926985
0.00481531763623055
0.00494419281200077
0.005073696842328036
0.005203965206694652
0.005335194829181232
0.005467510438284855
0.00560101731985833
0.0057358355080038255
0.0058721242558043285
