4.7876330116999096e-11
2.5931311430633335e-10
7.577982084637137e-10
1.6707300089576746e-09
3.1318964591779085e-09
5.27955408893746e-09
8.25912127693534e-09
1.221530748114104e-08
1.7291345556800612e-08
2.3630935379257914e-08
3.137200320970691e-08
4.066548711397727e-08
5.1683375332051187e-08
6.459791265647984e-08
7.95765994184327e-08
9.678763806480266e-08
1.1640322444221807e-07
1.3860159885376184e-07
1.6356758209278676e-07
1.914968948693197e-07
2.225967627245029e-07
2.5707981732674147e-07
2.9517148343380596e-07
3.370961833326609e-07
3.830955230154839e-07
4.334048330062792e-07
4.88273647189908e-07
5.479474128466794e-07
6.126819030947484e-07
6.827365267821936e-07
7.58374426744257e-07
8.398636053802063e-07
9.274671320159069e-07
1.0214475598924508e-06
1.1220471913387871e-06
1.229494007917795e-06
1.3439828084856689e-06
1.465647123511138e-06
1.594603328188554e-06
1.730955871208625e-06
1.87480570975942e-06
2.0262638690519207e-06
2.1854571393367525e-06
2.3525375323580532e-06
2.5276728538409327e-06
2.71104496718565e-06
2.9028501294135224e-06
3.1032933363275777e-06
3.3125933664984824e-06
3.5309743815444976e-06
3.758672465817704e-06
3.995920976715428e-06
4.242970260918926e-06
4.5000696568865356e-06
4.767450150174526e-06
5.045373693773671e-06
5.3340754358713625e-06
5.633768167172581e-06
5.944634855238912e-06
6.266812058171665e-06
6.600381565279931e-06
6.945374003742398e-06
7.30177798334263e-06
7.669566560447448e-06
8.048716353268772e-06
8.439225920823441e-06
8.841123331923063e-06
9.254468366105622e-06
9.679351720186338e-06
1.0115893850455379e-05
1.0564245424747302e-05
1.1024589099876698e-05
1.1497138362102918e-05
