4.7876330116999096e-11
2.1143678418933425e-10
4.984850941573803e-10
9.129318004939609e-10
1.461166450220234e-09
2.1476576297595514e-09
2.9795671879978788e-09
3.956186204205702e-09
5.076038075659572e-09
6.339589822457304e-09
7.741067830448998e-09
9.29348390427036e-09
1.1017888218073915e-08
1.2914537324428652e-08
1.4978686761952856e-08
1.7211038646369952e-08
1.9615586377415407e-08
2.219837441154377e-08
2.496598323902491e-08
2.7929312776532938e-08
3.1099867855183205e-08
3.448305460223856e-08
3.8091666107064515e-08
4.1924699898854926e-08
4.5999339682823004e-08
5.0309309990795316e-08
5.4868814183628855e-08
5.967376565677142e-08
6.473449024806904e-08
7.005462368744519e-08
7.563789996206346e-08
8.148917863594923e-08
8.760352663570053e-08
9.3980427876544e-08
1.0059963144633627e-07
1.0744681657900772e-07
1.14488800567874e-07
1.2166431502546906e-07
1.289562046774161e-07
1.36352543020071e-07
1.438498385507949e-07
1.5145815929250051e-07
1.59193270284832e-07
1.6708039302130087e-07
1.7513532148287957e-07
1.833721133447172e-07
1.918051622278725e-07
2.0044320691405538e-07
2.093000301709047e-07
2.1838101504601515e-07
2.2769808427320634e-07
2.3724851089772377e-07
2.470492842034976e-07
2.570993959676095e-07
2.673804932879905e-07
2.7792354359914434e-07
2.8870174209769175e-07
2.996927313012186e-07
3.1086668806633097e-07
3.221772029327525e-07
3.3356950710826595e-07
3.449924384624676e-07
3.5640397960023166e-07
3.67788577104817e-07
3.791497928213245e-07
3.905095675546686e-07
4.018974110996219e-07
4.1334503418256055e-07
4.2488335408071506e-07
4.365421302690413e-07
4.483515742919231e-07
4.603436751293973e-07
4.7254926222621953e-07
