1.2998995912015432e-13,0.0,0.0,0.0,0.0,0.0,0.0,0.0,0.0
1.9438027004057783e-13,0.0,0.0,0.0,0.0,0.0,0.0,0.0,1.1010956395302785e-13
1.5481487609308875e-13,0.0,0.0,0.0,0.0,0.0,0.0,0.0,8.224622416481984e-14
2.1968892499693077e-13,0.0,0.0,0.0,0.0,0.0,0.0,0.0,7.460418522001975e-14
2.3173238514691953e-13,0.0,0.0,0.0,0.0,0.0,0.0,0.0,4.0094714410711954e-14
1.8145535522725432e-13,0.0,0.0,0.0,0.0,0.0,0.0,0.0,5.0481141062820004e-14
1.9527112701423816e-13,0.0,0.0,0.0,0.0,0.0,0.0,0.0,2.9053004477177344e-14
1.6809885556979718e-13,0.0,0.0,0.0,0.0,0.0,0.0,0.0,1.2795689843499443e-14
1.932777984426715e-13,0.0,0.0,0.0,0.0,0.0,0.0,0.0,4.580839965326169e-14
2.0584224956502123e-13,0.0,0.0,0.0,0.0,0.0,0.0,0.0,6.228737167765914e-14
2.2031224320751755e-13,0.0,0.0,0.0,0.0,0.0,0.0,0.0,1.9003854158647846e-14
2.0849506510445255e-13,0.0,0.0,0.0,0.0,0.0,0.0,0.0,1.7509306859556182e-14
2.2113508678559822e-13,0.0,0.0,0.0,0.0,0.0,0.0,0.0,0.0
2.0502551823688677e-13,0.0,0.0,0.0,0.0,0.0,0.0,0.0,3.04128504696653e-14
2.5838481541317765e-13,0.0,0.0,0.0,0.0,0.0,0.0,0.0,4.2770585976567145e-14
2.970066639703171e-13,0.0,0.0,0.0,0.0,0.0,0.0,0.0,1.3423810111595351e-14
2.069298726151223e-13,0.0,0.0,0.0,0.0,0.0,0.0,0.0,1.2738696549427023e-14
2.0668548369181946e-13,0.0,0.0,0.0,0.0,0.0,0.0,0.0,1.2091016363153794e-14
1.6920792249371515e-13,0.0,0.0,0.0,0.0,0.0,0.0,0.0,3.4527685968830054e-14
2.8329614576554063e-13,0.0,0.0,0.0,0.0,0.0,0.0,0.0,8.762836649795402e-14
1.552117932792951e-13,2.059337328525885e-14,0.0,0.0,0.0,0.0,0.0,0.0,1.0478144623119841e-13
2.574982580849587e-13,1.9969997254800987e-14,0.0,0.0,0.0,0.0,0.0,0.0,1.0043127066541577e-13
2.9743290180128336e-13,1.93729506779989e-14,0.0,0.0,0.0,0.0,0.0,0.0,9.648344868949512e-14
2.446079529006338e-13,1.8805737759969586e-14,0.0,0.0,0.0,0.0,0.0,0.0,9.292346380080303e-14
2.065109217126663e-13,0.0,0.0,0.0,0.0,0.0,0.0,0.0,8.95066077946227e-14
2.4530142692683746e-13,1.776390645730091e-14,0.0,0.0,0.0,0.0,0.0,0.0,1.0374467753126443e-13
1.1678037823222856e-13,1.728689695847862e-14,0.0,0.0,0.0,0.0,0.0,0.0,5.019257121806959e-14
2.2051387757674064e-13,2.0884066573166652e-14,0.0,0.0,0.0,0.0,0.0,0.0,9.708393448035964e-14
2.0694381631517726e-13,2.0432539715037306e-14,0.0,0.0,0.0,0.0,0.0,0.0,7.845197455549747e-14
2.3203773983081215e-13,2.201745784279348e-14,0.0,0.0,0.0,0.0,0.0,0.0,1.2170773308287108e-13
2.598456458277781e-13,4.162063667689994e-14,0.0,0.0,0.0,0.0,0.0,0.0,5.90450549426713e-14
2.4521249100932475e-13,4.362470634477664e-14,0.0,0.0,0.0,0.0,0.0,0.0,5.740617547264609e-14
2.839791710205171e-13,2.15094760037824e-14,0.0,0.0,0.0,0.0,0.0,0.0,8.382648367670556e-14
2.9721421540501006e-13,1.249591832028763e-13,0.0,0.0,0.0,0.0,0.0,0.0,6.800571370899567e-14
2.4537569772792727e-13,6.359259525938536e-14,0.0,0.0,0.0,0.0,0.0,0.0,7.95922496180095e-14
2.8551191944540566e-13,1.1352150169873945e-13,0.0,0.0,0.0,0.0,0.0,0.0,5.1744913708025806e-14
2.9753011841771044e-13,1.0008729444762495e-13,0.0,0.0,0.0,0.0,0.0,0.0,5.051305913100602e-14
3.3630963735154814e-13,9.47966017343631e-14,0.0,0.0,0.0,0.0,0.0,0.0,3.700277468787796e-14
2.9787201402442523e-13,1.1285632211626386e-13,0.0,0.0,0.0,0.0,0.0,0.0,4.823701743978375e-14
1.8192374741619447e-13,1.0859584808583293e-13,0.0,0.0,0.0,0.0,0.0,0.0,4.71146108493408e-14
2.9507343361527584e-13,5.076893084729476e-14,0.0,0.0,0.0,0.0,0.0,0.0,5.763698206334647e-14
2.1946383038888574e-13,6.69766894469725e-14,0.0,0.0,0.0,0.0,0.0,0.0,5.6411385767604435e-14
2.4648324601819773e-13,1.0308528525223226e-13,0.0,0.0,0.0,0.0,0.0,0.0,1.5424805660833093e-13
1.9433741913487565e-13,1.0783679089959827e-13,0.0,0.0,0.0,0.0,0.0,0.0,1.7304050134730238e-13
2.4519971223914194e-13,7.533043062058989e-14,0.0,0.0,0.0,0.0,0.0,0.0,1.2710515859877832e-13
2.8424812048595635e-13,5.27083601702301e-14,0.0,0.0,0.0,0.0,0.0,0.0,2.0778223467505232e-13
2.320020610119259e-13,9.422878816929744e-14,0.0,0.0,0.0,0.0,0.0,0.0,1.4266776789546615e-13
2.719918149400956e-13,1.0301654255982364e-13,0.0,0.0,0.0,0.0,0.0,0.0,1.599061913230576e-13
3.752278779899306e-13,6.317544352645567e-14,0.0,0.0,0.0,0.0,0.0,0.0,1.5727254346047129e-13
3.235825835187076e-13,5.965352094579532e-14,0.0,0.0,0.0,0.0,0.0,0.0,1.9292086588125683e-13
3.2518298089134787e-13,1.0555245192669009e-13,0.0,0.0,0.0,0.0,0.0,0.0,2.2730476913529562e-13
3.1191472558770045e-13,1.0829656568290829e-13,0.0,0.0,0.0,0.0,0.0,0.0,1.3039387560410236e-13
2.590341411587468e-13,1.0085266935113764e-13,0.0,0.0,0.0,0.0,0.0,0.0,1.6470129646591543e-13
2.453100577562937e-13,1.8304673343296532e-13,0.0,0.0,0.0,0.0,0.0,0.0,1.2609276538639298e-13
3.2147053850496255e-13,1.9136894272589738e-13,0.0,0.0,0.0,0.0,0.0,0.0,1.5918585110649577e-13
3.2341130431264534e-13,1.625850691906247e-13,0.0,0.0,0.0,0.0,0.0,0.0,1.219697363883952e-13
3.8813191797786575e-13,1.5872139278184926e-13,0.0,0.0,0.0,0.0,0.0,0.0,2.057152128531289e-13
2.5695381959360817e-13,1.2732205048277258e-13,0.0,0.0,0.0,0.0,0.0,0.0,1.3522335878111264e-13
3.094753980681676e-13,1.0082574679530922e-13,0.0,0.0,0.0,0.0,0.0,0.0,1.1639758370484765e-13
3.1114314462334695e-13,6.559121665856381e-14,0.0,0.0,0.0,0.0,0.0,0.0,9.817666975330413e-14
3.4958182931251446e-13,1.2196126338089337e-13,0.0,0.0,0.0,0.0,0.0,0.0,1.293565107526461e-13
3.6336498773548614e-13,1.8589510792743511e-13,0.0,0.0,0.0,0.0,0.0,0.0,1.2754661833277113e-13
2.8353848124552367e-13,2.1193900706230023e-13,0.0,0.0,0.0,0.0,0.0,0.0,7.830835579199022e-14
4.0164348016055334e-13,1.3244377358858705e-13,0.0,0.0,0.0,0.0,0.0,0.0,1.544196224424583e-13
3.0859338771366315e-13,1.4942557370438863e-13,0.0,0.0,0.0,0.0,0.0,0.0,9.166578315792777e-14
3.4976966822327123e-13,1.0878911322969956e-13,0.0,0.0,0.0,0.0,0.0,0.0,1.8029396419555021e-13
3.749575074109911e-13,1.2272271061120863e-13,0.0,0.0,0.0,0.0,0.0,0.0,1.33365473753256e-13
3.4859161298214285e-13,1.3997519043277086e-13,0.0,0.0,0.0,0.0,0.0,0.0,1.17466491073204e-13
4.1175109233354374e-13,1.823409465019367e-13,0.0,0.0,0.0,0.0,0.0,0.0,1.7364644904875855e-13
3.74365820656092e-13,7.465611575690376e-14,0.0,0.0,0.0,0.0,0.0,0.0,9.973496365689992e-14
4.642830658100927e-13,1.418428239597812e-13,0.0,0.0,0.0,0.0,0.0,0.0,8.473964101481432e-14
3.4899295665450616e-13,1.5675955475969953e-13,0.0,0.0,0.0,0.0,0.0,0.0,1.2526591220408527e-13
3.852348980416795e-13,1.5944820718365231e-13,0.0,0.0,0.0,0.0,0.0,0.0,9.607164462370546e-14
