1.738243846067008e-12,0.0,0.0,0.0,0.0,0.0,0.0,0.0,0.0
1.6433411398301369e-12,0.0,0.0,0.0,0.0,0.0,0.0,0.0,1.1010956395302785e-13
1.682639097843898e-12,0.0,0.0,0.0,0.0,0.0,0.0,0.0,8.224622416481984e-14
1.5660907195834512e-12,0.0,0.0,0.0,0.0,0.0,0.0,0.0,7.460418522001975e-14
1.7190345191166104e-12,0.0,0.0,0.0,0.0,0.0,0.0,0.0,4.0094714410711954e-14
1.4873271745749904e-12,0.0,0.0,0.0,0.0,0.0,0.0,0.0,5.0481141062820004e-14
1.607020105473356e-12,0.0,0.0,0.0,0.0,0.0,0.0,0.0,2.9053004477177344e-14
1.769629862524449e-12,0.0,0.0,0.0,0.0,0.0,0.0,0.0,1.2795689843499443e-14
1.780155397377611e-12,0.0,0.0,0.0,0.0,0.0,0.0,0.0,4.580839965326169e-14
1.7058264164598678e-12,0.0,0.0,0.0,0.0,0.0,0.0,0.0,6.228737167765914e-14
1.865961729103877e-12,0.0,0.0,0.0,0.0,0.0,0.0,0.0,1.9003854158647846e-14
1.7195215734567878e-12,0.0,0.0,0.0,0.0,0.0,0.0,0.0,1.7509306859556182e-14
1.5885812180519662e-12,0.0,0.0,0.0,0.0,0.0,0.0,0.0,0.0
1.629686906205136e-12,0.0,0.0,0.0,0.0,0.0,0.0,0.0,3.04128504696653e-14
1.70649531832842e-12,0.0,0.0,0.0,0.0,0.0,0.0,0.0,4.2770585976567145e-14
1.808212343000818e-12,0.0,0.0,0.0,0.0,0.0,0.0,0.0,1.3423810111595351e-14
1.5497037706280745e-12,0.0,0.0,0.0,0.0,0.0,0.0,0.0,1.2738696549427023e-14
1.4961888213019976e-12,0.0,0.0,0.0,0.0,0.0,0.0,0.0,1.2091016363153794e-14
1.4017090743387428e-12,0.0,0.0,0.0,0.0,0.0,0.0,0.0,3.4527685968830054e-14
1.6998179531088947e-12,0.0,0.0,0.0,0.0,0.0,0.0,0.0,8.762836649795402e-14
1.502413509908188e-12,2.059337328525885e-14,0.0,0.0,0.0,0.0,0.0,0.0,1.0478144623119841e-13
1.5847973198352466e-12,1.9969997254800987e-14,0.0,0.0,0.0,0.0,0.0,0.0,1.0043127066541577e-13
1.6085841653760638e-12,1.93729506779989e-14,0.0,0.0,0.0,0.0,0.0,0.0,9.648344868949512e-14
1.6936498169362044e-12,1.8805737759969586e-14,0.0,0.0,0.0,0.0,0.0,0.0,9.292346380080303e-14
1.756824015153014e-12,0.0,0.0,0.0,0.0,0.0,0.0,0.0,8.95066077946227e-14
1.5859238281285069e-12,1.776390645730091e-14,0.0,0.0,0.0,0.0,0.0,0.0,1.0374467753126443e-13
1.6949385795111725e-12,1.728689695847862e-14,0.0,0.0,0.0,0.0,0.0,0.0,5.019257121806959e-14
1.6333340461484613e-12,2.0884066573166652e-14,0.0,0.0,0.0,0.0,0.0,0.0,9.708393448035964e-14
1.4767990158895676e-12,2.0432539715037306e-14,0.0,0.0,0.0,0.0,0.0,0.0,7.845197455549747e-14
1.4145717934849402e-12,2.201745784279348e-14,0.0,0.0,0.0,0.0,0.0,0.0,1.2170773308287108e-13
1.6951526831259812e-12,4.162063667689994e-14,0.0,0.0,0.0,0.0,0.0,0.0,5.90450549426713e-14
1.725818575775631e-12,4.362470634477664e-14,0.0,0.0,0.0,0.0,0.0,0.0,5.740617547264609e-14
1.6475646203970337e-12,2.15094760037824e-14,0.0,0.0,0.0,0.0,0.0,0.0,8.382648367670556e-14
1.529201452647952e-12,1.249591832028763e-13,0.0,0.0,0.0,0.0,0.0,0.0,6.800571370899567e-14
1.6041021547098313e-12,6.359259525938536e-14,0.0,0.0,0.0,0.0,0.0,0.0,7.95922496180095e-14
1.6944876982298029e-12,1.1352150169873945e-13,0.0,0.0,0.0,0.0,0.0,0.0,5.1744913708025806e-14
1.5320198861224602e-12,1.0008729444762495e-13,0.0,0.0,0.0,0.0,0.0,0.0,5.051305913100602e-14
1.7243970671594758e-12,9.47966017343631e-14,0.0,0.0,0.0,0.0,0.0,0.0,3.700277468787796e-14
1.7714826186375302e-12,1.1285632211626386e-13,0.0,0.0,0.0,0.0,0.0,0.0,4.823701743978375e-14
1.3896662659893951e-12,1.0859584808583293e-13,0.0,0.0,0.0,0.0,0.0,0.0,4.71146108493408e-14
1.6544308951939962e-12,5.076893084729476e-14,0.0,0.0,0.0,0.0,0.0,0.0,5.763698206334647e-14
1.6866036540269761e-12,6.69766894469725e-14,0.0,0.0,0.0,0.0,0.0,0.0,5.6411385767604435e-14
1.7133807693516692e-12,1.0308528525223226e-13,0.0,0.0,0.0,0.0,0.0,0.0,1.5424805660833093e-13
1.5441207546010612e-12,1.0783679089959827e-13,0.0,0.0,0.0,0.0,0.0,0.0,1.7304050134730238e-13
1.4661402765823123e-12,7.533043062058989e-14,0.0,0.0,0.0,0.0,0.0,0.0,1.2710515859877832e-13
1.7338518496119824e-12,5.27083601702301e-14,0.0,0.0,0.0,0.0,0.0,0.0,2.0778223467505232e-13
1.6284057023104167e-12,9.422878816929744e-14,0.0,0.0,0.0,0.0,0.0,0.0,1.4266776789546615e-13
1.5817122554795314e-12,1.0301654255982364e-13,0.0,0.0,0.0,0.0,0.0,0.0,1.599061913230576e-13
1.6865615990037435e-12,6.317544352645567e-14,0.0,0.0,0.0,0.0,0.0,0.0,1.5727254346047129e-13
1.67208711091488e-12,5.965352094579532e-14,0.0,0.0,0.0,0.0,0.0,0.0,1.9292086588125683e-13
1.815160198292977e-12,1.0555245192669009e-13,0.0,0.0,0.0,0.0,0.0,0.0,2.2730476913529562e-13
1.5381029517502491e-12,1.0829656568290829e-13,0.0,0.0,0.0,0.0,0.0,0.0,1.3039387560410236e-13
1.601270719402606e-12,1.0085266935113764e-13,0.0,0.0,0.0,0.0,0.0,0.0,1.6470129646591543e-13
1.6015170463090974e-12,1.8304673343296532e-13,0.0,0.0,0.0,0.0,0.0,0.0,1.2609276538639298e-13
1.5984720362858105e-12,1.9136894272589738e-13,0.0,0.0,0.0,0.0,0.0,0.0,1.5918585110649577e-13
1.5199667183964584e-12,1.625850691906247e-13,0.0,0.0,0.0,0.0,0.0,0.0,1.219697363883952e-13
1.7844118705364207e-12,1.5872139278184926e-13,0.0,0.0,0.0,0.0,0.0,0.0,2.057152128531289e-13
1.4681284054540477e-12,1.2732205048277258e-13,0.0,0.0,0.0,0.0,0.0,0.0,1.3522335878111264e-13
1.501639850480475e-12,1.0082574679530922e-13,0.0,0.0,0.0,0.0,0.0,0.0,1.1639758370484765e-13
1.6961616203334782e-12,6.559121665856381e-14,0.0,0.0,0.0,0.0,0.0,0.0,9.817666975330413e-14
1.5242597937567547e-12,1.2196126338089337e-13,0.0,0.0,0.0,0.0,0.0,0.0,1.293565107526461e-13
1.5931795605996283e-12,1.8589510792743511e-13,0.0,0.0,0.0,0.0,0.0,0.0,1.2754661833277113e-13
1.7103706842962949e-12,2.1193900706230023e-13,0.0,0.0,0.0,0.0,0.0,0.0,7.830835579199022e-14
1.6141265817954929e-12,1.3244377358858705e-13,0.0,0.0,0.0,0.0,0.0,0.0,1.544196224424583e-13
1.5708039140718826e-12,1.4942557370438863e-13,0.0,0.0,0.0,0.0,0.0,0.0,9.166578315792777e-14
1.6363723227589437e-12,1.0878911322969956e-13,0.0,0.0,0.0,0.0,0.0,0.0,1.8029396419555021e-13
1.8876193452123473e-12,1.2272271061120863e-13,0.0,0.0,0.0,0.0,0.0,0.0,1.33365473753256e-13
1.6090013852280223e-12,1.3997519043277086e-13,0.0,0.0,0.0,0.0,0.0,0.0,1.17466491073204e-13
1.698982216435306e-12,1.823409465019367e-13,0.0,0.0,0.0,0.0,0.0,0.0,1.7364644904875855e-13
1.570831813087691e-12,7.465611575690376e-14,0.0,0.0,0.0,0.0,0.0,0.0,9.973496365689992e-14
1.8577256342590247e-12,1.418428239597812e-13,0.0,0.0,0.0,0.0,0.0,0.0,8.473964101481432e-14
1.712462611545204e-12,1.5675955475969953e-13,0.0,0.0,0.0,0.0,0.0,0.0,1.2526591220408527e-13
1.783201433393133e-12,1.5944820718365231e-13,0.0,0.0,0.0,0.0,0.0,0.0,9.607164462370546e-14
