9.541666666666666
9.583333333333332
9.624999999999998
9.666666666666664
9.70833333333333
9.749999999999996
9.791666666666663
9.833333333333329
9.874999999999995
9.91666666666666
9.958333333333327
9.999999999999993
10.041666666666659
10.083333333333325
10.124999999999991
10.166666666666657
10.208333333333323
10.24999999999999
10.291666666666655
10.333333333333321
10.374999999999988
10.416666666666654
10.45833333333332
10.499999999999986
10.541666666666652
10.583333333333318
10.624999999999984
10.66666666666665
10.708333333333316
10.749999999999982
10.791666666666648
10.833333333333314
10.87499999999998
10.916666666666647
10.958333333333313
10.999999999999979
11.041666666666645
11.08333333333331
11.124999999999977
11.166666666666643
11.208333333333309
11.249999999999975
11.291666666666641
11.333333333333307
11.374999999999973
11.41666666666664
11.458333333333306
11.499999999999972
11.541666666666638
11.583333333333304
11.62499999999997
11.666666666666636
11.708333333333302
11.749999999999968
11.791666666666634
11.8333333333333
11.874999999999966
11.916666666666632
11.958333333333298
11.999999999999964
12.04166666666663
12.083333333333297
12.124999999999963
12.166666666666629
12.208333333333295
12.249999999999961
12.291666666666627
12.333333333333293
12.37499999999996
12.416666666666625
12.458333333333291
12.499999999999957
12.541666666666623
