0.0,0.0,0.0,0.0,0.01437470838309706,0.014373497586238992,0.014372348213840357,0.014371262183321437,0.014370242145734378,0.014369291725478522,0.014368408658877573,0.01436768362631631,0.0,0.0,0.0,0.0
0.0,0.0,0.0,0.0,0.013624365105618782,0.01362324796120916,0.013622186004900864,0.013621181020945505,0.01362023547867,0.013619352756207327,0.013618530737277423,0.013617838972946175,0.0,0.0,0.0,0.0,0.013625910774076256
0.0,0.0,0.0,0.0,0.01249707906623575,0.012496117402612014,0.012495201341794333,0.012494332441357848,0.012493512859876568,0.012492745553055368,0.012492028661388986,0.012491409360997205,0.0,0.0,0.0,0.0,0.012498306661160164
0.0,0.0,0.0,0.0,0.011091716167660429,0.011090929273737895,0.011090177695325226,0.011089462730717266,0.011088786182279608,0.011088150520809293,0.011087554183335081,0.011087024925629073,0.0,0.0,0.0,0.0,0.011092619096473168
0.0,0.0,0.0,0.0,0.009536205841958384,0.00953558833668144,0.009534996728688832,0.009534432059041925,0.009533895775791296,0.009533389866567548,0.0095329130661534,0.009532478094339106,0.0,0.0,0.0,0.0,0.009536824560284162
0.0,0.0,0.0,0.0,0.007961393738886057,0.007960920128008395,0.007960464884495162,0.007960028825516718,0.007959613089947757,0.007959219243089753,0.007958846281980732,0.007958496481248642,0.0,0.0,0.0,0.0,0.007961794681822027
0.0,0.0,0.0,0.0,0.006502959882618167,0.00650260845556881,0.006502269589796141,0.0065019439059026555,0.00650163227035016,0.00650133587544142,0.0065010539525855605,0.0065007870071551,0.0,0.0,0.0,0.0,0.006503202304699814
0.0,0.0,0.0,0.0,0.005220099748547393,0.005219839601582544,0.0052195880137168955,0.005219345454384556,0.005219112580010135,0.005218890294809266,0.005218678012742843,0.0052184761162214505,0.0,0.0,0.0,0.0,0.005220245869446243
0.0,0.0,0.0,0.0,0.00414116302673728,0.004140971789463465,0.004140786359258763,0.004140607087826193,0.004140434467590743,0.004140269177439139,0.004140110775385828,0.004139959547997418,0.0,0.0,0.0,0.0,0.004141252385630675
0.0,0.0,0.0,0.0,0.003193683504064105,0.003193547095572634,0.0031934144997105753,0.003193285971891391,0.0031931618701152658,0.0031930426883045528,0.003192928103627418,0.0031928183242185748,0.0,0.0,0.0,0.0,0.0031937349735424035
0.0,0.0,0.0,0.0,0.001961164687685395,0.0019610925488551317,0.0019610221629914326,0.001960953668879784,0.001960887261316613,0.0019608232093048053,0.001960761336137279,0.0019607017549159492,0.0,0.0,0.0,0.0,0.0019611821099522037
0.0,0.0,0.0,0.0,4.220841903019428e-06,4.220841702057285e-06,4.220841505115568e-06,4.220841312592904e-06,4.220841125049743e-06,4.220840943261018e-06,4.2208407667151814e-06,4.220840595737413e-06,0.0,0.0,0.0,0.0,4.22084191985337e-06
0.0,0.0,0.0,0.0,0.001961920955856275,0.001961849201590081,0.0019617791917918683,0.0019617110644958163,0.0019616450134429682,0.001961581306177995,0.0019615197669567634,0.0019614605082697778,0.0,0.0,0.0,0.0,0.0019619383177643043
0.0,0.0,0.0,0.0,0.003194059289096911,0.0031939230849661977,0.0031937906883465917,0.0031936623542609265,0.003193538440161208,0.003193419439212833,0.0031933050290822,0.0031931954175862002,0.0,0.0,0.0,0.0,0.0031941064560882955,0.003194004059967901
0.0,0.0,0.0,0.0,0.004142492329765187,0.00414230185454831,0.004142117165628607,0.004141938613276658,0.004141766687908679,0.0041416020656390926,0.004141444306302492,0.004141293695300214,0.0,0.0,0.0,0.0,0.004142573076370382,0.004142425151601646
0.0,0.0,0.0,0.0,0.005224386137950922,0.005224128573476923,0.0052238794914335925,0.005223639356490911,0.005223408818398238,0.0052231887721639935,0.005222978637777161,0.005222778793773693,0.0,0.0,0.0,0.0,0.0052245159497268994,0.00522431019262985
0.0,0.0,0.0,0.0,0.006504717086361074,0.006504362931095975,0.00650402129644299,0.00650369280126207,0.006503378309497566,0.006503079009911651,0.006502794136699226,0.006502524193916233,0.0,0.0,0.0,0.0,0.006504941784089255,0.006504655422826183,0.0065023298816688
0.0,0.0,0.0,0.0,0.007967581190673192,0.007967105025812658,0.007966647076466816,0.007966208153160235,0.007965789385317135,0.00796539232507841,0.007965015978961728,0.007964661006816915,0.0,0.0,0.0,0.0,0.007967931960597082,0.007967541054763832,0.007964399418114375
0.0,0.0,0.0,0.0,0.009537096310081369,0.009536467915960994,0.009535865380675017,0.00953528974522324,0.009534742457257972,0.009534225503576075,0.00953373762126333,0.009533279657243748,0.0,0.0,0.0,0.0,0.009537622824458171,0.009537100570615843,0.009532934685003696
0.0,0.0,0.0,0.0,0.011103126608793987,0.011102329218575228,0.011101566793140703,0.011100840619191437,0.011100152482349397,0.011099504829860227,0.01109889611708272,0.011098327390025128,0.0,0.0,0.0,0.0,0.011103869836622583,0.011103201506380722,0.011097889997004609
0.0,0.0,0.0,0.0,0.012514324424115575,0.01251334760675766,0.012512415824902087,0.012511530618810163,0.012510694121993923,0.01250990925485245,0.012509174185608155,0.012508490165379733,0.0,0.0,0.0,0.0,0.012515321169508374,0.01251452231896832,0.012507953430525817
0.0,0.0,0.0,0.0,0.013661539277378345,0.01366041179305088,0.013659338241737956,0.013658320368517059,0.013657360586780345,0.013656462196544513,0.013655623138959476,0.013654844830516245,0.0,0.0,0.0,0.0,0.013662769069659818,0.013661865261134295,0.013654221895991123
0.0,0.0,0.0,0.0,0.014393620124031321,0.014392377078892557,0.014391194760409775,0.014390075069179893,0.014389020631110956,0.014388035034470883,0.014387116047831626,0.014386265213183806,0.0,0.0,0.0,0.0,0.014395031917237499,0.014394048348358297,0.014385570285462283
0.0,0.0,0.0,0.0,0.014656688118807265,0.014655409104812197,0.014654192978075657,0.014653041683980508,0.01465195790922601,0.014650945324157628,0.014650001649588672,0.014649128463627571,0.0,0.0,0.0,0.0,0.014658165849146872,0.014657159584662745,0.01464840024747751
0.0,0.0,0.0,0.0,0.014415829076203151,0.01441459889740674,0.014413428694587288,0.014412320342939294,0.014411276432843286,0.014410300503621526,0.014409390356072187,0.014408547511719076,0.0,0.0,0.0,0.0,0.014417241434075244,0.014416271517154584,0.014407829097005331
0.0,0.0,0.0,0.0,0.013675237959398238,0.013674114088969711,0.013673043696450456,0.013672028511640073,0.013671070926408815,0.013670174210980853,0.013669336326923739,0.013668558678560382,0.0,0.0,0.0,0.0,0.013676488127673202,0.01367559276940577,0.013667880374191194
0.0,0.0,0.0,0.0,0.012523618328011278,0.012522640245756974,0.012521706901683792,0.012520819826010176,0.012519981137977773,0.012519193738119338,0.012518455808910976,0.012517768593587537,0.0,0.0,0.0,0.0,0.012524569818199095,0.012523760165393779,0.012517154547618946,0.012523175812667627
0.0,0.0,0.0,0.0,0.011105542649909275,0.011104738875652342,0.011103969985869292,0.01110323726519338,0.011102542496114675,0.011101888121344173,0.011101272600527325,0.011100696978249508,0.0,0.0,0.0,0.0,0.01110625614995273,0.011105575062210918,0.011100169749767118,0.011105058982856885
0.0,0.0,0.0,0.0,0.009541959870576109,0.009541327806767934,0.009540721466093463,0.009540141884478335,0.009539590502296882,0.009539069296154043,0.009538577010817985,0.009538114489300665,0.0,0.0,0.0,0.0,0.00954245856983317,0.00954190862054059,0.009537682127826215,0.0095414714653124
0.0,0.0,0.0,0.0,0.007968205718869428,0.007967724768831352,0.007967262013039036,0.00796681826168931,0.00796639464362478,0.007965992710073255,0.007965611468865959,0.007965251579731963,0.0,0.0,0.0,0.0,0.007968533541393558,0.007968103168680936,0.00796491335112006,0.00796774468679141
0.0,0.0,0.0,0.0,0.006502806341269293,0.006502447291078288,0.006502100795922181,0.006501767477081921,0.006501448201815554,0.006501144163385331,0.006500854593505096,0.006500579998295254,0.0,0.0,0.0,0.0,0.0065030133410374545,0.006502683341514809,0.00650032061317978,0.006502395642293263
0.0,0.0,0.0,0.0,0.005219655582221485,0.005219390439944681,0.005219133859083286,0.005218886309842587,0.005218648449645859,0.005218421184013195,0.005218203926571132,0.005217997060471888,0.0,0.0,0.0,0.0,0.005219782811364984,0.005219533201828569,0.005217800763120649,0.00521930581052042
0.0,0.0,0.0,0.0,0.0041395826084595815,0.0041393875367587134,0.004139198293506423,0.004139015232259639,0.004138838848000279,0.004138669823105984,0.0041385077135850734,0.0041383528075779686,0.0,0.0,0.0,0.0,0.004139659480345542,0.004139471968593981,0.0041382052379676385,0.004139293737121079
0.0,0.0,0.0,0.0,0.003192799690809644,0.003192661092913529,0.003192526317852668,0.003192395622036298,0.0031922693648410235,0.003192148042071381,0.0031920313298046364,0.003191919437021178,0.0,0.0,0.0,0.0,0.003192843388612675,0.003192707633052844,0.0031918124597582957,0.0031925746401886253
0.0,0.0,0.0,0.0,0.0019611001846575596,0.0019610274124398012,0.0019609563933121192,0.0019608872661465,0.001960820225855166,0.0019607555415961184,0.0019606930366039147,0.0019606328240621227,0.0,0.0,0.0,0.0,0.001961114835438104,0.0019610416296757566,0.001960574955744643,0.0019609695980360928
0.0,0.0,0.0,0.0,4.221058894742879e-06,4.221058693716588e-06,4.221058496700014e-06,4.221058304090462e-06,4.2210581164465806e-06,4.2210579345407935e-06,4.221057757863211e-06,4.221057586737951e-06,0.0,0.0,0.0,0.0,4.22105890836575e-06,4.2210586998968625e-06,4.221057421312663e-06,4.221058493761038e-06
0.0,0.0,0.0,0.0,0.001961266736040608,0.0019611940490260305,0.0019611231132300104,0.001961054067358999,0.0019609871060926876,0.0019609224982678223,0.001960860067331071,0.00196079992633128,0.0,0.0,0.0,0.0,0.001961281375772928,0.0019612082571363616,0.0019607421269810968,0.001961136311443608
0.0,0.0,0.0,0.0,0.0031943562073111884,0.0031942184636388382,0.003194084521609971,0.003193954636015352,0.0031938291639603536,0.003193708598113472,0.003193592616615464,0.0031934814271297116,0.0,0.0,0.0,0.0,0.003194399715292615,0.0031942648148746344,0.003193375125092756,0.003194132662691976
0.0,0.0,0.0,0.0,0.004142775919727104,0.004142582699987801,0.004142395258825736,0.004142213946355536,0.00414203925273209,0.004141871853671534,0.004141711309553867,0.004141557905718747,0.0,0.0,0.0,0.0,0.004142851516796225,0.004142665669748284,0.004141411773768666,0.004142484163230633
0.0,0.0,0.0,0.0,0.005223904536225358,0.005223641990613394,0.005223387930467875,0.005223142821269671,0.005222907313822976,0.005222682304518638,0.0052224672129565775,0.00522226241844582,0.0,0.0,0.0,0.0,0.005224027966095425,0.0052237802511179545,0.00522206809663015,0.005223539124167976
0.0,0.0,0.0,0.0,0.006502861957149139,0.006502499093535717,0.006502148778954581,0.006501811634880864,0.006501488528766062,0.006501180654068471,0.006500887242849893,0.00650060880148902,0.0,0.0,0.0,0.0,0.006503061594515254,0.006502726186892645,0.006500345565694811,0.006502400818903206,0.006500156428835979,0.00650216015055142
0.0,0.0,0.0,0.0,0.007965452173395107,0.007964962961158463,0.00796449199845957,0.007964040099165768,0.00796360839709947,0.007963198450209236,0.007962809262845717,0.007962441497901242,0.0,0.0,0.0,0.0,0.007965764138081746,0.00796532198261679,0.007962095465590168,0.007964894825082159,0.007961842319496171,0.007964567385182387
0.0,0.0,0.0,0.0,0.009532633154896324,0.009531984338587193,0.00953136147307153,0.00953076560601923,0.009530198193929076,0.009529661235344765,0.009529153462392834,0.009528675727933,0.0,0.0,0.0,0.0,0.00953310266337098,0.009532529352745513,0.00952822843327953,0.00953197785467834,0.009527895586641301,0.00953154063522693,0.0
0.0,0.0,0.0,0.0,0.011088280557830241,0.011087448177770137,0.01108665115098831,0.011085890783801348,0.011085168888463205,0.011084487948173237,0.011083846399125376,0.011083245304022667,0.0,0.0,0.0,0.0,0.011088948004797792,0.011088227809791476,0.011082685165564937,0.011087537866581058,0.01108226153635996,0.011086973309709432,0.0
0.0,0.0,0.0,0.0,0.012492097232556993,0.012491071964721526,0.012490092366608484,0.012489160007609537,0.012488277060792606,0.012487446499960305,0.01248666646463446,0.012485938230631693,0.0,0.0,0.0,0.0,0.01249298546360787,0.012492113972735582,0.012485262404206388,0.012491282084933416,0.012484743070079931,0.012490580465701374,0.0
0.0,0.0,0.0,0.0,0.013625171612664366,0.0136239778243475,0.013622839086677871,0.01362175719115282,0.013620734614477449,0.013619774742408925,0.013618875468231989,0.013618038247423954,0.0,0.0,0.0,0.0,0.013626262900456793,0.013625261679197462,0.013617263774143618,0.013624308640783917,0.013616659048213148,0.013623481003849773,0.0
0.0,0.0,0.0,0.0,0.014352927264819253,0.01435160926367979,0.014350353277813355,0.014349161259754835,0.014348035906162264,0.014346980901029396,0.014345993959858541,0.014345076668293075,0.0,0.0,0.0,0.0,0.014354167685265134,0.014353070800645861,0.014344229784260634,0.014352028484819998,0.014343557392920757,0.014351096666394501,0.0
0.0,0.0,0.0,0.0,0.014610106384881263,0.014608746311437893,0.014607450625229251,0.014606221330588568,0.014605061194647906,0.014603973996703068,0.014602957396396714,0.014602013021236449,0.0,0.0,0.0,0.0,0.014611394440249928,0.01461026461276492,0.014601141649894357,0.014609191543016934,0.014600437499645373,0.014608203838379678,0.0
0.0,0.0,0.0,0.0,0.014375766468810733,0.01437446275127405,0.014373220285978297,0.014372040999401169,0.014370927551777189,0.014369883576938572,0.014368906823282119,0.014367998855423588,0.0,0.0,0.0,0.0,0.014376981811623548,0.014375894444389772,0.014367160421746473,0.014374860986276577,0.014366470033153233,0.014373881148117289,0.0
0.0,0.0,0.0,0.0,0.013650739389056008,0.013649559443349802,0.013648433715215643,0.013647363967034264,0.01364635263473939,0.013645403047873223,0.013644513136941771,0.013643684333984647,0.0,0.0,0.0,0.0,0.013651807076207882,0.013650815337989957,0.013642917322643224,0.013649871067299249,0.013642272885694286,0.013648973030530167,0.0
0.0,0.0,0.0,0.0,0.012522122776589081,0.012521113172279741,0.01252014830780496,0.012519229718201429,0.012518359528417226,0.012517540645896707,0.012516771254118339,0.012516052601231932,0.0,0.0,0.0,0.0,0.012522988918559397,0.012522129197038238,0.012515385281075837,0.012521308288925653,0.012514812547383555,0.012520525109717998,0.0
0.0,0.0,0.0,0.0,0.01110693743952321,0.011106111876106906,0.011105321124860573,0.011104566470916392,0.011103849696767485,0.011103173244491962,0.011102535577957866,0.0111019377428757,0.0,0.0,0.0,0.0,0.011107592554930833,0.011106877062820413,0.011101380234463993,0.01110619136949343,0.011100890974286142,0.011105534555950937,0.0
0.0,0.0,0.0,0.0,0.00954405595564874,0.009543409204882523,0.009542788100538133,0.009542193677466438,0.009541627374102406,0.00954109116398107,0.009540583796334818,0.009540106113784915,0.0,0.0,0.0,0.0,0.009544519156357949,0.009543946887452642,0.009539658513229783,0.009543396181081562,0.009539256631170832,0.009542866287187618,0.0
0.0,0.0,0.0,0.0,0.007970377317905524,0.007969886616652821,0.007969414044427954,0.007968960409765437,0.007968526838918093,0.007968114879305536,0.007967723542784971,0.00796735348804813,0.0,0.0,0.0,0.0,0.007970687112311272,0.007970243145627385,0.007967005023604434,0.007969814079943061,0.007966684842172018,0.007969399321210076,0.0,0.0
0.0,0.0,0.0,0.0,0.006503391956062359,0.006503025783399085,0.006502672144287901,0.00650233165984466,0.006502005196943772,0.006501693948181225,0.006501397146632279,0.0065011152984786455,0.0,0.0,0.0,0.0,0.00650359153318297,0.006503252820331066,0.006500848639496451,0.006502924134385265,0.006500597956393714,0.006502605013168278,0.0,0.0
0.0,0.0,0.0,0.0,0.005219950473952797,0.0052196807868769915,0.005219419650235736,0.005219167534183726,0.005218925095991607,0.005218693240896032,0.005218471383228176,0.005218259906213414,0.0,0.0,0.0,0.0,0.005220074783398154,0.005219820005306807,0.005218058987473228,0.005219571862299084,0.005217868960254034,0.005219330000660843,0.0,0.0
0.0,0.0,0.0,0.0,0.004140491961663101,0.004140294495206705,0.0041401028396497045,0.004139917347719008,0.004139738513189806,0.004139567016736637,0.004139402415770826,0.004139244997823001,0.0,0.0,0.0,0.0,0.004140567940841769,0.004140377866679838,0.004139094895598465,0.004140192155226831,0.004138952359152838,0.004140010538677725,0.0,0.0
0.0,0.0,0.0,0.0,0.0031924764744750518,0.0031923359889326416,0.0031921993287731833,0.003192066750819038,0.0031919386150055028,0.0031918154178901662,0.003191696835202857,0.003191583076295635,0.0,0.0,0.0,0.0,0.0031925158212200763,0.0031923772255672313,0.0031914742374281936,0.003192241392753443,0.0031913705006740016,0.0031921081262558694,0.0,0.0,0.003192006257692546
0.0,0.0,0.0,0.0,0.001960727136982028,0.0019606535722354887,0.001960581764165036,0.001960511852035929,0.001960444031307121,0.001960378571887124,0.001960315296559124,0.00196025431883802,0.0,0.0,0.0,0.0,0.0019607400918241055,0.0019606657160316466,0.0019601956906643596,0.0019605925160038275,0.0019601395107619094,0.0019605203840921672,0.0,0.0,0.0019604628050410872
0.0,0.0,0.0,0.0,4.22101615297321e-06,4.2210159511233965e-06,4.2210157532853855e-06,4.221015559856764e-06,4.221015371396532e-06,4.221015188677606e-06,4.221015011189771e-06,4.221014839257344e-06,0.0,0.0,0.0,0.0,4.221016164391264e-06,4.221015954615376e-06,4.221014673028082e-06,4.221015747173571e-06,4.2210145127841975e-06,4.221015541754593e-06,0.0,0.0,4.221015370547706e-06
0.0,0.0,0.0,0.0,0.001961296656738216,0.001961223385043239,0.001961151863625906,0.001961082231185305,0.001961014682385069,0.001960949486034885,0.001960886465643298,0.001960825734264403,0.0,0.0,0.0,0.0,0.0019613092345080476,0.0019612350847481156,0.001960767343629119,0.001961162106649348,0.0019607113920607684,0.001961090193005137,0.0,0.0,0.0019610284385761377
0.0,0.0,0.0,0.0,0.0031934860040806028,0.003193346077643035,0.003193209962848927,0.0031930779154705053,0.003192950293969475,0.0031928275928687923,0.0031927094892366505,0.0031925961915704928,0.0,0.0,0.0,0.0,0.003193523312136209,0.0031933848606098617,0.003192487795740016,0.0031932491621120707,0.0031923844830760873,0.0031931160209412155,0.0,0.0,0.003192998465732723
0.0,0.0,0.0,0.0,0.004141569796656188,0.004141372962464228,0.004141181922347356,0.004140997027870227,0.004140818771178354,0.004140647830697295,0.004140483765313598,0.00414032686161209,0.0,0.0,0.0,0.0,0.004141634095496159,0.004141442149395341,0.004140177251865412,0.004141254551273716,0.004140035185307386,0.0041410710342908675,0.0,0.0,0.004140904730072616
0.0,0.0,0.0,0.0,0.005223422218535306,0.0052231546831937835,0.005222895636267086,0.00522264554404802,0.0052224050583970965,0.005222175077089539,0.00522195501933554,0.00522174526521828,0.0,0.0,0.0,0.0,0.005223526117717149,0.0052232691621480936,0.005221545990917999,0.0052230187907614176,0.005221357526951273,0.0052227746529440846,0.0,0.0,0.005222548123789471
0.0,0.0,0.0,0.0,0.006508169000215639,0.0065078059230240315,0.006507455281818574,0.006507117692273717,0.006506794013648435,0.006506485428042774,0.006506191175373651,0.006505911757396992,0.0,0.0,0.0,0.0,0.006508334343706652,0.006507991436966502,0.00650564740785399,0.0065076584736507926,0.006505398562990136,0.006507334996020757,0.0,0.0,0.0065070282783089755,0.0
0.0,0.0,0.0,0.0,0.007976194663173265,0.007975707482683309,0.007975238295730389,0.007974787904145155,0.007974357424798826,0.007973948392181447,0.007973559826605612,0.00797319238132447,0.0,0.0,0.0,0.0,0.007976450940831638,0.007975999052347353,0.007972846362359981,0.007975561943781144,0.007972522337515267,0.00797513902676359,0.0,0.0,0.00797473077745603,0.0
0.0,0.0,0.0,0.0,0.009552783474503787,0.009552141628422727,0.009551525200180976,0.009550935214537794,0.009550373095802542,0.009549840798039784,0.009549337083273992,0.009548862785963138,0.0,0.0,0.0,0.0,0.009553168922103034,0.009552584942115633,0.009548418299297876,0.009552022318543707,0.009548004348295062,0.009551480310022793,0.0,0.0,0.00955095952602025,0.0
0.0,0.0,0.0,0.0,0.011116891436740543,0.011116070473269752,0.011115284033508527,0.011114533391171884,0.01111382031274535,0.011113147218217843,0.011112512586154501,0.011111917453076933,0.0,0.0,0.0,0.0,0.011117440638832922,0.011116707054623077,0.011111362310099467,0.011116003002161966,0.011110848057362871,0.01111532757284994,0.0,0.0,0.011114681525122521,0.0
0.0,0.0,0.0,0.0,0.012538727748899029,0.012537725924041248,0.012536768320243804,0.012535856453565877,0.012534992422348864,0.012534179097322382,0.012533414686432865,0.012532700422578232,0.0,0.0,0.0,0.0,0.012539456340592985,0.012538575037129228,0.012532036892805543,0.012537732074053792,0.012531425167247224,0.012536926383794842,0.0,0.0,0.012536158869859409,0.0
0.0,0.0,0.0,0.0,0.013676920264684918,0.013675753131342512,0.013674639354724355,0.013673580667425824,0.013672579463631233,0.013671639015280825,0.01367075729125924,0.013669935699680252,0.0,0.0,0.0,0.0,0.01367782038404646,0.01367680586439831,0.013669174913535325,0.01367583803586633,0.01366847615448073,0.013674915690772563,0.0,0.0,0.013674039862189614,0.0
0.0,0.0,0.0,0.0,0.014408922116915239,0.014407610973127325,0.014406359922460678,0.014405170856512215,0.014404046385718215,0.014402990074368089,0.014401999721957305,0.014401076865950914,0.0,0.0,0.0,0.0,0.01441005722477776,0.014408946022482275,0.01440022224430789,0.014407887716033222,0.014399437190979655,0.01440688099710009,0.0,0.0,0.014405926992222397,0.0,0.01439888758117709
0.0,0.0,0.0,0.0,0.014671277648288522,0.014669927410807712,0.014668639440270918,0.014667415674292776,0.014666258785679486,0.01466517242283875,0.014664154336881195,0.014663206102502895,0.0,0.0,0.0,0.0,0.014672465512804983,0.014671325611473884,0.014662328476356828,0.014670240623075271,0.014661522824585254,0.014669209210988427,0.0,0.0,0.014668232529127722,0.0,0.014660949082841006
0.0,0.0,0.0,0.0,0.01439251817959185,0.01439119152197403,0.014389925502569427,0.01438872203236085,0.01438758374868325,0.014386514252686194,0.014385511320724638,0.014384576506087246,0.0,0.0,0.0,0.0,0.014393675166905857,0.014392552716261818,0.014383710554267416,0.014391483634308014,0.01438291481299564,0.014390466598659283,0.0,0.0,0.014389502747168909,0.0,0.01438233744003139
