0.0,0.0,0.0,0.0,0.051748950179149426,0.05174459131046037,0.05174045356982531,0.05173654385995718,0.05173287172464374,0.05172945021172269,0.05172627117195926,0.03981957621442716,0.0,0.0,0.0,0.0
0.0,0.0,0.0,0.0,0.049047714380227626,0.04904369266035298,0.049039869617643145,0.04903625167540382,0.04903284772321199,0.04902966992234639,0.04902671065419872,0.03979564875609409,0.0,0.0,0.0,0.0,0.027951389442811954
0.0,0.0,0.0,0.0,0.044989484638448714,0.044986022649403254,0.044982724830459626,0.04497959678888826,0.04497664629555563,0.04497388399099934,0.044971303181000344,0.038462255638133866,0.0,0.0,0.0,0.0,0.029033267698673013
0.0,0.0,0.0,0.0,0.039930178203577554,0.03992734538545642,0.03992463970317084,0.03992206583058216,0.039919630256206574,0.03991734187491346,0.039915195060006285,0.03590492122468743,0.0,0.0,0.0,0.0,0.028831251002654917
0.0,0.0,0.0,0.0,0.03433034103105019,0.03432811801205319,0.03432598822327982,0.03432395541255093,0.034322024792848654,0.03432020351964318,0.03431848703815223,0.03241610042479205,0.0,0.0,0.0,0.0,0.027466185184550712
0.0,0.0,0.0,0.0,0.028661017459989814,0.028659312460830224,0.0286576735841826,0.028656103771860186,0.028654607123811914,0.028653189275123118,0.028651846615130636,0.028377939461529295,0.0,0.0,0.0,0.0,0.025207136722004767
0.0,0.0,0.0,0.0,0.02341065557742541,0.023409390440047716,0.023408170523266124,0.02340699806124956,0.023405876173260568,0.02340480915158912,0.023403794229308016,0.023402833225758347,0.0,0.0,0.0,0.0,0.022470928717417855
0.0,0.0,0.0,0.0,0.01879235909477062,0.018791422565697158,0.018790516849380837,0.018789643635784403,0.01878880528803648,0.01878800506131336,0.018787240845874235,0.01878651401839721,0.0,0.0,0.0,0.0,0.018792885130006477
0.0,0.0,0.0,0.0,0.014908186896254212,0.014907498442068476,0.014906830893331556,0.014906185516174293,0.01490556408332667,0.014904969038780904,0.01490439879138898,0.014903854372790695,0.0,0.0,0.0,0.0,0.01490850858827043
0.0,0.0,0.0,0.0,0.01149726061463078,0.011496769544061484,0.01149629219895808,0.011495829498809007,0.011495382732414954,0.011494953677896392,0.011494541173058703,0.011494145967186863,0.0,0.0,0.0,0.0,0.011497445904752653
0.0,0.0,0.0,0.0,0.007060192875667423,0.007059933175878474,0.007059679786769162,0.007059433207967223,0.007059194140739805,0.007058963553497301,0.007058740810094204,0.007058526317697413,0.0,0.0,0.0,0.0,0.0070602555958279335
0.0,0.0,0.0,0.0,1.5195030850869945e-05,1.5195030127406227e-05,1.5195029418416055e-05,1.5195028725334454e-05,1.519502805017907e-05,1.5195027395739668e-05,1.5195026760174652e-05,1.5195026144654676e-05,0.0,0.0,0.0,0.0,1.5195030911472132e-05
0.0,0.0,0.0,0.0,0.007062915441082592,0.007062657125724291,0.00706240509045073,0.007062159832184939,0.007061922048394683,0.007061692702240783,0.007061471161044348,0.007061257829771196,0.0,0.0,0.0,0.0,0.007062977943951496
0.0,0.0,0.0,0.0,0.011498613440748881,0.011498123105878312,0.011497646478047737,0.011497184475339336,0.011496738384580344,0.011496309981166202,0.01149589810469592,0.011495503503310314,0.0,0.0,0.0,0.0,0.011498783241917864,0.006207466938671671
0.0,0.0,0.0,0.0,0.014912972387154676,0.014912286676373916,0.014911621796262995,0.01491097900779597,0.014910360076471238,0.014909767436300738,0.01490919950268897,0.014908657303080762,0.0,0.0,0.0,0.0,0.014913263074933377,0.009258169565588245
0.0,0.0,0.0,0.0,0.018807790096623322,0.018806862864516924,0.018805966169160946,0.01880510168336728,0.01880427174623365,0.01880347957979038,0.018802723095997776,0.018802003657585283,0.0,0.0,0.0,0.0,0.018808257419016837,0.013177885208393506
0.0,0.0,0.0,0.0,0.02341698151089987,0.02341570655194551,0.023414476667194782,0.023413294084543453,0.02341216191419123,0.023411084435681948,0.02341005889211721,0.023409087098098424,0.0,0.0,0.0,0.0,0.023417790422721317,0.01824383880874318,0.011963314275177854
0.0,0.0,0.0,0.0,0.0286832922864235,0.02868157809292557,0.028679929475280554,0.028678349351376847,0.028676841787141676,0.028675412370282285,0.02867405752426222,0.028672779624540876,0.0,0.0,0.0,0.0,0.028684555058149496,0.02454213299410819,0.01592090724987318
0.0,0.0,0.0,0.0,0.034333546716292934,0.034331284497459584,0.03432911537043008,0.03432704308280366,0.034325072846128686,0.03432321181287388,0.034321455436547986,0.034319806766077474,0.0,0.0,0.0,0.0,0.034335442168049415,0.031970092106807214,0.02055169310763865
0.0,0.0,0.0,0.0,0.03997125579165836,0.039968385186870826,0.03996564045530655,0.03996302622908917,0.03996054893645781,0.03995821738749683,0.03995602602149779,0.03995397860409044,0.0,0.0,0.0,0.0,0.0399739314118413,0.03997152542297062,0.025638568240361335
0.0,0.0,0.0,0.0,0.04505156792681608,0.04504805138432758,0.04504469696964754,0.04504151022771659,0.045038498839178105,0.04503567331746883,0.04503302706818935,0.045030564595367015,0.0,0.0,0.0,0.0,0.045055156210230145,0.04505228034828598,0.03079039039796629
0.0,0.0,0.0,0.0,0.049181541398562054,0.049177482454983164,0.04917361767025667,0.049169953326661416,0.049166498112409224,0.04916326390756026,0.04916024330025411,0.049157441389858454,0.0,0.0,0.0,0.0,0.04918596865077535,0.049182714940083486,0.03564393070896482
0.0,0.0,0.0,0.0,0.05181703244651277,0.05181255748401321,0.05180830113747522,0.051804270249047615,0.05180047427199942,0.05179692612409519,0.05179361777219385,0.05179055476746167,0.0,0.0,0.0,0.0,0.051822114902054996,0.05181857405408989,0.0396722521739638
0.0,0.0,0.0,0.0,0.05276407722770617,0.05275947277732391,0.0527550947210724,0.05275095006232983,0.05274704847321362,0.052743403166967476,0.05274000593851921,0.052736862469059224,0.0,0.0,0.0,0.0,0.05276939705692874,0.05276577450478591,0.0425287068544438
0.0,0.0,0.0,0.0,0.05189698467433136,0.05189255603066426,0.05188834330051427,0.05188435323458146,0.051880595158235815,0.051877081813037504,0.051873805281859864,0.051870771042188644,0.0,0.0,0.0,0.0,0.05190206916267088,0.05189857746175653,0.043919060812982746
0.0,0.0,0.0,0.0,0.04923085665383367,0.04922681072029096,0.04922295730722167,0.049219302641904265,0.049215855335071716,0.049212627159531085,0.049209610776925455,0.049206811242817346,0.0,0.0,0.0,0.0,0.04923535725962353,0.0492321339698608,0.04365425974915883
0.0,0.0,0.0,0.0,0.04508502598084061,0.04508150488472511,0.04507814484606168,0.04507495137363664,0.04507193209671997,0.04506909745722963,0.04506644091207951,0.045063966936915105,0.0,0.0,0.0,0.0,0.04508845134551674,0.04508553659541763,0.041809859303366594,0.02270223410988639
0.0,0.0,0.0,0.0,0.0399799535396734,0.03997705995234843,0.03997429194912948,0.03997165415469617,0.03996915298601282,0.03996679723683903,0.039964581361898364,0.0399625091216982,0.0,0.0,0.0,0.0,0.03998252213982983,0.03998007022395932,0.038710356312259095,0.022977213790769304
0.0,0.0,0.0,0.0,0.034351055534074,0.03434878010436456,0.034346597277936486,0.034344510784122005,0.03434252580826876,0.03434064946615457,0.03433887723894474,0.034337212161482375,0.0,0.0,0.0,0.0,0.034352850851399414,0.03435087103394614,0.034335655660174366,0.022225602372019093
0.0,0.0,0.0,0.0,0.02868554058792995,0.028683809167792867,0.028682143246940548,0.028680545742081516,0.028679020717049197,0.028677573756263727,0.02867620128791745,0.02867490568703505,0.0,0.0,0.0,0.0,0.02868672074901681,0.028685171407251384,0.02867368806403221,0.02065934020464174
0.0,0.0,0.0,0.0,0.02341010282856946,0.02340881024788184,0.023407562865319868,0.023406362917494917,0.023405213526535986,0.023404118988187197,0.023403076536618345,0.0234020879938629,0.0,0.0,0.0,0.0,0.023410848027734837,0.023409660029453324,0.0234011542074472,0.018601803958318053
0.0,0.0,0.0,0.0,0.01879076009599735,0.018789805583800855,0.01878888189269984,0.018787990715433314,0.018787134418725086,0.01878631626244751,0.018785534135656073,0.018784789417698785,0.0,0.0,0.0,0.0,0.018791218120913944,0.018790319526582857,0.01878408274723433,0.016341127567004596
0.0,0.0,0.0,0.0,0.014902497390454498,0.014901795132331369,0.014901113856623134,0.0149004548361347,0.014899819852801,0.014899211363181546,0.014898627768906263,0.014898070107280679,0.0,0.0,0.0,0.0,0.014902774129243953,0.014902099086938339,0.014897538856683493,0.014091691079995064
0.0,0.0,0.0,0.0,0.011494078886914722,0.011493579934488705,0.011493094744269612,0.011492624239330673,0.01149216971342768,0.011491732951456973,0.01149131278729669,0.011490909973276234,0.0,0.0,0.0,0.0,0.01149423619900563,0.011493747478990244,0.011490524855129861,0.01149326870467905
0.0,0.0,0.0,0.0,0.007059960664767217,0.007059698684783284,0.007059443015923633,0.0070591941581274,0.007058952813078595,0.007058719949746028,0.007058494931774092,0.007058278166623638,0.0,0.0,0.0,0.0,0.007060013407577175,0.007059749866832728,0.007058069840680712,0.0070594905529299335
0.0,0.0,0.0,0.0,1.5195812021074367e-05,1.5195811297379718e-05,1.519581058812006e-05,1.5195809894725663e-05,1.5195809219207686e-05,1.5195808564346861e-05,1.519580792830756e-05,1.5195807312256616e-05,0.0,0.0,0.0,0.0,1.5195812070116702e-05,1.5195811319628712e-05,1.5195806716725582e-05,1.5195810577539735e-05
0.0,0.0,0.0,0.0,0.00706056024974619,0.00706029857649371,0.007060043207628042,0.007059794642492396,0.007059553581933673,0.007059320993764162,0.007059096242391855,0.007058879734792604,0.0,0.0,0.0,0.0,0.007060612952782541,0.007060349725690905,0.007058671657131946,0.007060090721196988
0.0,0.0,0.0,0.0,0.01149968234632028,0.011499186469099818,0.011498704277795903,0.011498236689655267,0.011497784990257269,0.011497350953208502,0.01149693341981567,0.011496533137666954,0.0,0.0,0.0,0.0,0.011499838975053415,0.011499353333548689,0.011496150450333918,0.011498877585691113
0.0,0.0,0.0,0.0,0.014913993311017578,0.014913297719956083,0.01491262293177266,0.01491197020687993,0.014911341309835518,0.014910738673217525,0.01491016071439392,0.014909608460587481,0.0,0.0,0.0,0.0,0.014914265460466411,0.01491359641109383,0.014909082385567192,0.014912942987630278
0.0,0.0,0.0,0.0,0.018806056330411294,0.018805111166208217,0.018804196549684363,0.018803314156570817,0.018802466329762707,0.0188016562962671,0.018800881966643677,0.01880014470640494,0.0,0.0,0.0,0.0,0.01880650067794353,0.018805608904024645,0.018799445147868535,0.018804740847004713
0.0,0.0,0.0,0.0,0.023410303045736908,0.02340899673672858,0.023407735604236507,0.02340652188557111,0.023405358703557814,0.0234042503546465,0.023403194074259615,0.02340219168536046,0.0,0.0,0.0,0.0,0.023411021740254914,0.023409814272813533,0.02340124403650131,0.02340864294805154,0.011968729737326532,0.012106120016766609
0.0,0.0,0.0,0.0,0.028675627824222394,0.028673866660170466,0.028672171194454473,0.028670544356996765,0.028668990229558083,0.028667514420753257,0.028666113346244578,0.028664789392444455,0.0,0.0,0.0,0.0,0.028676750897094285,0.028675159137420456,0.028663543676124593,0.02867362137029577,0.015687490137194605,0.016608261387745783
0.0,0.0,0.0,0.0,0.03431747935762677,0.0343151436189139,0.03431290130305753,0.034310756181669226,0.03430871349814466,0.03430678044724116,0.0343049524646142,0.03430323262055878,0.0,0.0,0.0,0.0,0.03431916958813553,0.034317105669883864,0.03430162235980629,0.034315120276842026,0.01999521883895503,0.021997445581420017,0.0
0.0,0.0,0.0,0.0,0.03991781000818888,0.039914813439972496,0.03991194414355794,0.039909206821684855,0.03990660799846753,0.03990415661342366,0.03990184703685135,0.039899683094481574,0.0,0.0,0.0,0.0,0.03992021281727205,0.03991762011524933,0.03989766659603376,0.039915136319691805,0.0246554172472983,0.02801875774501282,0.0
0.0,0.0,0.0,0.0,0.04497155003720519,0.044967859072997496,0.044964332519790574,0.044960976027394337,0.04495779741885337,0.04495480739985711,0.04495199927268405,0.04494937763027407,0.0,0.0,0.0,0.0,0.04497474766898833,0.04497161030184812,0.04494694465514298,0.04496861550576029,0.0293292572426782,0.03427198098380711,0.0
0.0,0.0,0.0,0.0,0.04905061780559173,0.049046320167651,0.04904222071204037,0.04903832588815015,0.049034644612118795,0.04903118907267214,0.04902795168563515,0.0490249376907262,0.0,0.0,0.0,0.0,0.049054546441644455,0.04905094204511089,0.04902214958691701,0.049047511106822095,0.0336546826278393,0.04028623755930941,0.0
0.0,0.0,0.0,0.0,0.05167053815334933,0.051665793349247244,0.05166127180012811,0.05165698053511741,0.05165292926218413,0.05164913124370584,0.051645578255490744,0.05164227600585504,0.0,0.0,0.0,0.0,0.05167500366695448,0.051671054882325124,0.05163922722333827,0.051667302545351984,0.03719384928495754,0.045480025554506,0.0
0.0,0.0,0.0,0.0,0.052596382985572565,0.05259148672117642,0.05258682225082534,0.05258239679011884,0.05257822030073244,0.05257430638813106,0.052570646627028164,0.05256724687645119,0.0,0.0,0.0,0.0,0.052601019984899744,0.05259695260595374,0.052564109939619665,0.05259308955486096,0.039626450126566716,0.04938140565688529,0.0
0.0,0.0,0.0,0.0,0.05175275928771866,0.051748065904586575,0.0517435930295219,0.05173934759784421,0.05173533918639786,0.05173158087697887,0.05172806456381562,0.05172479587952489,0.0,0.0,0.0,0.0,0.05175713452184477,0.0517532199998032,0.051721777518287285,0.05174949955059567,0.04073150543603036,0.05163111193342874,0.0
0.0,0.0,0.0,0.0,0.049142661800601645,0.04913841399605929,0.04913436137477635,0.049130510281323356,0.049126869485061786,0.049123450972343614,0.049120247292990374,0.0491172636023447,0.0,0.0,0.0,0.0,0.04914650547434838,0.04914293521676387,0.049114502361515586,0.04913953584227729,0.04034273561813078,0.04913630290990856,0.0
0.0,0.0,0.0,0.0,0.045079641995720704,0.04507600742020707,0.045072533908097887,0.045069226985525145,0.045066094302302,0.045063146325228155,0.045060376514826014,0.04505778936443493,0.0,0.0,0.0,0.0,0.045082760106813835,0.04507966510933768,0.045055387011873,0.045076709840132345,0.03854396813397285,0.04507389039498475,0.0
0.0,0.0,0.0,0.0,0.03998497478228357,0.03998200275398486,0.03997915604949809,0.03997643929529902,0.039973858908362934,0.03997142368017108,0.039969128080648314,0.039966975874352495,0.0,0.0,0.0,0.0,0.039987333197751,0.03998475742615351,0.03996496884407036,0.03998228893017634,0.035570805951507856,0.03997992440142334,0.0
0.0,0.0,0.0,0.0,0.03435860144033547,0.03435627313757709,0.0343540371619373,0.03435189723887918,0.03434985854676865,0.03434792819033186,0.03434610166680534,0.034344382009625675,0.0,0.0,0.0,0.0,0.034360268962888615,0.03435820879482953,0.034342770647627203,0.03435622625189362,0.031770495500299624,0.0343543186338754,0.0
0.0,0.0,0.0,0.0,0.028693358344459893,0.02869159181995016,0.028689890559940652,0.028688257475155576,0.028686696620105125,0.02868521356549994,0.028683804754025894,0.02868247255697325,0.0,0.0,0.0,0.0,0.02869447360432058,0.028692875324258602,0.02868121808497595,0.028691330687795016,0.027558004049261405,0.02868983755635625,0.0,0.0
0.0,0.0,0.0,0.0,0.0234122110418245,0.023410892820236708,0.023409619719436458,0.023408393975440776,0.02340721870899757,0.023406098213452416,0.0234050297278762,0.02340401507452311,0.0,0.0,0.0,0.0,0.023412929519458694,0.02341171015319185,0.023403055102187213,0.023410526883786954,0.0233349857642035,0.023409378047405782,0.0,0.0
0.0,0.0,0.0,0.0,0.018791821706230075,0.01879085083275717,0.018789910740848664,0.018789003123061414,0.018788130345569778,0.01878729566722572,0.018786496979621432,0.018785735662368276,0.0,0.0,0.0,0.0,0.018792269220233356,0.018791352019104514,0.018785012354903617,0.0187904587042767,0.018784328256914527,0.01878958800237902,0.0,0.0
0.0,0.0,0.0,0.0,0.014905771061987169,0.014905060182744137,0.014904370222738945,0.01490370245178843,0.014903058647483296,0.014902441260251895,0.014901848696774973,0.014901281992162793,0.0,0.0,0.0,0.0,0.014906044587030367,0.014905360320047424,0.014900741624154468,0.014904691758816592,0.01490022849295023,0.014904037939239799,0.0,0.0
0.0,0.0,0.0,0.0,0.01149291530811019,0.011492409560157511,0.011491917583583467,0.011491440302948536,0.011490979014019806,0.011490535504404601,0.011490108606730283,0.011489699074664279,0.0,0.0,0.0,0.0,0.011493056956392274,0.01149255801204204,0.011489307254741492,0.011492069013912393,0.011488933802426417,0.01149158925452112,0.0,0.0,0.006380060482509392
0.0,0.0,0.0,0.0,0.007058617693135302,0.00705835286004776,0.007058094350994133,0.0070578426673293445,0.007057598512705633,0.007057362858793648,0.007057135067612845,0.007056915547816868,0.0,0.0,0.0,0.0,0.00705866433056678,0.007058396577713931,0.007056704486391692,0.007058133057613779,0.00705650223874288,0.007057873382731796,0.0,0.0,0.0043656404283696675
0.0,0.0,0.0,0.0,1.5195658150703561e-05,1.5195657424044228e-05,1.5195656711827397e-05,1.519565601548435e-05,1.5195655337027511e-05,1.5195654679239386e-05,1.5195654040283174e-05,1.5195653421326428e-05,0.0,0.0,0.0,0.0,1.519565819180855e-05,1.5195657436615362e-05,1.519565282290109e-05,1.5195656689824854e-05,1.5195652246023125e-05,1.5195655950316522e-05,0.0,0.0,1.0352072683747872e-05
0.0,0.0,0.0,0.0,0.007060667964257579,0.00706040418615566,0.007060146709053266,0.007059896032267098,0.007059652856586246,0.007059418149725588,0.007059191276315872,0.007058972643351847,0.0,0.0,0.0,0.0,0.007060713244228972,0.0070604463050932195,0.007058762437064826,0.007060183583937652,0.007058561011418773,0.007059924694818487,0.0,0.0,0.005242747255847668
0.0,0.0,0.0,0.0,0.011496549614690174,0.011496045879514926,0.011495555866256144,0.011495080495693819,0.011494621058290105,0.011494179334327656,0.01149375416125194,0.011493346289653768,0.0,0.0,0.0,0.0,0.011496683923690352,0.011496185498195508,0.011492956064664054,0.011495696983603454,0.011492584139073924,0.011495217675388367,0.0,0.0,0.009194713699560124
0.0,0.0,0.0,0.0,0.014909651267962282,0.014908942664871222,0.014908254920450493,0.014907589300332818,0.014906947576242068,0.014906332190510265,0.01490574155512895,0.014905176701803517,0.0,0.0,0.0,0.0,0.01490988274378617,0.014909191737823235,0.01490463810671548,0.014908516384585378,0.014904126667106603,0.01490785572344711,0.0,0.0,0.01272383808922492
0.0,0.0,0.0,0.0,0.018804319986727106,0.018803356859497623,0.01880242429056152,0.01880152395857287,0.01880065821022954,0.018799830277522345,0.01879903806960794,0.0187982829547858,0.0,0.0,0.0,0.0,0.018804694023781737,0.018803768983733146,0.01879756556730479,0.018802867646741103,0.0187968870970246,0.01880198875059869,0.0,0.0,0.01701295610608718
0.0,0.0,0.0,0.0,0.023429408400776307,0.023428101322886512,0.023426839014546882,0.02342562369218538,0.023424458449134357,0.023423347540953994,0.02342228823134514,0.023421282326629156,0.0,0.0,0.0,0.0,0.023430003637343946,0.02342876917307942,0.023420330668274356,0.02342757050514285,0.02341943482676451,0.023426405985674706,0.0,0.0,0.022371278571588313,0.0
0.0,0.0,0.0,0.0,0.028714300787423763,0.02871254693765991,0.02871085786462942,0.02870923645492256,0.028707686729275764,0.028706214211853216,0.0287048153757802,0.028703492572768077,0.0,0.0,0.0,0.0,0.028715223386993897,0.028713596588450487,0.028702246904495923,0.028712022997612118,0.028701080415054987,0.028710500496348903,0.0,0.0,0.028709030798841708,0.0
0.0,0.0,0.0,0.0,0.034390020508213645,0.03438770986232182,0.034385490720651536,0.03438336677233606,0.03438134314488914,0.03437942687294323,0.034377613499786366,0.03437590602946728,0.0,0.0,0.0,0.0,0.03439140811957092,0.034389305791616295,0.03437430587747234,0.034387280346757344,0.03437281565386225,0.034385329116082025,0.0,0.0,0.0343834542936729,0.0
0.0,0.0,0.0,0.0,0.04002080917226597,0.04001785370377111,0.04001502252063072,0.040012320208218786,0.04000975312588325,0.04000732998558425,0.0400050453101562,0.040002902831076936,0.0,0.0,0.0,0.0,0.04002278629979852,0.0400201453966431,0.04000090431635807,0.04001761080778307,0.03999905300650637,0.040015179262259754,0.0,0.0,0.04001285349044108,0.0
0.0,0.0,0.0,0.0,0.045139419896036516,0.04513581332654849,0.04513236595287772,0.04512908323283716,0.0451259727204559,0.04512304475036059,0.04512029287115831,0.04511772152128161,0.0,0.0,0.0,0.0,0.04514204282613475,0.04513887013366524,0.04511533281409994,0.045135835466593645,0.045113130602090046,0.04513293498166139,0.0,0.0,0.04513017193149387,0.0
0.0,0.0,0.0,0.0,0.04923691295286572,0.049232711272833046,0.04922870167700771,0.049224890402732965,0.049221286069072424,0.04921790045501098,0.04921472624853326,0.04921176851884888,0.0,0.0,0.0,0.0,0.04924015338256726,0.04923650111183394,0.04920902968872715,0.04923301692911878,0.04920651415613067,0.04922969648678119,0.0,0.0,0.049226543503882614,0.0
0.0,0.0,0.0,0.0,0.05187211962089487,0.05186739950325837,0.051862895720858476,0.05185861508344398,0.05185456698858555,0.051850764267725134,0.051847198999046294,0.05184387671742326,0.0,0.0,0.0,0.0,0.051876206009199934,0.051872205680936215,0.051840800079508385,0.051868395777719595,0.051837973887526805,0.05186477158956028,0.0,0.0,0.05186133717200063,0.0,0.026332178409416138
0.0,0.0,0.0,0.0,0.052816599533838694,0.05281173867890776,0.05280710198497534,0.05280269642745399,0.05279853162844613,0.052794620722219514,0.0527909556127723,0.05278754196901039,0.0,0.0,0.0,0.0,0.05282087584609794,0.05281677220130601,0.05278438251488456,0.05281286624307097,0.05278148216850696,0.052809153159558295,0.0,0.0,0.052805637104859804,0.0,0.028303106914188192
0.0,0.0,0.0,0.0,0.05181306544653067,0.051808289479106505,0.05180373180924997,0.05179939931649906,0.05179530149525968,0.05179145130967031,0.05178784075460869,0.051784475421914056,0.0,0.0,0.0,0.0,0.05181723060086109,0.05181318977854257,0.05178135799536268,0.05180934108350885,0.05177849332678435,0.051805679755173376,0.0,0.0,0.05180220988980807,0.0,0.0292512354962619
