psi err 

0 , maxErr[5] 2 0.00179946 -9218.02 -9234.61 0 179 nan 0 0 0
1 , maxErr[5] 2 0.00179946 -9198.04 -9214.6 1 179 nan 0 0 0
2 , maxErr[5] 2 0.00179946 -9173.72 -9190.23 2 179 nan 0 0 0
3 , maxErr[5] 2 0.00179946 -9149.34 -9165.81 3 179 0.00191427 -0.0695781 -0.0697113 0.00191427
4 , maxErr[5] 2 0.00179946 -9136.79 -9153.23 4 179 nan 0 0 0.00191427
5 , maxErr[5] 2 0.00179946 -9173.72 -9190.22 5 179 nan 0 0 0.00191427
6 , maxErr[5] 2 0.00179946 -9149.25 -9165.71 6 179 0.00190493 -0.069919 -0.0700522 0.00191427
7 , maxErr[5] 2 0.00179946 -9136.51 -9152.95 7 179 nan 0 0 0.00191427
8 , maxErr[5] 2 0.00179946 -9173.76 -9190.26 8 179 nan 0 0 0.00191427
9 , maxErr[5] 2 0.00179946 -9149.44 -9165.91 9 179 0.00191425 -0.0695788 -0.0697119 0.00191427
10 , maxErr[5] 2 0.00179946 -9136.83 -9153.27 10 179 nan 0 0 0.00191427
11 , maxErr[5] 2 0.00179946 -9180.46 -9196.98 11 179 nan 0 0 0.00191427
12 , maxErr[5] 2 0.00179946 -9156.27 -9172.74 12 179 nan 0 0 0.00191427
13 , maxErr[5] 2 0.00179946 -9132.09 -9148.52 13 179 nan 0 0 0.00191427
14 , maxErr[5] 2 0.00179946 -9156.19 -9172.66 14 179 nan 0 0 0.00191427
15 , maxErr[5] 2 0.00179946 -9132.04 -9148.47 15 179 nan 0 0 0.00191427
16 , maxErr[5] 2 0.00179946 -9156.2 -9172.67 16 179 nan 0 0 0.00191427
17 , maxErr[5] 2 0.00179946 -9132.03 -9148.46 17 179 nan 0 0 0.00191427
18 , maxErr[5] 2 0.00179946 -9165.23 -9181.73 18 179 nan 0 0 0.00191427
19 , maxErr[5] 2 0.00179946 -9141.16 -9157.61 19 179 nan 0 0 0.00191427
20 , maxErr[5] 2 0.00179946 -9116.97 -9133.37 20 179 nan 0 0 0.00191427
21 , maxErr[5] 2 0.00179946 -9141.29 -9157.74 21 179 nan 0 0 0.00191427
22 , maxErr[5] 2 0.00179946 -9117.17 -9133.57 22 179 nan 0 0 0.00191427
23 , maxErr[5] 2 0.00179946 -9141.2 -9157.65 23 179 nan 0 0 0.00191427
24 , maxErr[5] 2 0.00179946 -9117.15 -9133.55 24 179 nan 0 0 0.00191427
25 , maxErr[5] 2 0.00179946 -9152.37 -9168.84 25 179 nan 0 0 0.00191427
26 , maxErr[5] 2 0.00179946 -9128.29 -9144.72 26 179 0.00192404 -0.0690695 -0.0692024 0.00192404
27 , maxErr[5] 2 0.00179946 -9115.83 -9132.23 27 179 nan 0 0 0.00192404
28 , maxErr[5] 2 0.00179946 -9128.19 -9144.62 28 179 0.00192503 -0.0690341 -0.069167 0.00192503
29 , maxErr[5] 2 0.00179946 -9115.74 -9132.15 29 179 nan 0 0 0.00192503
30 , maxErr[5] 2 0.00179946 -9128.2 -9144.62 30 179 0.00192502 -0.0690343 -0.0691672 0.00192503
31 , maxErr[5] 2 0.00179946 -9115.8 -9132.2 31 179 nan 0 0 0.00192503
32 , maxErr[5] 2 0.00179953 -9141.89 -9158.34 32 179 nan 0 0 0.00192503
33 , maxErr[5] 2 0.00179953 -9117.68 -9134.09 33 179 nan 0 0 0.00192503
34 , maxErr[5] 2 0.00179953 -9117.44 -9133.85 34 179 nan 0 0 0.00192503
35 , maxErr[5] 2 0.00179953 -9118.22 -9134.62 35 179 nan 0 0 0.00192503
36 , maxErr[5] 2 0.00179961 -9133.93 -9150.36 36 179 0.00191715 -0.0693719 -0.0695049 0.00192503
37 , maxErr[5] 2 0.00179961 -9121.87 -9138.28 37 179 0.00191252 -0.0695399 -0.0696729 0.00192503
38 , maxErr[5] 2 0.00179963 -9121.37 -9137.79 38 179 0.00191252 -0.0695401 -0.0696731 0.00192503
39 , maxErr[5] 2 0.00179963 -9121.42 -9137.84 39 179 nan 0 0 0.00192503
40 , maxErr[5] 2 0.00179974 -9128.18 -9144.61 40 179 nan 0 0 0.00192503
41 , maxErr[5] 2 0.0017999 -9124.02 -9140.44 41 179 nan 0 0 0.00192503
42 , maxErr[5] 2 0.00180005 -9121.54 -9137.96 42 179 nan 0 0 0.00192503
43 , maxErr[5] 2 0.0018002 -9119.11 -9135.53 43 179 nan 0 0 0.00192503
44 , maxErr[5] 2 0.00180035 -9116.65 -9133.06 44 179 nan 0 0 0.00192503
45 , maxErr[5] 2 0.00180052 -9114.11 -9130.52 45 179 nan 0 0 0.00192503
46 , maxErr[5] 2 0.00180068 -9111.6 -9128 46 179 nan 0 0 0.00192503
47 , maxErr[5] 2 0.00180085 -9109.07 -9125.48 47 179 nan 0 0 0.00192503
48 , maxErr[5] 2 0.00180101 -9106.53 -9122.93 48 179 nan 0 0 0.00192503
49 , maxErr[5] 2 0.00180118 -9104.01 -9120.41 49 179 nan 0 0 0.00192503
50 , maxErr[5] 2 0.00180135 -9101.47 -9117.86 50 179 nan 0 0 0.00192503
51 , maxErr[5] 2 0.00180151 -9098.93 -9115.32 51 179 nan 0 0 0.00192503
52 , maxErr[5] 2 0.00180168 -9096.39 -9112.78 52 179 nan 0 0 0.00192503
53 , maxErr[5] 2 0.00180168 -9201.22 -9217.78 53 179 nan 0 0 0.00192503
54 , maxErr[5] 2 0.00180168 -9177.05 -9193.56 54 179 nan 0 0 0.00192503
55 , maxErr[5] 2 0.00180168 -9152.93 -9169.4 55 179 nan 0 0 0.00192503
56 , maxErr[5] 2 0.00180168 -9176.96 -9193.47 56 179 nan 0 0 0.00192503
57 , maxErr[5] 2 0.00180168 -9152.48 -9168.94 57 179 nan 0 0 0.00192503
58 , maxErr[5] 2 0.00180168 -9177.28 -9193.79 58 179 nan 0 0 0.00192503
59 , maxErr[5] 2 0.00180168 -9153.1 -9169.56 59 179 nan 0 0 0.00192503
60 , maxErr[5] 2 0.00180168 -9186.8 -9203.34 60 179 nan 0 0 0.00192503
61 , maxErr[5] 2 0.00180168 -9162.7 -9179.19 61 179 0.00192996 -0.0691167 -0.0692501 0.00192996
62 , maxErr[5] 2 0.00180168 -9150.3 -9166.77 62 179 nan 0 0 0.00192996
63 , maxErr[5] 2 0.00180168 -9162.81 -9179.3 63 179 0.00192994 -0.0691175 -0.0692509 0.00192996
64 , maxErr[5] 2 0.00180168 -9150.38 -9166.84 64 179 nan 0 0 0.00192996
65 , maxErr[5] 2 0.00180168 -9162.82 -9179.31 65 179 0.0019043 -0.0700479 -0.0701813 0.00192996
66 , maxErr[5] 2 0.00180168 -9150.13 -9166.6 66 179 nan 0 0 0.00192996
67 , maxErr[5] 2 0.00180168 -9174.77 -9191.28 67 179 nan 0 0 0.00192996
68 , maxErr[5] 2 0.00180168 -9150.91 -9167.37 68 179 nan 0 0 0.00192996
69 , maxErr[5] 2 0.00180168 -9151.04 -9167.51 69 179 nan 0 0 0.00192996
70 , maxErr[5] 2 0.00180168 -9150.7 -9167.16 70 179 nan 0 0 0.00192996
71 , maxErr[5] 2 0.00180168 -9165.09 -9181.58 71 179 nan 0 0 0.00192996
72 , maxErr[5] 2 0.00180168 -9141.28 -9157.73 72 179 nan 0 0 0.00192996
73 , maxErr[5] 2 0.00180168 -9141.25 -9157.7 73 179 nan 0 0 0.00192996
74 , maxErr[5] 2 0.00180168 -9141.02 -9157.47 74 179 nan 0 0 0.00192996
75 , maxErr[5] 2 0.00180168 -9157.91 -9174.39 75 179 nan 0 0 0.00192996
76 , maxErr[5] 2 0.00180168 -9153.03 -9169.51 76 179 nan 0 0 0.00192996
77 , maxErr[5] 2 0.00180168 -9149.75 -9166.22 77 179 nan 0 0 0.00192996
78 , maxErr[5] 2 0.00180168 -9147.28 -9163.75 78 179 nan 0 0 0.00192996
79 , maxErr[5] 2 0.00180168 -9144.71 -9161.17 79 179 nan 0 0 0.00192996
80 , maxErr[5] 2 0.00180168 -9142.14 -9158.6 80 179 nan 0 0 0.00192996
81 , maxErr[5] 2 0.00180168 -9139.56 -9156.01 81 179 nan 0 0 0.00192996
82 , maxErr[5] 2 0.00180168 -9136.96 -9153.42 82 179 nan 0 0 0.00192996
83 , maxErr[5] 2 0.00180168 -9134.48 -9150.93 83 179 nan 0 0 0.00192996
84 , maxErr[5] 2 0.00180168 -9131.99 -9148.44 84 179 nan 0 0 0.00192996
85 , maxErr[5] 2 0.00180168 -9129.77 -9146.22 85 179 nan 0 0 0.00192996
86 , maxErr[5] 2 0.00180168 -9127.52 -9143.96 86 179 nan 0 0 0.00192996
87 , maxErr[5] 2 0.00180168 -9125.31 -9141.75 87 179 nan 0 0 0.00192996
88 , maxErr[5] 2 0.00180168 -9123 -9139.44 88 179 nan 0 0 0.00192996
89 , maxErr[5] 2 0.00180168 -9213.04 -9229.62 89 179 nan 0 0 0.00192996
90 , maxErr[5] 2 0.00180168 -9209.68 -9226.25 90 179 nan 0 0 0.00192996
91 , maxErr[5] 2 0.00180168 -9207.21 -9223.78 91 179 nan 0 0 0.00192996
92 , maxErr[5] 2 0.00180168 -9204.68 -9221.25 92 179 nan 0 0 0.00192996
93 , maxErr[5] 2 0.00180168 -9202.15 -9218.71 93 179 nan 0 0 0.00192996
94 , maxErr[5] 2 0.00180168 -9199.63 -9216.2 94 179 nan 0 0 0.00192996
95 , maxErr[5] 2 0.00180168 -9197.04 -9213.6 95 179 nan 0 0 0.00192996
96 , maxErr[5] 2 0.00180168 -9194.47 -9211.03 96 179 nan 0 0 0.00192996
97 , maxErr[5] 2 0.00180168 -9191.89 -9208.44 97 179 nan 0 0 0.00192996
98 , maxErr[5] 2 0.00180168 -9189.3 -9205.85 98 179 nan 0 0 0.00192996
99 , maxErr[5] 2 0.00180168 -9186.7 -9203.25 99 179 nan 0 0 0.00192996
100 , maxErr[5] 2 0.00180168 -9184.29 -9200.84 100 179 nan 0 0 0.00192996
101 , maxErr[5] 2 0.00180168 -9215.47 -9232.06 101 179 nan 0 0 0.00192996
102 , maxErr[5] 2 0.00180168 -9212.88 -9229.46 102 179 nan 0 0 0.00192996
103 , maxErr[5] 2 0.00180168 -9210.3 -9226.88 103 179 nan 0 0 0.00192996
104 , maxErr[5] 2 0.00180168 -9207.71 -9224.28 104 179 nan 0 0 0.00192996
105 , maxErr[5] 2 0.00180168 -9205.25 -9221.82 105 179 nan 0 0 0.00192996
106 , maxErr[5] 2 0.00180168 -9202.77 -9219.34 106 179 nan 0 0 0.00192996
107 , maxErr[5] 4 0.00180168 -9223.8 -9240.4 107 179 nan 0 0 0.00192996
108 , maxErr[5] 4 0.00180168 -9229.57 -9246.18 108 179 nan 0 0 0.00192996
109 , maxErr[5] 4 0.00180168 -9235.33 -9251.94 109 179 nan 0 0 0.00192996
110 , maxErr[5] 4 0.00180168 -9241.08 -9257.69 110 179 0.0019106 0.303494 0.304073 0.00192996
111 , maxErr[5] 4 0.00180168 -9246.59 -9263.21 111 179 0.00191339 0.303355 0.303935 0.00192996
112 , maxErr[5] 4 0.00180168 -9251.65 -9268.28 112 179 0.00191591 0.303228 0.303809 0.00192996
113 , maxErr[5] 4 0.00180168 -9256.27 -9272.91 113 179 0.00191817 0.303112 0.303694 0.00192996
114 , maxErr[5] 4 0.00180168 -9260.45 -9277.09 114 179 0.00192016 0.303008 0.30359 0.00192996
115 , maxErr[5] 4 0.00180168 -9264.17 -9280.81 115 179 0.00192189 0.302916 0.303499 0.00192996
116 , maxErr[5] 4 0.00180168 -9267.44 -9284.09 116 179 0.00192336 0.302836 0.303419 0.00192996
117 , maxErr[5] 4 0.00180168 -9270.26 -9286.91 117 179 0.00192455 0.302768 0.303351 0.00192996
118 , maxErr[5] 4 0.00180168 -9272.63 -9289.28 118 179 0.00192547 0.302712 0.303295 0.00192996
119 , maxErr[5] 4 0.00180168 -9274.54 -9291.19 119 179 nan 0 0 0.00192996
120 , maxErr[5] 3 0.00180168 -9219.02 -9235.61 120 179 nan 0 0 0.00192996
121 , maxErr[5] 3 0.00180168 -9220.02 -9236.61 121 179 nan 0 0 0.00192996
122 , maxErr[5] 3 0.00180168 -9221.02 -9237.6 122 179 nan 0 0 0.00192996
123 , maxErr[5] 3 0.00180168 -9221.5 -9238.08 123 179 nan 0 0 0.00192996
124 , maxErr[5] 3 0.00180168 -9221.6 -9238.18 124 179 nan 0 0 0.00192996
125 , maxErr[5] 3 0.00180168 -9221.7 -9238.28 125 179 nan 0 0 0.00192996
126 , maxErr[5] 3 0.00180168 -9221.8 -9238.38 126 179 nan 0 0 0.00192996
127 , maxErr[5] 4 0.00180168 -9221.32 -9237.91 127 179 nan 0 0 0.00192996
128 , maxErr[5] 4 0.00180168 -9224.62 -9241.21 128 179 nan 0 0 0.00192996
129 , maxErr[5] 4 0.00180168 -9227.9 -9244.49 129 179 nan 0 0 0.00192996
130 , maxErr[5] 4 0.00180168 -9231.16 -9247.76 130 179 0.00190386 0.303786 0.304364 0.00192996
131 , maxErr[5] 4 0.00180168 -9234.2 -9250.8 131 179 0.00190515 0.303712 0.304291 0.00192996
132 , maxErr[5] 4 0.00180168 -9236.79 -9253.39 132 179 0.00190618 0.206561 0.206955 0.00192996
133 , maxErr[5] 4 0.00180168 -9239 -9255.6 133 179 nan 0 0 0.00192996
134 , maxErr[5] 3 0.00180168 -9219.02 -9235.61 134 179 nan 0 0 0.00192996
135 , maxErr[5] 3 0.00180168 -9220.02 -9236.61 135 179 nan 0 0 0.00192996
136 , maxErr[5] 3 0.00180168 -9221.02 -9237.6 136 179 nan 0 0 0.00192996
137 , maxErr[5] 3 0.00180168 -9221.5 -9238.08 137 179 nan 0 0 0.00192996
138 , maxErr[5] 3 0.00180168 -9221.6 -9238.18 138 179 nan 0 0 0.00192996
139 , maxErr[5] 3 0.00180168 -9221.7 -9238.28 139 179 nan 0 0 0.00192996
140 , maxErr[5] 3 0.00180168 -9221.8 -9238.38 140 179 0.00192486 -0.0690624 -0.0691953 0.00192996
141 , maxErr[5] 2 0.00180168 -9119.48 -9135.89 141 179 0.00189948 -0.069985 -0.070118 0.00192996
142 , maxErr[5] 2 0.00180168 -9119.55 -9135.96 142 179 0.00190661 -0.0697235 -0.0698565 0.00192996
143 , maxErr[5] 2 0.00180168 -9119.45 -9135.86 143 179 nan 0 0 0.00192996
144 , maxErr[5] 2 0.00180168 -9200.33 -9216.89 144 179 0.00194329 -0.0686204 -0.0687538 0.00194329
145 , maxErr[5] 2 0.00180168 -9145.74 -9162.2 145 179 0.00190209 -0.141986 -0.142256 0.00194329
146 , maxErr[5] 2 0.00180168 -9182.69 -9199.23 146 179 0.0019014 -0.140701 -0.140969 0.00194329
147 , maxErr[5] 2 0.00180186 -9094.65 -9111.04 147 179 0.0019432 -0.0686238 -0.0687572 0.00194329
148 , maxErr[5] 2 0.00180186 -9146.58 -9163.03 148 179 0.00191744 -0.0693231 -0.069456 0.00194329
149 , maxErr[5] 2 0.00180186 -9115.55 -9131.96 149 179 0.00192651 -0.0691512 -0.0692845 0.00194329
150 , maxErr[5] 2 0.00180186 -9138.73 -9155.17 150 179 0.00192368 -0.0692531 -0.0693863 0.00194329
151 , maxErr[5] 2 0.00180186 -9138.44 -9154.88 151 179 0.00191857 -0.0694377 -0.0695709 0.00194329
152 , maxErr[5] 2 0.00180186 -9138.23 -9154.67 152 179 0.00191744 -0.0693233 -0.0694562 0.00194329
153 , maxErr[5] 2 0.00180186 -9115.59 -9131.99 153 179 nan 0 0 0.00194329
154 , maxErr[5] 4 0.00180186 -9223.43 -9240.02 154 179 0.00190394 -0.0697216 -0.0698544 0.00194329
155 , maxErr[5] 2 0.00180186 -9105.4 -9121.78 155 179 0.0019036 -0.0697342 -0.069867 0.00194329
156 , maxErr[5] 2 0.00180186 -9104.73 -9121.11 156 179 0.0019242 -0.0689876 -0.0691204 0.00194329
157 , maxErr[5] 2 0.00180186 -9105.69 -9122.07 157 179 0.00194332 -0.0686194 -0.0687527 0.00194332
158 , maxErr[5] 2 0.00180186 -9145.48 -9161.94 158 179 0.00189822 -0.0701917 -0.070325 0.00194332
159 , maxErr[5] 2 0.00180186 -9140.68 -9157.12 159 179 0.00190452 -0.0699594 -0.0700926 0.00194332
160 , maxErr[5] 2 0.00180186 -9139.72 -9156.16 160 179 0.00192993 -0.0690384 -0.0691716 0.00194332
161 , maxErr[5] 2 0.00180186 -9140.55 -9156.99 161 179 0.00191124 -0.0697391 -0.0698724 0.00194332
162 , maxErr[5] 2 0.00180186 -9140.45 -9156.91 162 179 0.00191886 -0.069164 -0.0692967 0.00194332
163 , maxErr[5] 2 0.00180186 -9104.36 -9120.74 163 179 0.00192504 -0.0689418 -0.0690745 0.00194332
164 , maxErr[5] 2 0.00180186 -9104.62 -9121 164 179 0.00192686 -0.0688768 -0.0690095 0.00194332
165 , maxErr[5] 2 0.00180186 -9104.71 -9121.09 165 179 0.00190293 -0.0698261 -0.069959 0.00194332
166 , maxErr[5] 2 0.00180186 -9111.31 -9127.71 166 179 0.00192693 -0.069171 -0.0693043 0.00194332
167 , maxErr[5] 2 0.00180186 -9141.49 -9157.94 167 179 0.00190782 -0.0703149 -0.070449 0.00194332
168 , maxErr[5] 2 0.00180186 -9200.4 -9216.96 168 179 0.00190741 -0.141958 -0.142229 0.00194332
169 , maxErr[5] 2 0.00180186 -9216.25 -9232.84 169 179 0.00191143 -0.0697126 -0.0698458 0.00194332
170 , maxErr[5] 2 0.00180186 -9137.18 -9153.63 170 179 0.0019029 -0.0698272 -0.0699601 0.00194332
171 , maxErr[5] 2 0.00180186 -9111.58 -9127.98 171 179 0.00190155 -0.14109 -0.141358 0.00194332
172 , maxErr[5] 2 0.00180186 -9121.52 -9137.95 172 179 0.00190782 -0.0703147 -0.0704488 0.00194332
173 , maxErr[5] 2 0.00180186 -9200.36 -9216.92 173 179 0.00192972 -0.0694976 -0.0696317 0.00194332
174 , maxErr[5] 2 0.00180186 -9197.4 -9213.96 174 179 0.00192495 -0.0691372 -0.0692703 0.00194332
175 , maxErr[5] 2 0.00180186 -9128.79 -9145.21 175 179 0.0019433 -0.0684844 -0.0686175 0.00194332
176 , maxErr[5] 2 0.00180186 -9128.81 -9145.23 176 179 0.00191879 -0.0693592 -0.0694923 0.00194332
177 , maxErr[5] 2 0.00180186 -9128.52 -9144.94 177 179 0.00190317 -0.14209 -0.14236 0.00194332
178 , maxErr[5] 2 0.00180186 -9198.69 -9215.26 178 179 0.00190683 0.150407 0.150694 0.00194332
179 , maxErr[5] 4 0.00180186 -9239.96 -9256.57 179 179



0 0 0 0 0 0.00194332 0 an: 0 an_old: 0 gco2: 0 gco2_old> 0 ci: 0 ci_old:0 0 0 ks: 0 ksold: 0
1 0 0 0 0 0.00194332 0 an: 0 an_old: 0 gco2: 0 gco2_old> 0 ci: 0 ci_old:0 0 0 ks: 0 ksold: 0
2 0 0 0 0 0.00194332 0 an: 0 an_old: 0 gco2: 0 gco2_old> 0 ci: 0 ci_old:0 0 0 ks: 0 ksold: 0
3 0 0 0 0 0.00194332 0 an: 0 an_old: 0 gco2: 0 gco2_old> 0 ci: 0 ci_old:0 0 0 ks: 0 ksold: 0
4 0.00297983 0.00431947 0.00273802 0.00259372 0.00194332 0.00193126 an: 8.16601e-06 an_old: 8.19035e-06 gco2: 0.0347143 gco2_old> 0.0348642 ci: 0.000114711 ci_old:0.000115025 -11419.1 -11389.5 ks: 8.37885e-08 ksold: 8.39503e-08
5 0.00298407 0.0043233 0.0027398 0.00259372 0.00194332 0.00193406 an: 8.16032e-06 an_old: 8.18467e-06 gco2: 0.0346792 gco2_old> 0.0348292 ci: 0.000114637 ci_old:0.000114951 -11423.4 -11393.8 ks: 8.37505e-08 ksold: 8.39125e-08
6 0.0029879 0.00432675 0.00274138 0.00259372 0.00194332 0.00193659 an: 8.1551e-06 an_old: 8.17946e-06 gco2: 0.0346472 gco2_old> 0.0347971 ci: 0.00011457 ci_old:0.000114884 -11427.3 -11397.7 ks: 8.37157e-08 ksold: 8.38779e-08
7 0.00299134 0.0043298 0.00274276 0.00259372 0.00194332 0.00193886 an: 8.15036e-06 an_old: 8.17474e-06 gco2: 0.0346181 gco2_old> 0.034768 ci: 0.000114509 ci_old:0.000114823 -11430.9 -11401.3 ks: 8.36842e-08 ksold: 8.38464e-08
8 0.00299436 0.00433246 0.00274395 0.00259372 0.00194332 0.00194086 an: 8.1461e-06 an_old: 8.1705e-06 gco2: 0.034592 gco2_old> 0.0347419 ci: 0.000114454 ci_old:0.000114769 -11434.1 -11404.5 ks: 8.36558e-08 ksold: 8.38182e-08
9 0.00299699 0.00433473 0.00274495 0.00259372 0.00194332 0.00194259 an: 8.14233e-06 an_old: 8.16674e-06 gco2: 0.0345689 gco2_old> 0.0347187 ci: 0.000114406 ci_old:0.00011472 -11437 -11407.3 ks: 8.36306e-08 ksold: 8.37931e-08
10 0.0029992 0.0043366 0.00274575 0.00259372 0.00194332 0.00194406 an: 8.13905e-06 an_old: 8.16346e-06 gco2: 0.0345487 gco2_old> 0.0346986 ci: 0.000114364 ci_old:0.000114678 -11439.4 -11409.8 ks: 8.36087e-08 ksold: 8.37713e-08
11 0.00300101 0.00433808 0.00274636 0.00259372 0.00194332 0.00194526 an: 8.13625e-06 an_old: 8.16067e-06 gco2: 0.0345316 gco2_old> 0.0346814 ci: 0.000114328 ci_old:0.000114642 -11441.6 -11411.9 ks: 8.35901e-08 ksold: 8.37527e-08
12 0.0030024 0.00433916 0.00274677 0.00259372 0.00194332 0.00194618 an: 8.13394e-06 an_old: 8.15836e-06 gco2: 0.0345174 gco2_old> 0.0346672 ci: 0.000114298 ci_old:0.000114612 -11443.3 -11413.6 ks: 8.35747e-08 ksold: 8.37373e-08
13 0.0030024 0.00433916 0.00274677 0.00259372 0.00194332 0.00194618 an: 0 an_old: 0 gco2: 0 gco2_old> 0 ci: 0 ci_old:0 0 0 ks: 0 ksold: 0
14 0.0030024 0.00433916 0.00274677 0.00259372 0.00194332 0.00194618 an: 0 an_old: 0 gco2: 0 gco2_old> 0 ci: 0 ci_old:0 0 0 ks: 0 ksold: 0
15 0.0030024 0.00433916 0.00274677 0.00259372 0.00194332 0.00194618 an: 0 an_old: 0 gco2: 0 gco2_old> 0 ci: 0 ci_old:0 0 0 ks: 0 ksold: 0
16 0.0030024 0.00433916 0.00274677 0.00259372 0.00194332 0.00194618 an: 0 an_old: 0 gco2: 0 gco2_old> 0 ci: 0 ci_old:0 0 0 ks: 0 ksold: 0
17 0.0030024 0.00433916 0.00274677 0.00259372 0.00194332 0.00194618 an: 8.17801e-06 an_old: 8.2023e-06 gco2: 0.0347882 gco2_old> 0.0349381 ci: 0.000114866 ci_old:0.000115179 -11410 -11380.4 ks: 8.38684e-08 ksold: 8.40298e-08
18 0.0030024 0.00433916 0.00274677 0.00259372 0.00194332 0.00194618 an: 8.17498e-06 an_old: 8.19927e-06 gco2: 0.0347695 gco2_old> 0.0349194 ci: 0.000114826 ci_old:0.00011514 -11412.3 -11382.7 ks: 8.38482e-08 ksold: 8.40097e-08
19 0.0030024 0.00433916 0.00274677 0.00259372 0.00194332 0.00194618 an: 8.1724e-06 an_old: 8.1967e-06 gco2: 0.0347536 gco2_old> 0.0349035 ci: 0.000114793 ci_old:0.000115107 -11414.2 -11384.6 ks: 8.3831e-08 ksold: 8.39926e-08
20 0.0030024 0.00433916 0.00274677 0.00259372 0.00194332 0.00194618 an: 0 an_old: 0 gco2: 0 gco2_old> 0 ci: 0 ci_old:0 0 0 ks: 0 ksold: 0
21 0.0030024 0.00433916 0.00274677 0.00259372 0.00194332 0.00194618 an: 8.17071e-06 an_old: 8.19501e-06 gco2: 0.0347432 gco2_old> 0.034893 ci: 0.000114771 ci_old:0.000115085 -11415.5 -11385.9 ks: 8.38198e-08 ksold: 8.39813e-08
