psi err 

0 , maxErr[5] 2 5.16856 -18998.7 -3079.93 0 624 nan 0 0 0
1 , maxErr[5] 2 5.16856 -18857.6 -3063.88 1 624 nan 0 0 0
2 , maxErr[5] 2 5.16856 -18595.3 -3034.85 2 624 0.892502 -0.140973 -0.0151544 8.30249
3 , maxErr[5] 2 5.16856 -18553.3 -3029.2 3 624 0.892486 -0.140976 -0.0151569 8.30249
4 , maxErr[5] 2 5.16856 -18554 -3029.83 4 624 0.892507 -0.140972 -0.0151535 8.30296
5 , maxErr[5] 2 5.16856 -18553.1 -3028.98 5 624 0.892507 -0.140972 -0.0151535 8.30296
6 , maxErr[5] 2 5.16856 -18553.1 -3028.99 6 624 nan 0 0 8.30296
7 , maxErr[5] 2 5.16856 -18542.6 -3028.37 7 624 nan 0 0 8.30296
8 , maxErr[5] 2 5.16856 -18489.9 -3021.83 8 624 nan 0 0 8.30296
9 , maxErr[5] 2 5.16856 -18437.2 -3015.27 9 624 nan 0 0 8.30296
10 , maxErr[5] 2 5.16856 -18384.5 -3008.78 10 624 0.89246 -0.139187 -0.0149681 8.30296
11 , maxErr[5] 2 5.16856 -18320 -2999.8 11 624 nan 0 0 8.30296
12 , maxErr[5] 2 5.16856 -18595.2 -3034.8 12 624 0.892497 -0.140974 -0.0151551 8.30296
13 , maxErr[5] 2 5.16856 -18553.6 -3029.43 13 624 0.892458 -0.14098 -0.0151612 8.30296
14 , maxErr[5] 2 5.16856 -18553 -3028.9 14 624 0.892507 -0.140972 -0.0151535 8.30296
15 , maxErr[5] 2 5.16856 -18553.2 -3029.04 15 624 0.892459 -0.14098 -0.0151612 8.30296
16 , maxErr[5] 2 5.16856 -18553 -3028.89 16 624 nan 0 0 8.30296
17 , maxErr[5] 2 5.16856 -18542.5 -3028.25 17 624 nan 0 0 8.30296
18 , maxErr[5] 2 5.16856 -18489.8 -3021.73 18 624 nan 0 0 8.30296
19 , maxErr[5] 2 5.16856 -18437.1 -3015.23 19 624 nan 0 0 8.30296
20 , maxErr[5] 2 5.16856 -18384.4 -3008.72 20 624 0.89246 -0.139187 -0.0149682 8.30296
21 , maxErr[5] 2 5.16856 -18320 -2999.88 21 624 nan 0 0 8.30296
22 , maxErr[5] 2 5.16856 -18595.3 -3034.85 22 624 0.892501 -0.140973 -0.0151544 8.30296
23 , maxErr[5] 2 5.16856 -18553.4 -3029.23 23 624 0.892504 -0.140973 -0.015154 8.30296
24 , maxErr[5] 2 5.16856 -18553.3 -3029.12 24 624 0.8925 -0.140973 -0.0151547 8.30296
25 , maxErr[5] 2 5.16856 -18553.4 -3029.29 25 624 0.892508 -0.140972 -0.0151534 8.30299
26 , maxErr[5] 2 5.16856 -18553.1 -3028.97 26 624 nan 0 0 8.30299
27 , maxErr[5] 2 5.16856 -18542.6 -3028.35 27 624 nan 0 0 8.30299
28 , maxErr[5] 2 5.16856 -18490 -3021.95 28 624 nan 0 0 8.30299
29 , maxErr[5] 2 5.16856 -18437.5 -3015.57 29 624 nan 0 0 8.30299
30 , maxErr[5] 2 5.16856 -18384.8 -3009.05 30 624 0.892499 -0.139181 -0.0149621 8.30299
31 , maxErr[5] 2 5.16856 -18320.2 -3000.09 31 624 nan 0 0 8.30299
32 , maxErr[5] 2 5.16856 -18743 -3050.71 32 624 nan 0 0 8.30299
33 , maxErr[5] 2 5.16856 -18482.9 -3022.37 33 624 0.892507 -0.140099 -0.0150596 8.30299
34 , maxErr[5] 2 5.16856 -18447.8 -3018.06 34 624 0.892478 -0.140104 -0.0150643 8.30299
35 , maxErr[5] 2 5.16856 -18449 -3019.22 35 624 0.892508 -0.140099 -0.0150595 8.30303
36 , maxErr[5] 2 5.16856 -18447.8 -3018.03 36 624 0.892502 -0.1401 -0.0150604 8.30303
37 , maxErr[5] 2 5.16856 -18448 -3018.26 37 624 nan 0 0 8.30303
38 , maxErr[5] 2 5.16856 -18430.6 -3015.95 38 624 nan 0 0 8.30303
39 , maxErr[5] 2 5.16856 -18378.2 -3009.52 39 624 nan 0 0 8.30303
40 , maxErr[5] 2 5.16856 -18326 -3003.21 40 624 nan 0 0 8.30303
41 , maxErr[5] 2 5.16856 -18273.6 -2996.69 41 624 0.892463 -0.138322 -0.0148747 8.30303
42 , maxErr[5] 2 5.16856 -18215.3 -2988.61 42 624 nan 0 0 8.30303
43 , maxErr[5] 2 5.16856 -18482.3 -3021.84 43 624 0.892499 -0.1401 -0.0150609 8.30303
44 , maxErr[5] 2 5.16856 -18446.6 -3016.86 44 624 0.892494 -0.140101 -0.0150616 8.30303
45 , maxErr[5] 2 5.16856 -18446.8 -3017.04 45 624 0.892494 -0.140101 -0.0150618 8.30303
46 , maxErr[5] 2 5.16856 -18446.8 -3017.08 46 624 0.892495 -0.140101 -0.0150615 8.30303
47 , maxErr[5] 2 5.16856 -18446.8 -3017.01 47 624 nan 0 0 8.30303
48 , maxErr[5] 2 5.16856 -18429.9 -3015.31 48 624 nan 0 0 8.30303
49 , maxErr[5] 2 5.16856 -18377.5 -3008.78 49 624 nan 0 0 8.30303
50 , maxErr[5] 2 5.16856 -18325.1 -3002.27 50 624 nan 0 0 8.30303
51 , maxErr[5] 2 5.16856 -18272.7 -2995.75 51 624 0.892458 -0.138323 -0.0148755 8.30303
52 , maxErr[5] 2 5.16856 -18214.4 -2987.69 52 624 nan 0 0 8.30303
53 , maxErr[5] 2 5.16856 -18482.5 -3022 53 624 0.892464 -0.140106 -0.0150664 8.30303
54 , maxErr[5] 2 5.16856 -18447.8 -3018.05 54 624 0.89249 -0.140102 -0.0150624 8.30303
55 , maxErr[5] 2 5.16856 -18446.8 -3017.06 55 624 0.892467 -0.140105 -0.015066 8.30303
56 , maxErr[5] 2 5.16856 -18447.7 -3017.95 56 624 0.892509 -0.140099 -0.0150594 8.30306
57 , maxErr[5] 2 5.16856 -18448.1 -3018.39 57 624 nan 0 0 8.30306
58 , maxErr[5] 2 5.16856 -18430.1 -3015.51 58 624 nan 0 0 8.30306
59 , maxErr[5] 2 5.16856 -18377.8 -3009.04 59 624 nan 0 0 8.30306
60 , maxErr[5] 2 5.16856 -18325.7 -3002.91 60 624 nan 0 0 8.30306
61 , maxErr[5] 2 5.16856 -18273.5 -2996.55 61 624 0.892471 -0.138321 -0.0148735 8.30306
62 , maxErr[5] 2 5.16856 -18215.1 -2988.45 62 624 nan 0 0 8.30306
63 , maxErr[5] 2 5.16856 -18654.8 -3040.34 63 624 nan 0 0 8.30306
64 , maxErr[5] 2 5.16856 -18395.8 -3011.98 64 624 0.892506 -0.139439 -0.0149888 8.30306
65 , maxErr[5] 2 5.16856 -18367.6 -3008.68 65 624 0.892465 -0.139445 -0.0149953 8.30306
66 , maxErr[5] 2 5.16856 -18367.2 -3008.22 66 624 0.892472 -0.139444 -0.0149942 8.30306
67 , maxErr[5] 2 5.16856 -18366.9 -3007.95 67 624 0.892469 -0.139445 -0.0149946 8.30306
68 , maxErr[5] 2 5.16856 -18367 -3008.06 68 624 nan 0 0 8.30306
69 , maxErr[5] 2 5.16856 -18343.6 -3005.5 69 624 nan 0 0 8.30306
70 , maxErr[5] 2 5.16856 -18291.5 -2999.05 70 624 nan 0 0 8.30306
71 , maxErr[5] 2 5.16856 -18239.4 -2992.68 71 624 nan 0 0 8.30306
72 , maxErr[5] 2 5.16856 -18187.3 -2986.26 72 624 0.892465 -0.137668 -0.0148041 8.30306
73 , maxErr[5] 2 5.16856 -18135.9 -2979.33 73 624 nan 0 0 8.30306
74 , maxErr[5] 2 5.16856 -18395.9 -3012.17 74 624 0.892503 -0.139439 -0.0149893 8.30306
75 , maxErr[5] 2 5.16856 -18367.5 -3008.61 75 624 0.89246 -0.139446 -0.014996 8.30306
76 , maxErr[5] 2 5.16856 -18367.2 -3008.22 76 624 0.892489 -0.139441 -0.0149915 8.30306
77 , maxErr[5] 2 5.16856 -18368.1 -3009.15 77 624 0.892462 -0.139446 -0.0149958 8.30306
78 , maxErr[5] 2 5.16856 -18367.1 -3008.15 78 624 nan 0 0 8.30306
79 , maxErr[5] 2 5.16856 -18343.8 -3005.72 79 624 nan 0 0 8.30306
80 , maxErr[5] 2 5.16856 -18291.8 -2999.41 80 624 nan 0 0 8.30306
81 , maxErr[5] 2 5.16856 -18239.7 -2992.96 81 624 nan 0 0 8.30306
82 , maxErr[5] 2 5.16856 -18187.6 -2986.51 82 624 0.89246 -0.137669 -0.0148049 8.30306
83 , maxErr[5] 2 5.16856 -18135.8 -2979.26 83 624 nan 0 0 8.30306
84 , maxErr[5] 2 5.16856 -18395.4 -3011.6 84 624 0.892478 -0.139443 -0.0149932 8.30306
85 , maxErr[5] 2 5.16856 -18367 -3008.08 85 624 0.892492 -0.139441 -0.0149911 8.30306
86 , maxErr[5] 2 5.16856 -18366.5 -3007.57 86 624 0.892486 -0.139442 -0.014992 8.30306
87 , maxErr[5] 2 5.16856 -18366.7 -3007.79 87 624 0.892487 -0.139442 -0.0149918 8.30306
88 , maxErr[5] 2 5.16856 -18366.7 -3007.75 88 624 nan 0 0 8.30306
89 , maxErr[5] 2 5.16856 -18343.3 -3005.23 89 624 nan 0 0 8.30306
90 , maxErr[5] 2 5.16856 -18291.6 -2999.19 90 624 nan 0 0 8.30306
91 , maxErr[5] 2 5.16856 -18240 -2993.23 91 624 nan 0 0 8.30306
92 , maxErr[5] 2 5.16856 -18188 -2986.97 92 624 0.892487 -0.137665 -0.0148008 8.30306
93 , maxErr[5] 2 5.16856 -18136.4 -2979.83 93 624 nan 0 0 8.30306
94 , maxErr[5] 2 5.16856 -18593 -3032.88 94 624 nan 0 0 8.30306
95 , maxErr[5] 2 5.16856 -18540.8 -3026.69 95 624 nan 0 0 8.30306
96 , maxErr[5] 2 5.16856 -18488.1 -3020.15 96 624 nan 0 0 8.30306
97 , maxErr[5] 2 5.16856 -18436 -3014.08 97 624 nan 0 0 8.30306
98 , maxErr[5] 2 5.16856 -18383.6 -3007.79 98 624 nan 0 0 8.30306
99 , maxErr[5] 2 5.16856 -18331.3 -3001.52 99 624 0.892469 -0.13887 -0.0149329 8.30306
100 , maxErr[5] 2 5.16856 -18286.6 -2995.63 100 624 nan 0 0 8.30306
101 , maxErr[5] 2 5.16856 -18540.7 -3026.6 101 624 nan 0 0 8.30306
102 , maxErr[5] 2 5.16856 -18488.3 -3020.3 102 624 nan 0 0 8.30306
103 , maxErr[5] 2 5.16856 -18435.9 -3013.98 103 624 nan 0 0 8.30306
104 , maxErr[5] 2 5.16856 -18383.4 -3007.56 104 624 nan 0 0 8.30306
105 , maxErr[5] 2 5.16856 -18330.8 -3001.03 105 624 0.89245 -0.138873 -0.0149359 8.30306
106 , maxErr[5] 2 5.16856 -18285.8 -2994.8 106 624 nan 0 0 8.30306
107 , maxErr[5] 2 5.16856 -18541 -3026.97 107 624 nan 0 0 8.30306
108 , maxErr[5] 2 5.16856 -18488.8 -3020.82 108 624 nan 0 0 8.30306
109 , maxErr[5] 2 5.16856 -18436.2 -3014.27 109 624 nan 0 0 8.30306
110 , maxErr[5] 2 5.16856 -18383.7 -3007.89 110 624 nan 0 0 8.30306
111 , maxErr[5] 2 5.16856 -18331.3 -3001.56 111 624 0.892473 -0.138869 -0.0149322 8.30306
112 , maxErr[5] 2 5.16856 -18286.4 -2995.41 112 624 nan 0 0 8.30306
113 , maxErr[5] 2 5.16856 -18536.4 -3025.92 113 624 nan 0 0 8.30306
114 , maxErr[5] 2 5.16856 -18483.9 -3019.4 114 624 nan 0 0 8.30306
115 , maxErr[5] 2 5.16856 -18431.4 -3012.89 115 624 nan 0 0 8.30306
116 , maxErr[5] 2 5.16856 -18379 -3006.36 116 624 nan 0 0 8.30306
117 , maxErr[5] 2 5.16856 -18326.6 -2999.96 117 624 nan 0 0 8.30306
118 , maxErr[5] 2 5.16856 -18274.4 -2993.68 118 624 0.89246 -0.138469 -0.0148909 8.30306
119 , maxErr[5] 2 5.16856 -18237.6 -2988.73 119 624 nan 0 0 8.30306
120 , maxErr[5] 2 5.16856 -18484.1 -3019.63 120 624 nan 0 0 8.30306
121 , maxErr[5] 2 5.16856 -18431.7 -3013.12 121 624 nan 0 0 8.30306
122 , maxErr[5] 2 5.16856 -18379.3 -3006.67 122 624 nan 0 0 8.30306
123 , maxErr[5] 2 5.16856 -18326.9 -3000.24 123 624 nan 0 0 8.30306
124 , maxErr[5] 2 5.16856 -18274.5 -2993.76 124 624 0.892456 -0.138469 -0.0148915 8.30306
125 , maxErr[5] 2 5.16856 -18237.7 -2988.79 125 624 nan 0 0 8.30306
126 , maxErr[5] 2 5.16856 -18484 -3019.49 126 624 nan 0 0 8.30306
127 , maxErr[5] 2 5.16856 -18431.6 -3013.04 127 624 nan 0 0 8.30306
128 , maxErr[5] 2 5.16856 -18379.4 -3006.73 128 624 nan 0 0 8.30306
129 , maxErr[5] 2 5.16856 -18327.1 -3000.43 129 624 nan 0 0 8.30306
130 , maxErr[5] 2 5.16856 -18275.6 -2994.82 130 624 0.892454 -0.138469 -0.0148918 8.30306
131 , maxErr[5] 2 5.16856 -18238.7 -2989.86 131 624 nan 0 0 8.30306
132 , maxErr[5] 2 5.16856 -18484.9 -3019.52 132 624 nan 0 0 8.30306
133 , maxErr[5] 2 5.16856 -18432.9 -3013.28 133 624 nan 0 0 8.30306
134 , maxErr[5] 2 5.16856 -18380.6 -3006.87 134 624 nan 0 0 8.30306
135 , maxErr[5] 2 5.16856 -18328.5 -3000.53 135 624 nan 0 0 8.30306
136 , maxErr[5] 2 5.16856 -18276.4 -2994.24 136 624 nan 0 0 8.30306
137 , maxErr[5] 2 5.16856 -18224.3 -2987.99 137 624 0.892468 -0.13811 -0.0148513 8.30306
138 , maxErr[5] 2 5.16856 -18196.4 -2984.31 138 624 nan 0 0 8.30306
139 , maxErr[5] 2 5.16856 -18432.7 -3013.12 139 624 nan 0 0 8.30306
140 , maxErr[5] 2 5.16856 -18380.7 -3006.97 140 624 nan 0 0 8.30306
141 , maxErr[5] 2 5.16856 -18328.6 -3000.68 141 624 nan 0 0 8.30306
142 , maxErr[5] 2 5.16856 -18276.4 -2994.24 142 624 nan 0 0 8.30306
143 , maxErr[5] 2 5.16856 -18224.1 -2987.77 143 624 0.892487 -0.138108 -0.0148483 8.30306
144 , maxErr[5] 2 5.16856 -18195.9 -2983.8 144 624 nan 0 0 8.30306
145 , maxErr[5] 2 5.16856 -18433.1 -3013.54 145 624 nan 0 0 8.30306
146 , maxErr[5] 2 5.16856 -18381 -3007.2 146 624 nan 0 0 8.30306
147 , maxErr[5] 2 5.16856 -18328.8 -3000.84 147 624 nan 0 0 8.30306
148 , maxErr[5] 2 5.16856 -18276.5 -2994.37 148 624 nan 0 0 8.30306
149 , maxErr[5] 2 5.16856 -18224.2 -2987.89 149 624 0.892478 -0.138109 -0.0148498 8.30306
150 , maxErr[5] 2 5.16856 -18196.2 -2984.05 150 624 nan 0 0 8.30306
151 , maxErr[5] 2 5.16856 -18438.8 -3013.76 151 624 nan 0 0 8.30306
152 , maxErr[5] 2 5.16856 -18386.5 -3007.26 152 624 nan 0 0 8.30306
153 , maxErr[5] 2 5.16856 -18334.2 -3000.79 153 624 nan 0 0 8.30306
154 , maxErr[5] 2 5.16856 -18281.8 -2994.31 154 624 nan 0 0 8.30306
155 , maxErr[5] 2 5.16856 -18229.5 -2987.8 155 624 0.892464 -0.138168 -0.014858 8.30306
156 , maxErr[5] 2 5.16856 -18202.8 -2984.05 156 624 nan 0 0 8.30306
157 , maxErr[5] 2 5.16856 -18386.9 -3007.68 157 624 nan 0 0 8.30306
158 , maxErr[5] 2 5.16856 -18334.6 -3001.2 158 624 nan 0 0 8.30306
159 , maxErr[5] 2 5.16856 -18282.2 -2994.71 159 624 nan 0 0 8.30306
160 , maxErr[5] 2 5.16856 -18229.9 -2988.19 160 624 0.892498 -0.138162 -0.0148528 8.30306
161 , maxErr[5] 2 5.16856 -18203.2 -2984.43 161 624 nan 0 0 8.30306
162 , maxErr[5] 2 5.16856 -18386.9 -3007.69 162 624 nan 0 0 8.30306
163 , maxErr[5] 2 5.16856 -18334.6 -3001.22 163 624 nan 0 0 8.30306
164 , maxErr[5] 2 5.16856 -18282.2 -2994.71 164 624 nan 0 0 8.30306
165 , maxErr[5] 2 5.16856 -18229.9 -2988.2 165 624 0.892495 -0.138163 -0.0148532 8.30306
166 , maxErr[5] 2 5.16856 -18203.3 -2984.54 166 624 nan 0 0 8.30306
167 , maxErr[5] 2 5.16856 -18397.8 -3008.47 167 624 nan 0 0 8.30306
168 , maxErr[5] 2 5.16856 -18345.6 -3001.98 168 624 nan 0 0 8.30306
169 , maxErr[5] 2 5.16856 -18293.5 -2995.63 169 624 nan 0 0 8.30306
170 , maxErr[5] 2 5.16856 -18241.4 -2989.28 170 624 nan 0 0 8.30306
171 , maxErr[5] 2 5.16856 -18189.3 -2982.89 171 624 0.892494 -0.137843 -0.014819 8.30306
172 , maxErr[5] 2 5.16856 -18162.9 -2979.33 172 624 nan 0 0 8.30306
173 , maxErr[5] 2 5.16856 -18345.7 -3002.05 173 624 nan 0 0 8.30306
174 , maxErr[5] 2 5.16856 -18293.9 -2996 174 624 nan 0 0 8.30306
175 , maxErr[5] 2 5.16856 -18241.9 -2989.73 175 624 nan 0 0 8.30306
176 , maxErr[5] 2 5.16856 -18189.9 -2983.45 176 624 0.892468 -0.137847 -0.014823 8.30306
177 , maxErr[5] 2 5.16856 -18163.3 -2979.76 177 624 nan 0 0 8.30306
178 , maxErr[5] 2 5.16856 -18345.6 -3001.96 178 624 nan 0 0 8.30306
179 , maxErr[5] 2 5.16856 -18293.4 -2995.48 179 624 nan 0 0 8.30306
180 , maxErr[5] 2 5.16856 -18241.1 -2988.98 180 624 nan 0 0 8.30306
181 , maxErr[5] 2 5.16856 -18188.9 -2982.51 181 624 0.892462 -0.137848 -0.0148239 8.30306
182 , maxErr[5] 2 5.16856 -18162.4 -2978.89 182 624 nan 0 0 8.30306
183 , maxErr[5] 2 5.16856 -18362 -3003.74 183 624 nan 0 0 8.30306
184 , maxErr[5] 2 5.16856 -18309.9 -2997.37 184 624 nan 0 0 8.30306
185 , maxErr[5] 2 5.16856 -18257.6 -2990.87 185 624 nan 0 0 8.30306
186 , maxErr[5] 2 5.16856 -18205.3 -2984.35 186 624 0.892452 -0.137981 -0.0148397 8.30306
187 , maxErr[5] 2 5.16856 -18179 -2980.93 187 624 nan 0 0 8.30306
188 , maxErr[5] 2 5.16856 -18309.8 -2997.26 188 624 nan 0 0 8.30306
189 , maxErr[5] 2 5.16856 -18257.7 -2991.01 189 624 nan 0 0 8.30306
190 , maxErr[5] 2 5.16856 -18205.8 -2984.9 190 624 0.892485 -0.137976 -0.0148345 8.30306
191 , maxErr[5] 2 5.16856 -18179.2 -2981.15 191 624 nan 0 0 8.30306
192 , maxErr[5] 2 5.16856 -18309.8 -2997.29 192 624 nan 0 0 8.30306
193 , maxErr[5] 2 5.16856 -18257.6 -2990.83 193 624 nan 0 0 8.30306
194 , maxErr[5] 2 5.16856 -18205.3 -2984.33 194 624 0.892458 -0.13798 -0.0148386 8.30306
195 , maxErr[5] 2 5.16856 -18178.8 -2980.7 195 624 nan 0 0 8.30306
196 , maxErr[5] 2 5.16856 -18331.5 -2999.65 196 624 nan 0 0 8.30306
197 , maxErr[5] 2 5.16856 -18279.6 -2993.45 197 624 nan 0 0 8.30306
198 , maxErr[5] 2 5.16856 -18227.7 -2987.27 198 624 nan 0 0 8.30306
199 , maxErr[5] 2 5.16856 -18175.7 -2980.93 199 624 0.892474 -0.137741 -0.0148108 8.30306
200 , maxErr[5] 2 5.16856 -18149.1 -2977.22 200 624 nan 0 0 8.30306
201 , maxErr[5] 2 5.16856 -18279.4 -2993.27 201 624 nan 0 0 8.30306
202 , maxErr[5] 2 5.16856 -18227.2 -2986.77 202 624 nan 0 0 8.30306
203 , maxErr[5] 2 5.16856 -18175.1 -2980.36 203 624 0.89245 -0.137744 -0.0148144 8.30306
204 , maxErr[5] 2 5.16856 -18148.6 -2976.64 204 624 nan 0 0 8.30306
205 , maxErr[5] 2 5.16856 -18279.6 -2993.39 205 624 nan 0 0 8.30306
206 , maxErr[5] 2 5.16856 -18227.8 -2987.3 206 624 nan 0 0 8.30306
207 , maxErr[5] 2 5.16856 -18175.7 -2980.95 207 624 0.892474 -0.137741 -0.0148108 8.30306
208 , maxErr[5] 2 5.16856 -18149.1 -2977.2 208 624 nan 0 0 8.30306
209 , maxErr[5] 2 5.16856 -18306.1 -2996.05 209 624 nan 0 0 8.30306
210 , maxErr[5] 2 5.16856 -18254.3 -2989.92 210 624 nan 0 0 8.30306
211 , maxErr[5] 2 5.16856 -18202.1 -2983.54 211 624 0.892485 -0.137955 -0.0148322 8.30306
212 , maxErr[5] 2 5.16856 -18175.6 -2979.9 212 624 nan 0 0 8.30306
213 , maxErr[5] 2 5.16856 -18254 -2989.64 213 624 nan 0 0 8.30306
214 , maxErr[5] 2 5.16856 -18201.8 -2983.22 214 624 0.892448 -0.13796 -0.0148379 8.30306
215 , maxErr[5] 2 5.16856 -18175.3 -2979.58 215 624 nan 0 0 8.30306
216 , maxErr[5] 2 5.16856 -18254.2 -2989.87 216 624 nan 0 0 8.30306
217 , maxErr[5] 2 5.16856 -18202.5 -2983.91 217 624 0.892457 -0.137959 -0.0148365 8.30306
218 , maxErr[5] 2 5.16856 -18176.3 -2980.6 218 624 nan 0 0 8.30306
219 , maxErr[5] 2 5.16856 -18286.1 -2993.16 219 624 nan 0 0 8.30306
220 , maxErr[5] 2 5.16856 -18234 -2986.86 220 624 0.892487 -0.138213 -0.0148597 8.30306
221 , maxErr[5] 2 5.16856 -18207.6 -2983.36 221 624 nan 0 0 8.30306
222 , maxErr[5] 2 5.16856 -18234.4 -2987.28 222 624 0.892453 -0.138219 -0.014865 8.30306
223 , maxErr[5] 2 5.16856 -18208.5 -2984.28 223 624 nan 0 0 8.30306
224 , maxErr[5] 2 5.16856 -18234 -2986.92 224 624 0.892484 -0.138214 -0.0148602 8.30306
225 , maxErr[5] 2 5.16856 -18207.6 -2983.44 225 624 nan 0 0 8.30306
226 , maxErr[5] 2 5.16856 -18271.3 -2990.82 226 624 nan 0 0 8.30306
227 , maxErr[5] 2 5.16856 -18219.8 -2985.1 227 624 0.892445 -0.138107 -0.0148542 8.30306
228 , maxErr[5] 2 5.16856 -18193.5 -2981.71 228 624 nan 0 0 8.30306
229 , maxErr[5] 2 5.16856 -18219.3 -2984.58 229 624 0.892472 -0.138103 -0.0148499 8.30306
230 , maxErr[5] 2 5.16856 -18193 -2981.19 230 624 nan 0 0 8.30306
231 , maxErr[5] 2 5.16856 -18219.3 -2984.57 231 624 0.892467 -0.138104 -0.0148507 8.30306
232 , maxErr[5] 2 5.16856 -18193.2 -2981.39 232 624 nan 0 0 8.30306
233 , maxErr[5] 2 5.16856 -18261.7 -2989.02 233 624 0.892489 -0.138445 -0.0148844 8.30306
234 , maxErr[5] 2 5.16856 -18235 -2985.27 234 624 0.892489 -0.138445 -0.0148844 8.30306
235 , maxErr[5] 2 5.16856 -18235 -2985.26 235 624 0.892487 -0.138445 -0.0148847 8.30306
236 , maxErr[5] 2 5.16856 -18235.1 -2985.34 236 624 nan 0 0 8.30306
237 , maxErr[5] 2 5.16856 -18257.3 -2987.65 237 624 nan 0 0 8.30306
238 , maxErr[5] 2 5.16856 -18252.8 -2986.29 238 624 nan 0 0 8.30306
239 , maxErr[5] 2 5.16856 -18248.3 -2985.01 239 624 nan 0 0 8.30306
240 , maxErr[5] 2 5.16856 -18243.8 -2983.63 240 624 nan 0 0 8.30306
241 , maxErr[5] 2 5.16856 -18239.4 -2982.32 241 624 nan 0 0 8.30306
242 , maxErr[5] 2 5.16856 -18234.9 -2980.96 242 624 nan 0 0 8.30306
243 , maxErr[5] 2 5.16856 -18230.4 -2979.59 243 624 nan 0 0 8.30306
244 , maxErr[5] 2 5.16856 -18225.9 -2978.23 244 624 nan 0 0 8.30306
245 , maxErr[5] 2 5.16856 -18221.5 -2976.94 245 624 nan 0 0 8.30306
246 , maxErr[5] 2 5.16856 -18217 -2975.58 246 624 nan 0 0 8.30306
247 , maxErr[5] 2 5.16856 -18212.5 -2974.22 247 624 nan 0 0 8.30306
248 , maxErr[5] 2 5.16856 -18208 -2972.87 248 624 0.892453 -0.278665 -0.0299696 8.30306
249 , maxErr[5] 2 5.16856 -18205.3 -2971.69 249 624 nan 0 0 8.30306
250 , maxErr[5] 2 5.16856 -18909.3 -3069.46 250 624 nan 0 0 8.30306
251 , maxErr[5] 2 5.16856 -18646.2 -3040.36 251 624 0.892487 -0.141449 -0.0152076 8.30306
252 , maxErr[5] 2 5.16856 -18616.2 -3036.44 252 624 0.892493 -0.141448 -0.0152067 8.30306
253 , maxErr[5] 2 5.16856 -18615.9 -3036.2 253 624 0.892476 -0.141451 -0.0152094 8.30306
254 , maxErr[5] 2 5.16856 -18616.6 -3036.88 254 624 0.892485 -0.141449 -0.0152078 8.30306
255 , maxErr[5] 2 5.16856 -18616.2 -3036.49 255 624 nan 0 0 8.30306
256 , maxErr[5] 2 5.16856 -18593.5 -3034.02 256 624 nan 0 0 8.30306
257 , maxErr[5] 2 5.16856 -18540.8 -3027.66 257 624 nan 0 0 8.30306
258 , maxErr[5] 2 5.16856 -18487.9 -3021.13 258 624 nan 0 0 8.30306
259 , maxErr[5] 2 5.16856 -18435.1 -3014.6 259 624 0.892476 -0.139648 -0.0150156 8.30306
260 , maxErr[5] 2 5.16856 -18381.8 -3007.37 260 624 nan 0 0 8.30306
261 , maxErr[5] 2 5.16856 -18646.2 -3040.34 261 624 0.892496 -0.141447 -0.0152062 8.30306
262 , maxErr[5] 2 5.16856 -18615.8 -3036.11 262 624 0.89249 -0.141448 -0.0152071 8.30306
263 , maxErr[5] 2 5.16856 -18616 -3036.32 263 624 0.892491 -0.141448 -0.0152069 8.30306
264 , maxErr[5] 2 5.16856 -18616 -3036.28 264 624 0.892476 -0.141451 -0.0152093 8.30306
265 , maxErr[5] 2 5.16856 -18616.6 -3036.88 265 624 nan 0 0 8.30306
266 , maxErr[5] 2 5.16856 -18593.5 -3034 266 624 nan 0 0 8.30306
267 , maxErr[5] 2 5.16856 -18540.6 -3027.43 267 624 nan 0 0 8.30306
268 , maxErr[5] 2 5.16856 -18487.8 -3020.99 268 624 nan 0 0 8.30306
269 , maxErr[5] 2 5.16856 -18435.1 -3014.65 269 624 0.892469 -0.139649 -0.0150167 8.30306
270 , maxErr[5] 2 5.16856 -18382 -3007.6 270 624 nan 0 0 8.30306
271 , maxErr[5] 2 5.16856 -18646.1 -3040.27 271 624 0.892494 -0.141448 -0.0152064 8.30306
272 , maxErr[5] 2 5.16856 -18615.9 -3036.23 272 624 0.892494 -0.141448 -0.0152064 8.30306
273 , maxErr[5] 2 5.16856 -18616 -3036.24 273 624 0.892486 -0.141449 -0.0152077 8.30306
274 , maxErr[5] 2 5.16856 -18616.3 -3036.55 274 624 0.892491 -0.141448 -0.0152069 8.30306
275 , maxErr[5] 2 5.16856 -18616.1 -3036.36 275 624 nan 0 0 8.30306
276 , maxErr[5] 2 5.16856 -18593.6 -3034.08 276 624 nan 0 0 8.30306
277 , maxErr[5] 2 5.16856 -18540.9 -3027.8 277 624 nan 0 0 8.30306
278 , maxErr[5] 2 5.16856 -18488.2 -3021.35 278 624 nan 0 0 8.30306
279 , maxErr[5] 2 5.16856 -18435.4 -3014.87 279 624 0.892467 -0.13965 -0.015017 8.30306
280 , maxErr[5] 2 5.16856 -18381.9 -3007.44 280 624 nan 0 0 8.30306
281 , maxErr[5] 2 5.16856 -18846.5 -3061.82 281 624 nan 0 0 8.30306
282 , maxErr[5] 2 5.16856 -18793.2 -3055.2 282 624 nan 0 0 8.30306
283 , maxErr[5] 2 5.16856 -18739.8 -3048.58 283 624 nan 0 0 8.30306
284 , maxErr[5] 2 5.16856 -18686.5 -3042.02 284 624 nan 0 0 8.30306
285 , maxErr[5] 2 5.16856 -18633.2 -3035.45 285 624 nan 0 0 8.30306
286 , maxErr[5] 2 5.16856 -18579.9 -3028.86 286 624 0.892492 -0.140863 -0.0151439 8.30306
287 , maxErr[5] 2 5.16856 -18533 -3022.53 287 624 nan 0 0 8.30306
288 , maxErr[5] 2 5.16856 -18793.5 -3055.48 288 624 nan 0 0 8.30306
289 , maxErr[5] 2 5.16856 -18740.7 -3049.48 289 624 nan 0 0 8.30306
290 , maxErr[5] 2 5.16856 -18688 -3043.49 290 624 nan 0 0 8.30306
291 , maxErr[5] 2 5.16856 -18635.5 -3037.75 291 624 nan 0 0 8.30306
292 , maxErr[5] 2 5.16856 -18583 -3032 292 624 0.892458 -0.140869 -0.0151494 8.30306
293 , maxErr[5] 2 5.16856 -18537.4 -3026.89 293 624 nan 0 0 8.30306
294 , maxErr[5] 2 5.16856 -18793.6 -3055.6 294 624 nan 0 0 8.30306
295 , maxErr[5] 2 5.16856 -18740.3 -3049 295 624 nan 0 0 8.30306
296 , maxErr[5] 2 5.16856 -18687 -3042.45 296 624 nan 0 0 8.30306
297 , maxErr[5] 2 5.16856 -18633.6 -3035.83 297 624 nan 0 0 8.30306
298 , maxErr[5] 2 5.16856 -18580.4 -3029.33 298 624 0.892463 -0.140868 -0.0151485 8.30306
299 , maxErr[5] 2 5.16856 -18533.7 -3023.19 299 624 nan 0 0 8.30306
300 , maxErr[5] 2 5.16856 -18789.2 -3054.87 300 624 nan 0 0 8.30306
301 , maxErr[5] 2 5.16856 -18736.2 -3048.43 301 624 nan 0 0 8.30306
302 , maxErr[5] 2 5.16856 -18683.1 -3041.94 302 624 nan 0 0 8.30306
303 , maxErr[5] 2 5.16856 -18629.9 -3035.34 303 624 nan 0 0 8.30306
304 , maxErr[5] 2 5.16856 -18576.7 -3028.75 304 624 nan 0 0 8.30306
305 , maxErr[5] 2 5.16856 -18523.5 -3022.18 305 624 0.892473 -0.140455 -0.0151027 8.30306
306 , maxErr[5] 2 5.16856 -18484.1 -3016.71 306 624 nan 0 0 8.30306
307 , maxErr[5] 2 5.16856 -18736.2 -3048.46 307 624 nan 0 0 8.30306
308 , maxErr[5] 2 5.16856 -18683.1 -3041.94 308 624 nan 0 0 8.30306
309 , maxErr[5] 2 5.16856 -18630.2 -3035.71 309 624 nan 0 0 8.30306
310 , maxErr[5] 2 5.16856 -18577.1 -3029.18 310 624 nan 0 0 8.30306
311 , maxErr[5] 2 5.16856 -18524.1 -3022.76 311 624 0.892474 -0.140455 -0.0151026 8.30306
312 , maxErr[5] 2 5.16856 -18485.5 -3018.16 312 624 nan 0 0 8.30306
313 , maxErr[5] 2 5.16856 -18736.9 -3049.18 313 624 nan 0 0 8.30306
314 , maxErr[5] 2 5.16856 -18684.1 -3042.93 314 624 nan 0 0 8.30306
315 , maxErr[5] 2 5.16856 -18630.9 -3036.33 315 624 nan 0 0 8.30306
316 , maxErr[5] 2 5.16856 -18577.6 -3029.72 316 624 nan 0 0 8.30306
317 , maxErr[5] 2 5.16856 -18524.4 -3023.11 317 624 0.892476 -0.140455 -0.0151023 8.30306
318 , maxErr[5] 2 5.16856 -18485.1 -3017.75 318 624 nan 0 0 8.30306
319 , maxErr[5] 2 5.16856 -18737 -3048.38 319 624 nan 0 0 8.30306
320 , maxErr[5] 2 5.16856 -18684 -3041.79 320 624 nan 0 0 8.30306
321 , maxErr[5] 2 5.16856 -18631 -3035.27 321 624 nan 0 0 8.30306
322 , maxErr[5] 2 5.16856 -18578 -3028.74 322 624 nan 0 0 8.30306
323 , maxErr[5] 2 5.16856 -18525 -3022.27 323 624 nan 0 0 8.30306
324 , maxErr[5] 2 5.16856 -18472.1 -3015.81 324 624 0.892458 -0.140093 -0.0150659 8.30306
325 , maxErr[5] 2 5.16856 -18441.3 -3011.65 325 624 nan 0 0 8.30306
326 , maxErr[5] 2 5.16856 -18684.1 -3041.95 326 624 nan 0 0 8.30306
327 , maxErr[5] 2 5.16856 -18631.1 -3035.41 327 624 nan 0 0 8.30306
328 , maxErr[5] 2 5.16856 -18578 -3028.82 328 624 nan 0 0 8.30306
329 , maxErr[5] 2 5.16856 -18525 -3022.23 329 624 nan 0 0 8.30306
330 , maxErr[5] 2 5.16856 -18471.9 -3015.64 330 624 0.892471 -0.140091 -0.0150638 8.30306
331 , maxErr[5] 2 5.16856 -18440.9 -3011.3 331 624 nan 0 0 8.30306
332 , maxErr[5] 2 5.16856 -18684 -3041.82 332 624 nan 0 0 8.30306
333 , maxErr[5] 2 5.16856 -18631 -3035.32 333 624 nan 0 0 8.30306
334 , maxErr[5] 2 5.16856 -18578 -3028.75 334 624 nan 0 0 8.30306
335 , maxErr[5] 2 5.16856 -18524.9 -3022.17 335 624 nan 0 0 8.30306
336 , maxErr[5] 2 5.16856 -18472.1 -3015.78 336 624 0.892458 -0.140093 -0.0150658 8.30306
337 , maxErr[5] 2 5.16856 -18441.3 -3011.66 337 624 nan 0 0 8.30306
338 , maxErr[5] 2 5.16856 -18690.2 -3042.46 338 624 nan 0 0 8.30306
339 , maxErr[5] 2 5.16856 -18637.1 -3035.88 339 624 nan 0 0 8.30306
340 , maxErr[5] 2 5.16856 -18584 -3029.3 340 624 nan 0 0 8.30306
341 , maxErr[5] 2 5.16856 -18531 -3022.74 341 624 nan 0 0 8.30306
342 , maxErr[5] 2 5.16856 -18477.9 -3016.19 342 624 0.892468 -0.140162 -0.0150718 8.30306
343 , maxErr[5] 2 5.16856 -18451.1 -3012.59 343 624 nan 0 0 8.30306
344 , maxErr[5] 2 5.16856 -18637.1 -3035.86 344 624 nan 0 0 8.30306
345 , maxErr[5] 2 5.16856 -18584.3 -3029.62 345 624 nan 0 0 8.30306
346 , maxErr[5] 2 5.16856 -18531.5 -3023.29 346 624 nan 0 0 8.30306
347 , maxErr[5] 2 5.16856 -18478.4 -3016.69 347 624 0.8925 -0.140157 -0.0150669 8.30306
348 , maxErr[5] 2 5.16856 -18451.4 -3012.91 348 624 nan 0 0 8.30306
349 , maxErr[5] 2 5.16856 -18637.1 -3035.89 349 624 nan 0 0 8.30306
350 , maxErr[5] 2 5.16856 -18584 -3029.32 350 624 nan 0 0 8.30306
351 , maxErr[5] 2 5.16856 -18531.2 -3023.02 351 624 nan 0 0 8.30306
352 , maxErr[5] 2 5.16856 -18478.3 -3016.53 352 624 0.892455 -0.140164 -0.015074 8.30306
353 , maxErr[5] 2 5.16856 -18451.3 -3012.79 353 624 nan 0 0 8.30306
354 , maxErr[5] 2 5.16856 -18648.7 -3037.13 354 624 nan 0 0 8.30306
355 , maxErr[5] 2 5.16856 -18595.7 -3030.57 355 624 nan 0 0 8.30306
356 , maxErr[5] 2 5.16856 -18542.7 -3024 356 624 nan 0 0 8.30306
357 , maxErr[5] 2 5.16856 -18489.9 -3017.53 357 624 nan 0 0 8.30306
358 , maxErr[5] 2 5.16856 -18437 -3011.06 358 624 0.89246 -0.139839 -0.0150383 8.30306
359 , maxErr[5] 2 5.16856 -18410.1 -3007.39 359 624 nan 0 0 8.30306
360 , maxErr[5] 2 5.16856 -18595.8 -3030.66 360 624 nan 0 0 8.30306
361 , maxErr[5] 2 5.16856 -18543.2 -3024.49 361 624 nan 0 0 8.30306
362 , maxErr[5] 2 5.16856 -18490.4 -3018.1 362 624 nan 0 0 8.30306
363 , maxErr[5] 2 5.16856 -18437.7 -3011.8 363 624 0.892475 -0.139836 -0.0150358 8.30306
364 , maxErr[5] 2 5.16856 -18410.8 -3008.1 364 624 nan 0 0 8.30306
365 , maxErr[5] 2 5.16856 -18595.8 -3030.64 365 624 nan 0 0 8.30306
366 , maxErr[5] 2 5.16856 -18542.9 -3024.13 366 624 nan 0 0 8.30306
367 , maxErr[5] 2 5.16856 -18489.9 -3017.56 367 624 nan 0 0 8.30306
368 , maxErr[5] 2 5.16856 -18436.9 -3010.99 368 624 0.892462 -0.139838 -0.0150378 8.30306
369 , maxErr[5] 2 5.16856 -18410.1 -3007.35 369 624 nan 0 0 8.30306
370 , maxErr[5] 2 5.16856 -18612.4 -3032.35 370 624 nan 0 0 8.30306
371 , maxErr[5] 2 5.16856 -18559.6 -3026.01 371 624 nan 0 0 8.30306
372 , maxErr[5] 2 5.16856 -18506.7 -3019.58 372 624 nan 0 0 8.30306
373 , maxErr[5] 2 5.16856 -18453.7 -3013.01 373 624 0.8925 -0.139966 -0.0150464 8.30306
374 , maxErr[5] 2 5.16856 -18427 -3009.49 374 624 nan 0 0 8.30306
375 , maxErr[5] 2 5.16856 -18559.6 -3025.98 375 624 nan 0 0 8.30306
376 , maxErr[5] 2 5.16856 -18506.7 -3019.51 376 624 nan 0 0 8.30306
377 , maxErr[5] 2 5.16856 -18453.7 -3012.95 377 624 0.892453 -0.139973 -0.0150538 8.30306
378 , maxErr[5] 2 5.16856 -18426.8 -3009.33 378 624 nan 0 0 8.30306
379 , maxErr[5] 2 5.16856 -18559.7 -3026.09 379 624 nan 0 0 8.30306
380 , maxErr[5] 2 5.16856 -18507 -3019.85 380 624 nan 0 0 8.30306
381 , maxErr[5] 2 5.16856 -18454 -3013.33 381 624 0.89249 -0.139968 -0.015048 8.30306
382 , maxErr[5] 2 5.16856 -18427.1 -3009.57 382 624 nan 0 0 8.30306
383 , maxErr[5] 2 5.16856 -18581.4 -3028.17 383 624 nan 0 0 8.30306
384 , maxErr[5] 2 5.16856 -18528.5 -3021.64 384 624 nan 0 0 8.30306
385 , maxErr[5] 2 5.16856 -18475.8 -3015.32 385 624 nan 0 0 8.30306
386 , maxErr[5] 2 5.16856 -18423.2 -3009.04 386 624 0.892488 -0.139727 -0.0150224 8.30306
387 , maxErr[5] 2 5.16856 -18396.5 -3005.5 387 624 nan 0 0 8.30306
388 , maxErr[5] 2 5.16856 -18528.8 -3021.95 388 624 nan 0 0 8.30306
389 , maxErr[5] 2 5.16856 -18476.1 -3015.58 389 624 nan 0 0 8.30306
390 , maxErr[5] 2 5.16856 -18423.4 -3009.2 390 624 0.892483 -0.139728 -0.0150231 8.30306
391 , maxErr[5] 2 5.16856 -18396.5 -3005.51 391 624 nan 0 0 8.30306
392 , maxErr[5] 2 5.16856 -18528.6 -3021.67 392 624 nan 0 0 8.30306
393 , maxErr[5] 2 5.16856 -18475.7 -3015.17 393 624 nan 0 0 8.30306
394 , maxErr[5] 2 5.16856 -18423 -3008.79 394 624 0.892448 -0.139734 -0.0150287 8.30306
395 , maxErr[5] 2 5.16856 -18396.2 -3005.23 395 624 nan 0 0 8.30306
396 , maxErr[5] 2 5.16856 -18555.7 -3024.51 396 624 nan 0 0 8.30306
397 , maxErr[5] 2 5.16856 -18502.9 -3018.12 397 624 nan 0 0 8.30306
398 , maxErr[5] 2 5.16856 -18450.6 -3012.25 398 624 0.892475 -0.139948 -0.0150479 8.30306
399 , maxErr[5] 2 5.16856 -18423.7 -3008.57 399 624 nan 0 0 8.30306
400 , maxErr[5] 2 5.16856 -18502.9 -3018.15 400 624 nan 0 0 8.30306
401 , maxErr[5] 2 5.16856 -18449.9 -3011.62 401 624 0.892456 -0.139951 -0.0150509 8.30306
402 , maxErr[5] 2 5.16856 -18423 -3007.89 402 624 nan 0 0 8.30306
403 , maxErr[5] 2 5.16856 -18502.7 -3017.92 403 624 nan 0 0 8.30306
404 , maxErr[5] 2 5.16856 -18449.7 -3011.37 404 624 0.89247 -0.139949 -0.0150487 8.30306
405 , maxErr[5] 2 5.16856 -18422.7 -3007.61 405 624 nan 0 0 8.30306
406 , maxErr[5] 2 5.16856 -18535.4 -3021.53 406 624 nan 0 0 8.30306
407 , maxErr[5] 2 5.16856 -18482.9 -3015.42 407 624 nan 0 0 8.30306
408 , maxErr[5] 2 5.16856 -18430 -3008.92 408 624 0.892488 -0.13979 -0.0150291 8.30306
409 , maxErr[5] 2 5.16856 -18403.1 -3005.21 409 624 nan 0 0 8.30306
410 , maxErr[5] 2 5.16856 -18482.8 -3015.32 410 624 nan 0 0 8.30306
411 , maxErr[5] 2 5.16856 -18430 -3008.98 411 624 0.892485 -0.13979 -0.0150295 8.30306
412 , maxErr[5] 2 5.16856 -18403.1 -3005.26 412 624 nan 0 0 8.30306
413 , maxErr[5] 2 5.16856 -18482.6 -3015.16 413 624 nan 0 0 8.30306
414 , maxErr[5] 2 5.16856 -18429.7 -3008.6 414 624 0.892451 -0.139796 -0.0150349 8.30306
415 , maxErr[5] 2 5.16856 -18402.8 -3004.92 415 624 nan 0 0 8.30306
416 , maxErr[5] 2 5.16856 -18520.3 -3019.14 416 624 nan 0 0 8.30306
417 , maxErr[5] 2 5.16856 -18467.6 -3012.9 417 624 0.892477 -0.140097 -0.0150636 8.30306
418 , maxErr[5] 2 5.16856 -18441.2 -3009.75 418 624 nan 0 0 8.30306
419 , maxErr[5] 2 5.16856 -18467.5 -3012.78 419 624 0.892446 -0.140102 -0.0150685 8.30306
420 , maxErr[5] 2 5.16856 -18440.5 -3009.03 420 624 nan 0 0 8.30306
421 , maxErr[5] 2 5.16856 -18467.5 -3012.77 421 624 0.892494 -0.140094 -0.0150609 8.30306
422 , maxErr[5] 2 5.16856 -18440.7 -3009.21 422 624 nan 0 0 8.30306
423 , maxErr[5] 2 5.16856 -18510.5 -3017.19 423 624 0.892459 -0.140449 -0.0151041 8.30306
424 , maxErr[5] 2 5.16856 -18483.4 -3013.41 424 624 0.892455 -0.14045 -0.0151047 8.30306
425 , maxErr[5] 2 5.16856 -18483.6 -3013.57 425 624 0.892452 -0.14045 -0.0151051 8.30306
426 , maxErr[5] 2 5.16856 -18483.7 -3013.66 426 624 nan 0 0 8.30306
427 , maxErr[5] 2 5.16856 -18506 -3015.85 427 624 nan 0 0 8.30306
428 , maxErr[5] 2 5.16856 -18501.4 -3014.49 428 624 nan 0 0 8.30306
429 , maxErr[5] 2 5.16856 -18496.9 -3013.12 429 624 nan 0 0 8.30306
430 , maxErr[5] 2 5.16856 -18492.5 -3011.92 430 624 nan 0 0 8.30306
431 , maxErr[5] 2 5.16856 -18488.1 -3010.73 431 624 nan 0 0 8.30306
432 , maxErr[5] 2 5.16856 -18483.7 -3009.44 432 624 nan 0 0 8.30306
433 , maxErr[5] 2 5.16856 -18479.3 -3008.29 433 624 nan 0 0 8.30306
434 , maxErr[5] 2 5.16856 -18474.9 -3007.03 434 624 nan 0 0 8.30306
435 , maxErr[5] 2 5.16856 -18470.5 -3005.8 435 624 nan 0 0 8.30306
436 , maxErr[5] 2 5.16856 -18466.1 -3004.63 436 624 nan 0 0 8.30306
437 , maxErr[5] 2 5.16856 -18461.8 -3003.45 437 624 nan 0 0 8.30306
438 , maxErr[5] 2 5.16856 -18457.4 -3002.25 438 624 0.892458 -0.282688 -0.0304008 8.30306
439 , maxErr[5] 2 5.16856 -18454.9 -3001.29 439 624 nan 0 0 8.30306
440 , maxErr[5] 2 5.16856 -18951.3 -3074.04 440 624 nan 0 0 8.30306
441 , maxErr[5] 2 5.16856 -18897.7 -3067.67 441 624 nan 0 0 8.30306
442 , maxErr[5] 2 5.16856 -18844.1 -3061.21 442 624 nan 0 0 8.30306
443 , maxErr[5] 2 5.16856 -18790.4 -3054.73 443 624 nan 0 0 8.30306
444 , maxErr[5] 2 5.16856 -18736.7 -3048.17 444 624 0.892495 -0.142213 -0.0152886 8.30306
445 , maxErr[5] 2 5.16856 -18709.3 -3044.42 445 624 nan 0 0 8.30306
446 , maxErr[5] 2 5.16856 -18897.5 -3067.41 446 624 nan 0 0 8.30306
447 , maxErr[5] 2 5.16856 -18843.7 -3060.86 447 624 nan 0 0 8.30306
448 , maxErr[5] 2 5.16856 -18789.9 -3054.21 448 624 nan 0 0 8.30306
449 , maxErr[5] 2 5.16856 -18736.1 -3047.65 449 624 0.89247 -0.142217 -0.0152925 8.30306
450 , maxErr[5] 2 5.16856 -18708.8 -3043.86 450 624 nan 0 0 8.30306
451 , maxErr[5] 2 5.16856 -18897.4 -3067.36 451 624 nan 0 0 8.30306
452 , maxErr[5] 2 5.16856 -18843.6 -3060.7 452 624 nan 0 0 8.30306
453 , maxErr[5] 2 5.16856 -18789.7 -3054.05 453 624 nan 0 0 8.30306
454 , maxErr[5] 2 5.16856 -18735.8 -3047.36 454 624 0.892482 -0.142215 -0.0152907 8.30306
455 , maxErr[5] 2 5.16856 -18708.6 -3043.69 455 624 nan 0 0 8.30306
456 , maxErr[5] 2 5.16856 -18909.1 -3068.62 456 624 nan 0 0 8.30306
457 , maxErr[5] 2 5.16856 -18855.8 -3062.54 457 624 nan 0 0 8.30306
458 , maxErr[5] 2 5.16856 -18802.2 -3056.24 458 624 nan 0 0 8.30306
459 , maxErr[5] 2 5.16856 -18748.4 -3049.6 459 624 0.892486 -0.142308 -0.0153001 8.30306
460 , maxErr[5] 2 5.16856 -18721 -3045.85 460 624 nan 0 0 8.30306
461 , maxErr[5] 2 5.16856 -18855.4 -3062.16 461 624 nan 0 0 8.30306
462 , maxErr[5] 2 5.16856 -18801.5 -3055.5 462 624 nan 0 0 8.30306
463 , maxErr[5] 2 5.16856 -18747.6 -3048.81 463 624 0.892475 -0.142309 -0.0153018 8.30306
464 , maxErr[5] 2 5.16856 -18720.2 -3044.98 464 624 nan 0 0 8.30306
465 , maxErr[5] 2 5.16856 -18855.8 -3062.6 465 624 nan 0 0 8.30306
466 , maxErr[5] 2 5.16856 -18802.8 -3056.77 466 624 nan 0 0 8.30306
467 , maxErr[5] 2 5.16856 -18749.5 -3050.73 467 624 0.892469 -0.14231 -0.0153028 8.30306
468 , maxErr[5] 2 5.16856 -18722.6 -3047.41 468 624 nan 0 0 8.30306
469 , maxErr[5] 2 5.16856 -18872.3 -3063.88 469 624 nan 0 0 8.30306
470 , maxErr[5] 2 5.16856 -18818.8 -3057.47 470 624 nan 0 0 8.30306
471 , maxErr[5] 2 5.16856 -18765.1 -3050.86 471 624 nan 0 0 8.30306
472 , maxErr[5] 2 5.16856 -18711.3 -3044.2 472 624 0.89246 -0.142025 -0.0152733 8.30306
473 , maxErr[5] 2 5.16856 -18684 -3040.52 473 624 nan 0 0 8.30306
474 , maxErr[5] 2 5.16856 -18819 -3057.63 474 624 nan 0 0 8.30306
475 , maxErr[5] 2 5.16856 -18765.8 -3051.55 475 624 nan 0 0 8.30306
476 , maxErr[5] 2 5.16856 -18712.6 -3045.52 476 624 0.892486 -0.14202 -0.0152692 8.30306
477 , maxErr[5] 2 5.16856 -18685.8 -3042.29 477 624 nan 0 0 8.30306
478 , maxErr[5] 2 5.16856 -18818.7 -3057.33 478 624 nan 0 0 8.30306
479 , maxErr[5] 2 5.16856 -18764.9 -3050.66 479 624 nan 0 0 8.30306
480 , maxErr[5] 2 5.16856 -18711.1 -3044 480 624 0.892468 -0.142023 -0.015272 8.30306
481 , maxErr[5] 2 5.16856 -18683.9 -3040.38 481 624 nan 0 0 8.30306
482 , maxErr[5] 2 5.16856 -18841 -3059.72 482 624 nan 0 0 8.30306
483 , maxErr[5] 2 5.16856 -18787.2 -3053.13 483 624 nan 0 0 8.30306
484 , maxErr[5] 2 5.16856 -18733.4 -3046.53 484 624 0.892465 -0.142203 -0.0152919 8.30306
485 , maxErr[5] 2 5.16856 -18706.1 -3042.78 485 624 nan 0 0 8.30306
486 , maxErr[5] 2 5.16856 -18787.4 -3053.31 486 624 nan 0 0 8.30306
487 , maxErr[5] 2 5.16856 -18733.5 -3046.64 487 624 0.89246 -0.142204 -0.0152926 8.30306
488 , maxErr[5] 2 5.16856 -18706.1 -3042.85 488 624 nan 0 0 8.30306
489 , maxErr[5] 2 5.16856 -18787.3 -3053.22 489 624 nan 0 0 8.30306
490 , maxErr[5] 2 5.16856 -18734 -3047.12 490 624 0.892476 -0.142202 -0.0152901 8.30306
491 , maxErr[5] 2 5.16856 -18707.1 -3043.79 491 624 nan 0 0 8.30306
492 , maxErr[5] 2 5.16856 -18815.2 -3056.37 492 624 nan 0 0 8.30306
493 , maxErr[5] 2 5.16856 -18761.9 -3050.18 493 624 nan 0 0 8.30306
494 , maxErr[5] 2 5.16856 -18708.3 -3043.72 494 624 0.892472 -0.142 -0.015269 8.30306
495 , maxErr[5] 2 5.16856 -18681 -3039.92 495 624 nan 0 0 8.30306
496 , maxErr[5] 2 5.16856 -18761.5 -3049.72 496 624 nan 0 0 8.30306
497 , maxErr[5] 2 5.16856 -18707.7 -3043.12 497 624 0.892502 -0.141995 -0.0152642 8.30306
498 , maxErr[5] 2 5.16856 -18680.4 -3039.34 498 624 nan 0 0 8.30306
499 , maxErr[5] 2 5.16856 -18761.8 -3050.11 499 624 nan 0 0 8.30306
500 , maxErr[5] 2 5.16856 -18708.4 -3043.81 500 624 0.892458 -0.142002 -0.0152712 8.30306
501 , maxErr[5] 2 5.16856 -18681.4 -3040.38 501 624 nan 0 0 8.30306
502 , maxErr[5] 2 5.16856 -18794.6 -3053.42 502 624 nan 0 0 8.30306
503 , maxErr[5] 2 5.16856 -18740.9 -3046.83 503 624 0.892493 -0.142264 -0.0152944 8.30306
504 , maxErr[5] 2 5.16856 -18713.5 -3043.09 504 624 nan 0 0 8.30306
505 , maxErr[5] 2 5.16856 -18741 -3046.96 505 624 0.892484 -0.142265 -0.0152958 8.30306
506 , maxErr[5] 2 5.16856 -18713.7 -3043.31 506 624 nan 0 0 8.30306
507 , maxErr[5] 2 5.16856 -18740.8 -3046.77 507 624 0.892496 -0.142263 -0.0152938 8.30306
508 , maxErr[5] 2 5.16856 -18713.4 -3043 508 624 nan 0 0 8.30306
509 , maxErr[5] 2 5.16856 -18779.3 -3050.92 509 624 nan 0 0 8.30306
510 , maxErr[5] 2 5.16856 -18725.6 -3044.32 510 624 0.89249 -0.142148 -0.0152824 8.30306
511 , maxErr[5] 2 5.16856 -18698.2 -3040.58 511 624 nan 0 0 8.30306
512 , maxErr[5] 2 5.16856 -18725.5 -3044.3 512 624 0.892489 -0.142148 -0.0152824 8.30306
513 , maxErr[5] 2 5.16856 -18698.3 -3040.62 513 624 nan 0 0 8.30306
514 , maxErr[5] 2 5.16856 -18726 -3044.74 514 624 0.892499 -0.142147 -0.0152808 8.30306
515 , maxErr[5] 2 5.16856 -18699.5 -3041.83 515 624 nan 0 0 8.30306
516 , maxErr[5] 2 5.16856 -18769.4 -3048.99 516 624 0.892491 -0.142503 -0.0153203 8.30306
517 , maxErr[5] 2 5.16856 -18742 -3045.29 517 624 0.89249 -0.142503 -0.0153204 8.30306
518 , maxErr[5] 2 5.16856 -18742.1 -3045.31 518 624 0.892494 -0.142502 -0.0153199 8.30306
519 , maxErr[5] 2 5.16856 -18741.9 -3045.18 519 624 nan 0 0 8.30306
520 , maxErr[5] 2 5.16856 -18764.8 -3047.63 520 624 nan 0 0 8.30306
521 , maxErr[5] 2 5.16856 -18760.3 -3046.4 521 624 nan 0 0 8.30306
522 , maxErr[5] 2 5.16856 -18755.9 -3045.17 522 624 nan 0 0 8.30306
523 , maxErr[5] 2 5.16856 -18751.3 -3043.86 523 624 nan 0 0 8.30306
524 , maxErr[5] 2 5.16856 -18746.9 -3042.65 524 624 nan 0 0 8.30306
525 , maxErr[5] 2 5.16856 -18742.3 -3041.3 525 624 nan 0 0 8.30306
526 , maxErr[5] 2 5.16856 -18737.8 -3039.94 526 624 nan 0 0 8.30306
527 , maxErr[5] 2 5.16856 -18733.2 -3038.59 527 624 nan 0 0 8.30306
528 , maxErr[5] 2 5.16856 -18728.8 -3037.44 528 624 nan 0 0 8.30306
529 , maxErr[5] 2 5.16856 -18724.6 -3036.49 529 624 nan 0 0 8.30306
530 , maxErr[5] 2 5.16856 -18720.2 -3035.25 530 624 nan 0 0 8.30306
531 , maxErr[5] 2 5.16888 -18715.6 -3033.87 531 624 0.892453 -0.286833 -0.0308481 8.30306
532 , maxErr[5] 2 5.17037 -18712.8 -3032.68 532 624 nan 0 0 8.30306
533 , maxErr[5] 2 5.17037 -18977.9 -3076.86 533 624 nan 0 0 8.30306
534 , maxErr[5] 2 5.17037 -18923.7 -3070.36 534 624 0.89248 -0.143709 -0.0154516 8.30306
535 , maxErr[5] 2 5.17037 -18896.1 -3066.6 535 624 nan 0 0 8.30306
536 , maxErr[5] 2 5.17037 -18923.6 -3070.25 536 624 0.892486 -0.143708 -0.0154506 8.30306
537 , maxErr[5] 2 5.17037 -18895.9 -3066.46 537 624 nan 0 0 8.30306
538 , maxErr[5] 2 5.17037 -18923.6 -3070.3 538 624 0.892484 -0.143709 -0.015451 8.30306
539 , maxErr[5] 2 5.17037 -18896 -3066.52 539 624 nan 0 0 8.30306
540 , maxErr[5] 2 5.17037 -18962.4 -3074.39 540 624 0.89248 -0.144024 -0.0154855 8.30306
541 , maxErr[5] 2 5.17037 -18935.1 -3070.94 541 624 0.89249 -0.144023 -0.0154838 8.30306
542 , maxErr[5] 2 5.17037 -18934.7 -3070.54 542 624 0.892489 -0.144023 -0.015484 8.30306
543 , maxErr[5] 2 5.17037 -18934.7 -3070.58 543 624 nan 0 0 8.30306
544 , maxErr[5] 2 5.17037 -18952.4 -3072.51 544 624 0.892479 -0.143951 -0.0154777 8.30306
545 , maxErr[5] 2 5.17037 -18924.9 -3068.84 545 624 0.892482 -0.14395 -0.0154773 8.30306
546 , maxErr[5] 2 5.17037 -18924.8 -3068.75 546 624 0.892462 -0.143953 -0.0154804 8.30306
547 , maxErr[5] 2 5.17037 -18925.5 -3069.51 547 624 nan 0 0 8.30306
548 , maxErr[5] 2 5.17037 -18947.9 -3071.22 548 624 nan 0 0 8.30306
549 , maxErr[5] 2 5.17067 -18943.3 -3069.89 549 624 nan 0 0 8.30306
550 , maxErr[5] 2 5.17168 -18938.8 -3068.67 550 624 nan 0 0 8.30306
551 , maxErr[5] 2 5.17285 -18934.2 -3067.34 551 624 nan 0 0 8.30306
552 , maxErr[5] 2 5.17399 -18929.7 -3066.03 552 624 nan 0 0 8.30306
553 , maxErr[5] 2 5.17509 -18925.1 -3064.76 553 624 nan 0 0 8.30306
554 , maxErr[5] 2 5.17619 -18920.6 -3063.47 554 624 nan 0 0 8.30306
555 , maxErr[5] 2 5.17746 -18916 -3062.1 555 624 nan 0 0 8.30306
556 , maxErr[5] 2 5.1786 -18911.4 -3060.79 556 624 nan 0 0 8.30306
557 , maxErr[5] 2 5.17972 -18906.9 -3059.5 557 624 nan 0 0 8.30306
558 , maxErr[5] 2 5.18087 -18902.3 -3058.19 558 624 nan 0 0 8.30306
559 , maxErr[5] 2 5.18188 -18897.8 -3056.97 559 624 0.892459 -0.289742 -0.0311593 8.30306
560 , maxErr[5] 2 5.18314 -18895.1 -3055.91 560 624 nan 0 0 8.30306
561 , maxErr[5] 2 5.18314 -18994.1 -3078.54 561 624 nan 0 0 8.30306
562 , maxErr[5] 2 5.18314 -18989.4 -3077.17 562 624 nan 0 0 8.30306
563 , maxErr[5] 2 5.18314 -18984.9 -3075.9 563 624 nan 0 0 8.30306
564 , maxErr[5] 2 5.18314 -18980.2 -3074.5 564 624 nan 0 0 8.30306
565 , maxErr[5] 2 5.18314 -18975.6 -3073.15 565 624 nan 0 0 8.30306
566 , maxErr[5] 2 5.18314 -18971 -3071.79 566 624 nan 0 0 8.30306
567 , maxErr[5] 2 5.18314 -18966.5 -3070.55 567 624 nan 0 0 8.30306
568 , maxErr[5] 2 5.18314 -18961.9 -3069.22 568 624 nan 0 0 8.30306
569 , maxErr[5] 2 5.18314 -18957.3 -3067.91 569 624 0.892461 -0.29063 -0.031254 8.30306
570 , maxErr[5] 2 5.18314 -18954.6 -3066.82 570 624 nan 0 0 8.30306
571 , maxErr[5] 2 5.18314 -18994.3 -3078.75 571 624 nan 0 0 8.30306
572 , maxErr[5] 2 5.18314 -18989.8 -3077.51 572 624 nan 0 0 8.30306
573 , maxErr[5] 2 5.18314 -18985.3 -3076.29 573 624 0.892467 -0.290986 -0.0312907 8.30306
574 , maxErr[5] 2 5.18314 -18982.6 -3075.25 574 624 nan 0 0 8.30306
575 , maxErr[5] 4 5.18314 -19019.3 -3083.89 575 624 nan 0 0 8.30306
576 , maxErr[5] 4 5.18314 -19039.9 -3087.83 576 624 nan 0 0 8.30306
577 , maxErr[5] 4 5.18314 -19060.5 -3091.76 577 624 nan 0 0 8.30306
578 , maxErr[5] 4 5.18314 -19081.1 -3095.68 578 624 0.89257 1.00157 0.107599 8.30836
579 , maxErr[5] 4 5.18314 -19100.9 -3099.49 579 624 0.892527 1.0013 0.107613 8.30836
580 , maxErr[5] 4 5.18314 -19119.1 -3103.12 580 624 0.892487 1.00104 0.107625 8.30836
581 , maxErr[5] 4 5.18314 -19135.7 -3106.57 581 624 0.89245 1.00081 0.107637 8.30836
582 , maxErr[5] 4 5.18314 -19150.8 -3109.82 582 624 0.892417 1.00059 0.107647 8.30836
583 , maxErr[5] 4 5.18314 -19164.2 -3112.89 583 624 0.892386 1.00039 0.107656 8.30836
584 , maxErr[5] 4 5.18314 -19176.1 -3115.76 584 624 0.892358 1.00021 0.107665 8.30836
585 , maxErr[5] 4 5.18314 -19186.4 -3118.44 585 624 0.892333 1.00005 0.107672 8.30836
586 , maxErr[5] 4 5.18314 -19195.2 -3120.92 586 624 0.892312 0.999908 0.107678 8.30836
587 , maxErr[5] 4 5.18314 -19202.3 -3123.22 587 624 0.892293 0.999785 0.107684 8.30836
588 , maxErr[5] 4 5.18314 -19207.9 -3125.31 588 624 0.892278 0.99968 0.107688 8.30836
589 , maxErr[5] 4 5.18314 -19211.8 -3127.21 589 624 0.892265 0.999594 0.107691 8.30836
590 , maxErr[5] 4 5.18314 -19214.2 -3128.9 590 624 nan 0 0 8.30836
591 , maxErr[5] 3 5.18314 -19000.5 -3081.01 591 624 nan 0 0 8.30836
592 , maxErr[5] 4 5.18314 -19013.1 -3086.3 592 624 nan 0 0 8.30836
593 , maxErr[5] 4 5.18314 -19021.2 -3088.9 593 624 nan 0 0 8.30836
594 , maxErr[5] 4 5.18314 -19029.4 -3091.48 594 624 nan 0 0 8.30836
595 , maxErr[5] 4 5.18314 -19037.5 -3094.05 595 624 0.892649 1.00204 0.107569 8.31527
596 , maxErr[5] 4 5.18314 -19044.8 -3096.51 596 624 0.89263 1.00191 0.107575 8.31527
597 , maxErr[5] 4 5.18314 -19050.6 -3098.79 597 624 0.892614 1.0018 0.107579 8.31527
598 , maxErr[5] 4 5.18314 -19054.7 -3100.89 598 624 0.8926 0.998361 0.107224 8.31527
599 , maxErr[5] 4 5.18314 -19057.3 -3102.79 599 624 nan 0 0 8.31527
600 , maxErr[5] 3 5.18314 -19002.3 -3082.09 600 624 nan 0 0 8.31527
601 , maxErr[5] 3 5.18314 -19004 -3083.18 601 624 nan 0 0 8.31527
602 , maxErr[5] 3 5.18314 -19004.9 -3083.7 602 624 nan 0 0 8.31527
603 , maxErr[5] 3 5.18314 -19005 -3083.8 603 624 nan 0 0 8.31527
604 , maxErr[5] 3 5.18314 -19005.1 -3083.9 604 624 nan 0 0 8.31527
605 , maxErr[5] 3 5.18314 -19005.2 -3084 605 624 nan 0 0 8.31527
606 , maxErr[5] 4 5.18314 -19013.1 -3083.22 606 624 nan 0 0 8.31527
607 , maxErr[5] 4 5.18314 -19027.5 -3086.49 607 624 nan 0 0 8.31527
608 , maxErr[5] 4 5.18314 -19041.9 -3089.75 608 624 nan 0 0 8.31527
609 , maxErr[5] 4 5.18314 -19056.3 -3092.99 609 624 0.892622 1.00189 0.107581 8.31527
610 , maxErr[5] 4 5.18314 -19069.8 -3096.13 610 624 0.892591 1.00169 0.107591 8.31527
611 , maxErr[5] 4 5.18314 -19081.8 -3099.08 611 624 0.892563 1.00151 0.107599 8.31527
612 , maxErr[5] 4 5.18314 -19092.2 -3101.85 612 624 0.892538 1.00134 0.107607 8.31527
613 , maxErr[5] 4 5.18314 -19101 -3104.42 613 624 0.892516 1.0012 0.107613 8.31527
614 , maxErr[5] 4 5.18314 -19108.3 -3106.8 614 624 0.892497 1.00107 0.107618 8.31527
615 , maxErr[5] 4 5.18314 -19113.9 -3108.99 615 624 0.892481 1.00096 0.107623 8.31527
616 , maxErr[5] 4 5.18314 -19118 -3110.99 616 624 0.892468 1.00087 0.107626 8.31527
617 , maxErr[5] 4 5.18314 -19120.5 -3112.79 617 624 nan 0 0 8.31527
618 , maxErr[5] 3 5.18314 -18999.7 -3080.93 618 624 nan 0 0 8.31527
619 , maxErr[5] 3 5.18314 -19000.7 -3081.93 619 624 nan 0 0 8.31527
620 , maxErr[5] 3 5.18314 -19001.7 -3082.93 620 624 nan 0 0 8.31527
621 , maxErr[5] 3 5.18314 -19002.2 -3083.41 621 624 nan 0 0 8.31527
622 , maxErr[5] 3 5.18314 -19002.3 -3083.51 622 624 nan 0 0 8.31527
623 , maxErr[5] 3 5.18314 -19002.4 -3083.61 623 624 nan 0 0 8.31527
624 , maxErr[5] 3 5.18314 -19002.5 -3083.71 624 624



0 0 0 0 0 8.31527 0 an: 0 an_old: 0 gco2: 0 gco2_old> 0 ci: 0 ci_old:0 0 0 ks: 0 ksold: 0
1 0 0 0 0 8.31527 0 an: 0 an_old: 0 gco2: 0 gco2_old> 0 ci: 0 ci_old:0 0 0 ks: 0 ksold: 0
2 0 0 0 0 8.31527 0 an: 0 an_old: 0 gco2: 0 gco2_old> 0 ci: 0 ci_old:0 0 0 ks: 0 ksold: 0
3 0 0 0 0 8.31527 0 an: 0 an_old: 0 gco2: 0 gco2_old> 0 ci: 0 ci_old:0 0 0 ks: 0 ksold: 0
4 3.02551 7.42266 1.79957 0.666155 8.31527 12.2938 an: 5.00394e-06 an_old: 2.01434e-05 gco2: 0.203361 gco2_old> 0.0241445 ci: 0.000218318 ci_old:7.79827e-05 -78766.7 -26295.9 ks: 1.49688e-06 ksold: 1.126e-07
5 3.02551 7.42266 1.79957 0.666155 8.31527 12.2938 an: 5.00394e-06 an_old: 2.01424e-05 gco2: 0.203333 gco2_old> 0.0241446 ci: 0.000218307 ci_old:7.79827e-05 -78754.3 -26315.3 ks: 1.49647e-06 ksold: 1.12616e-07
6 3.02551 7.42266 1.79957 0.666155 8.31527 12.2938 an: 5.00394e-06 an_old: 2.01414e-05 gco2: 0.203306 gco2_old> 0.0241448 ci: 0.000218297 ci_old:7.79827e-05 -78742.8 -26333.2 ks: 1.49608e-06 ksold: 1.12631e-07
7 3.02551 7.42266 1.79957 0.666155 8.31527 12.2938 an: 5.00394e-06 an_old: 2.01405e-05 gco2: 0.203281 gco2_old> 0.024145 ci: 0.000218287 ci_old:7.79827e-05 -78732 -26349.4 ks: 1.49572e-06 ksold: 1.12645e-07
8 3.02551 7.42266 1.79957 0.666155 8.31527 12.2938 an: 5.00394e-06 an_old: 2.01397e-05 gco2: 0.203257 gco2_old> 0.0241452 ci: 0.000218278 ci_old:7.79827e-05 -78722.1 -26364.1 ks: 1.49539e-06 ksold: 1.12657e-07
9 3.02551 7.42266 1.79957 0.666155 8.31527 12.2938 an: 5.00394e-06 an_old: 2.01389e-05 gco2: 0.203235 gco2_old> 0.0241453 ci: 0.000218269 ci_old:7.79827e-05 -78712.9 -26377.1 ks: 1.49508e-06 ksold: 1.12669e-07
10 3.02551 7.42266 1.79957 0.666155 8.31527 12.2938 an: 5.00394e-06 an_old: 2.01381e-05 gco2: 0.203214 gco2_old> 0.0241455 ci: 0.000218261 ci_old:7.79827e-05 -78704.6 -26388.5 ks: 1.4948e-06 ksold: 1.12679e-07
11 3.02551 7.42266 1.79957 0.666155 8.31527 12.2938 an: 5.00394e-06 an_old: 2.01374e-05 gco2: 0.203194 gco2_old> 0.0241456 ci: 0.000218253 ci_old:7.79827e-05 -78697.1 -26398.4 ks: 1.49454e-06 ksold: 1.12688e-07
12 3.02551 7.42266 1.79957 0.666155 8.31527 12.2938 an: 5.00394e-06 an_old: 2.01368e-05 gco2: 0.203176 gco2_old> 0.0241457 ci: 0.000218246 ci_old:7.79827e-05 -78690.3 -26406.6 ks: 1.49431e-06 ksold: 1.12696e-07
13 3.02551 7.42266 1.79957 0.666155 8.31527 12.2938 an: 5.00394e-06 an_old: 2.01362e-05 gco2: 0.203159 gco2_old> 0.0241459 ci: 0.00021824 ci_old:7.79827e-05 -78684.4 -26413.1 ks: 1.4941e-06 ksold: 1.12702e-07
14 3.02551 7.42266 1.79957 0.666155 8.31527 12.2938 an: 5.00394e-06 an_old: 2.01356e-05 gco2: 0.203144 gco2_old> 0.024146 ci: 0.000218234 ci_old:7.79827e-05 -78679.4 -26418.1 ks: 1.49392e-06 ksold: 1.12708e-07
15 3.02551 7.42266 1.79957 0.666155 8.31527 12.2938 an: 5.00394e-06 an_old: 2.01351e-05 gco2: 0.203131 gco2_old> 0.0241461 ci: 0.000218229 ci_old:7.79827e-05 -78675.1 -26421.5 ks: 1.49377e-06 ksold: 1.12712e-07
16 3.02551 7.42266 1.79957 0.666155 8.31527 12.2938 an: 0 an_old: 0 gco2: 0 gco2_old> 0 ci: 0 ci_old:0 0 0 ks: 0 ksold: 0
17 3.02551 7.42266 1.79957 0.666155 8.31527 12.2938 an: 0 an_old: 0 gco2: 0 gco2_old> 0 ci: 0 ci_old:0 0 0 ks: 0 ksold: 0
18 3.02551 7.42266 1.79957 0.666155 8.31527 12.2938 an: 0 an_old: 0 gco2: 0 gco2_old> 0 ci: 0 ci_old:0 0 0 ks: 0 ksold: 0
19 3.02551 7.42266 1.79957 0.666155 8.31527 12.2938 an: 0 an_old: 0 gco2: 0 gco2_old> 0 ci: 0 ci_old:0 0 0 ks: 0 ksold: 0
20 3.02563 7.42342 1.79965 0.666876 8.31527 12.3027 an: 5.00394e-06 an_old: 2.0144e-05 gco2: 0.203378 gco2_old> 0.0241443 ci: 0.000218325 ci_old:7.79827e-05 -78785.5 -26245.4 ks: 1.49744e-06 ksold: 1.12567e-07
21 3.02563 7.42342 1.79965 0.666876 8.31527 12.3027 an: 5.00394e-06 an_old: 2.01434e-05 gco2: 0.20336 gco2_old> 0.0241445 ci: 0.000218318 ci_old:7.79827e-05 -78779.3 -26252.1 ks: 1.49722e-06 ksold: 1.12574e-07
22 3.02563 7.42342 1.79965 0.666876 8.31527 12.3027 an: 5.00394e-06 an_old: 2.01428e-05 gco2: 0.203344 gco2_old> 0.0241446 ci: 0.000218311 ci_old:7.79827e-05 -78773.9 -26257.3 ks: 1.49703e-06 ksold: 1.1258e-07
23 3.02563 7.42342 1.79965 0.666876 8.31527 12.3027 an: 5.00394e-06 an_old: 2.01422e-05 gco2: 0.203329 gco2_old> 0.0241447 ci: 0.000218305 ci_old:7.79827e-05 -78769.2 -26260.9 ks: 1.49687e-06 ksold: 1.12584e-07
24 3.02563 7.42342 1.79965 0.666876 8.31527 12.3027 an: 0 an_old: 0 gco2: 0 gco2_old> 0 ci: 0 ci_old:0 0 0 ks: 0 ksold: 0
25 3.02563 7.42342 1.79965 0.666876 8.31527 12.3027 an: 0 an_old: 0 gco2: 0 gco2_old> 0 ci: 0 ci_old:0 0 0 ks: 0 ksold: 0
26 3.02563 7.42342 1.79965 0.666876 8.31527 12.3027 an: 0 an_old: 0 gco2: 0 gco2_old> 0 ci: 0 ci_old:0 0 0 ks: 0 ksold: 0
27 3.02563 7.42342 1.79965 0.666876 8.31527 12.3027 an: 0 an_old: 0 gco2: 0 gco2_old> 0 ci: 0 ci_old:0 0 0 ks: 0 ksold: 0
28 3.02567 7.42366 1.79968 0.666876 8.31527 12.3027 an: 5.00394e-06 an_old: 2.01442e-05 gco2: 0.203383 gco2_old> 0.0241443 ci: 0.000218327 ci_old:7.79827e-05 -78780.4 -26267.4 ks: 1.49731e-06 ksold: 1.12579e-07
29 3.02567 7.42366 1.79968 0.666876 8.31527 12.3027 an: 5.00394e-06 an_old: 2.01434e-05 gco2: 0.20336 gco2_old> 0.0241445 ci: 0.000218318 ci_old:7.79827e-05 -78771.1 -26280.6 ks: 1.497e-06 ksold: 1.12591e-07
30 3.02567 7.42366 1.79968 0.666876 8.31527 12.3027 an: 5.00394e-06 an_old: 2.01426e-05 gco2: 0.203339 gco2_old> 0.0241446 ci: 0.000218309 ci_old:7.79827e-05 -78762.6 -26292.1 ks: 1.49671e-06 ksold: 1.12601e-07
31 3.02567 7.42366 1.79968 0.666876 8.31527 12.3027 an: 5.00394e-06 an_old: 2.01419e-05 gco2: 0.203319 gco2_old> 0.0241447 ci: 0.000218302 ci_old:7.79827e-05 -78754.9 -26302 ks: 1.49645e-06 ksold: 1.1261e-07
32 3.02567 7.42366 1.79968 0.666876 8.31527 12.3027 an: 5.00394e-06 an_old: 2.01412e-05 gco2: 0.2033 gco2_old> 0.0241449 ci: 0.000218294 ci_old:7.79827e-05 -78748.1 -26310.3 ks: 1.49621e-06 ksold: 1.12618e-07
33 3.02567 7.42366 1.79968 0.666876 8.31527 12.3027 an: 5.00394e-06 an_old: 2.01406e-05 gco2: 0.203283 gco2_old> 0.024145 ci: 0.000218288 ci_old:7.79827e-05 -78742 -26317 ks: 1.496e-06 ksold: 1.12625e-07
34 3.02567 7.42366 1.79968 0.666876 8.31527 12.3027 an: 5.00394e-06 an_old: 2.014e-05 gco2: 0.203267 gco2_old> 0.0241451 ci: 0.000218282 ci_old:7.79827e-05 -78736.8 -26322.1 ks: 1.49582e-06 ksold: 1.12631e-07
35 3.02567 7.42366 1.79968 0.666876 8.31527 12.3027 an: 5.00394e-06 an_old: 2.01395e-05 gco2: 0.203253 gco2_old> 0.0241452 ci: 0.000218276 ci_old:7.79827e-05 -78732.3 -26325.5 ks: 1.49566e-06 ksold: 1.12635e-07
