psi err 

0 , maxErr[5] 2 0.510211 -18202.7 -12053.1 0 140 nan 0 0 0
1 , maxErr[5] 2 0.510211 -18187.7 -12050.2 1 140 nan 0 0 0
2 , maxErr[5] 2 0.510211 -18166.2 -12046.5 2 140 nan 0 0 0
3 , maxErr[5] 2 0.510211 -18144.5 -12042.7 3 140 0.864355 -0.057114 -0.0077472 6.37221
4 , maxErr[5] 2 0.510211 -18133.3 -12040.4 4 140 nan 0 0 6.37221
5 , maxErr[5] 2 0.510211 -18166.3 -12046.6 5 140 nan 0 0 6.37221
6 , maxErr[5] 2 0.510211 -18144.7 -12042.8 6 140 0.864347 -0.0571146 -0.00774777 6.37221
7 , maxErr[5] 2 0.510211 -18133.3 -12040.5 7 140 nan 0 0 6.37221
8 , maxErr[5] 2 0.510211 -18166.2 -12046.5 8 140 nan 0 0 6.37221
9 , maxErr[5] 2 0.510211 -18144.6 -12042.8 9 140 0.864346 -0.0571146 -0.00774781 6.37221
10 , maxErr[5] 2 0.510211 -18133.4 -12040.5 10 140 nan 0 0 6.37221
11 , maxErr[5] 2 0.510211 -18174.9 -12047.6 11 140 nan 0 0 6.37221
12 , maxErr[5] 2 0.510211 -18153.2 -12043.9 12 140 0.864365 -0.0571839 -0.00775616 6.37272
13 , maxErr[5] 2 0.510211 -18141.9 -12041.5 13 140 nan 0 0 6.37272
14 , maxErr[5] 2 0.510211 -18153.4 -12044.1 14 140 0.864316 -0.0571871 -0.00775937 6.37272
15 , maxErr[5] 2 0.510211 -18142.5 -12042.1 15 140 nan 0 0 6.37272
16 , maxErr[5] 2 0.510211 -18153.4 -12044 16 140 0.864332 -0.0571861 -0.00775832 6.37272
17 , maxErr[5] 2 0.510211 -18142.3 -12041.9 17 140 nan 0 0 6.37272
18 , maxErr[5] 2 0.510211 -18164.1 -12045.3 18 140 nan 0 0 6.37272
19 , maxErr[5] 2 0.510211 -18142.6 -12041.7 19 140 0.864215 -0.0571147 -0.0077553 6.37272
20 , maxErr[5] 2 0.510211 -18131.3 -12039.4 20 140 nan 0 0 6.37272
21 , maxErr[5] 2 0.510211 -18142.7 -12041.7 21 140 0.864209 -0.0571151 -0.00775572 6.37272
22 , maxErr[5] 2 0.510211 -18131.4 -12039.4 22 140 nan 0 0 6.37272
23 , maxErr[5] 2 0.510211 -18142.5 -12041.6 23 140 0.86422 -0.0571144 -0.00775502 6.37272
24 , maxErr[5] 2 0.510211 -18131.3 -12039.3 24 140 nan 0 0 6.37272
25 , maxErr[5] 2 0.510211 -18155.4 -12043.3 25 140 nan 0 0 6.37272
26 , maxErr[5] 2 0.510211 -18133.9 -12039.6 26 140 0.864335 -0.0570447 -0.00773896 6.37272
27 , maxErr[5] 2 0.510211 -18122.7 -12037.4 27 140 nan 0 0 6.37272
28 , maxErr[5] 2 0.510211 -18133.8 -12039.5 28 140 0.864348 -0.0570438 -0.00773809 6.37272
29 , maxErr[5] 2 0.510211 -18122.6 -12037.3 29 140 nan 0 0 6.37272
30 , maxErr[5] 2 0.510211 -18133.8 -12039.5 30 140 0.864344 -0.057044 -0.00773835 6.37272
31 , maxErr[5] 2 0.510211 -18122.7 -12037.3 31 140 nan 0 0 6.37272
32 , maxErr[5] 2 0.510211 -18148.8 -12041.6 32 140 0.864343 -0.0571657 -0.00775493 6.37272
33 , maxErr[5] 2 0.510211 -18137.7 -12039.4 33 140 0.864357 -0.0571647 -0.00775398 6.37272
34 , maxErr[5] 2 0.510211 -18137.5 -12039.2 34 140 0.864325 -0.0571668 -0.00775608 6.37272
35 , maxErr[5] 2 0.510211 -18138 -12039.7 35 140 nan 0 0 6.37272
36 , maxErr[5] 2 0.510211 -18144.5 -12040.3 36 140 0.86417 -0.0571487 -0.00776253 6.37272
37 , maxErr[5] 2 0.510211 -18133.8 -12038.5 37 140 0.864198 -0.0571468 -0.00776065 6.37272
38 , maxErr[5] 2 0.510211 -18133.3 -12038 38 140 0.864195 -0.057147 -0.00776086 6.37272
39 , maxErr[5] 2 0.510211 -18133.3 -12038.1 39 140 nan 0 0 6.37272
40 , maxErr[5] 2 0.510211 -18142.1 -12039.1 40 140 nan 0 0 6.37272
41 , maxErr[5] 2 0.510211 -18139.7 -12038 41 140 nan 0 0 6.37272
42 , maxErr[5] 2 0.510211 -18137.4 -12036.9 42 140 nan 0 0 6.37272
43 , maxErr[5] 2 0.510211 -18135.2 -12035.9 43 140 nan 0 0 6.37272
44 , maxErr[5] 2 0.510211 -18132.9 -12034.8 44 140 nan 0 0 6.37272
45 , maxErr[5] 2 0.510211 -18130.6 -12033.7 45 140 nan 0 0 6.37272
46 , maxErr[5] 2 0.510211 -18128.3 -12032.6 46 140 nan 0 0 6.37272
47 , maxErr[5] 2 0.510211 -18125.9 -12031.5 47 140 nan 0 0 6.37272
48 , maxErr[5] 2 0.510211 -18123.6 -12030.3 48 140 nan 0 0 6.37272
49 , maxErr[5] 2 0.510211 -18121.3 -12029.2 49 140 nan 0 0 6.37272
50 , maxErr[5] 2 0.510211 -18118.9 -12028.1 50 140 nan 0 0 6.37272
51 , maxErr[5] 2 0.510211 -18116.6 -12027 51 140 0.864295 -0.115014 -0.015608 6.37272
52 , maxErr[5] 2 0.510211 -18114.9 -12025.9 52 140 nan 0 0 6.37272
53 , maxErr[5] 2 0.510211 -18191.9 -12050.8 53 140 nan 0 0 6.37272
54 , maxErr[5] 2 0.510211 -18170.6 -12047.4 54 140 0.864173 -0.0573263 -0.00778645 6.37272
55 , maxErr[5] 2 0.510211 -18159.7 -12045.5 55 140 nan 0 0 6.37272
56 , maxErr[5] 2 0.510211 -18170.4 -12047.2 56 140 0.86422 -0.0573231 -0.00778332 6.37272
57 , maxErr[5] 2 0.510211 -18159.1 -12044.9 57 140 nan 0 0 6.37272
58 , maxErr[5] 2 0.510211 -18170.4 -12047.2 58 140 0.864219 -0.0573232 -0.00778338 6.37272
59 , maxErr[5] 2 0.510211 -18159.1 -12044.9 59 140 nan 0 0 6.37272
60 , maxErr[5] 2 0.510211 -18183.2 -12048.7 60 140 nan 0 0 6.37272
61 , maxErr[5] 2 0.510211 -18161.6 -12045.1 61 140 0.864345 -0.0572525 -0.00776658 6.37272
62 , maxErr[5] 2 0.510211 -18150.5 -12042.9 62 140 nan 0 0 6.37272
63 , maxErr[5] 2 0.510211 -18161.7 -12045.2 63 140 0.864334 -0.0572532 -0.0077673 6.37272
64 , maxErr[5] 2 0.510211 -18150.5 -12042.9 64 140 nan 0 0 6.37272
65 , maxErr[5] 2 0.510211 -18162 -12045.5 65 140 0.8643 -0.0572554 -0.00776954 6.37272
66 , maxErr[5] 2 0.510211 -18150.8 -12043.2 66 140 nan 0 0 6.37272
67 , maxErr[5] 2 0.510211 -18176.6 -12047 67 140 0.864349 -0.0573742 -0.00778283 6.37272
68 , maxErr[5] 2 0.510211 -18165.6 -12045 68 140 0.864339 -0.0573748 -0.00778352 6.37272
69 , maxErr[5] 2 0.510211 -18165.7 -12045.1 69 140 0.864357 -0.0573737 -0.00778236 6.37272
70 , maxErr[5] 2 0.510211 -18165.5 -12044.9 70 140 nan 0 0 6.37272
71 , maxErr[5] 2 0.510211 -18172 -12045.5 71 140 0.864218 -0.0573544 -0.00778768 6.37272
72 , maxErr[5] 2 0.510211 -18161.1 -12043.5 72 140 0.864233 -0.0573534 -0.00778668 6.37272
73 , maxErr[5] 2 0.510211 -18160.9 -12043.3 73 140 0.864229 -0.0573536 -0.00778694 6.37272
74 , maxErr[5] 2 0.510211 -18160.9 -12043.4 74 140 nan 0 0 6.37272
75 , maxErr[5] 2 0.510211 -18169.8 -12044.5 75 140 nan 0 0 6.37272
76 , maxErr[5] 2 0.510211 -18167.5 -12043.4 76 140 nan 0 0 6.37272
77 , maxErr[5] 2 0.510211 -18165.2 -12042.3 77 140 nan 0 0 6.37272
78 , maxErr[5] 2 0.510211 -18162.9 -12041.3 78 140 nan 0 0 6.37272
79 , maxErr[5] 2 0.510211 -18160.5 -12040.1 79 140 nan 0 0 6.37272
80 , maxErr[5] 2 0.510211 -18158.1 -12039 80 140 nan 0 0 6.37272
81 , maxErr[5] 2 0.510211 -18155.8 -12037.8 81 140 nan 0 0 6.37272
82 , maxErr[5] 2 0.510211 -18153.4 -12036.6 82 140 nan 0 0 6.37272
83 , maxErr[5] 2 0.510211 -18151.1 -12035.5 83 140 nan 0 0 6.37272
84 , maxErr[5] 2 0.510211 -18148.8 -12034.5 84 140 nan 0 0 6.37272
85 , maxErr[5] 2 0.510211 -18146.7 -12033.7 85 140 nan 0 0 6.37272
86 , maxErr[5] 2 0.510211 -18144.7 -12032.8 86 140 nan 0 0 6.37272
87 , maxErr[5] 2 0.510211 -18142.7 -12032 87 140 0.864318 -0.115408 -0.0156588 6.37272
88 , maxErr[5] 2 0.510211 -18141.3 -12031.2 88 140 nan 0 0 6.37272
89 , maxErr[5] 2 0.510211 -18200.3 -12051.9 89 140 nan 0 0 6.37272
90 , maxErr[5] 2 0.510211 -18198 -12050.8 90 140 nan 0 0 6.37272
91 , maxErr[5] 2 0.510211 -18195.7 -12049.8 91 140 nan 0 0 6.37272
92 , maxErr[5] 2 0.510211 -18193.4 -12048.6 92 140 nan 0 0 6.37272
93 , maxErr[5] 2 0.510211 -18191 -12047.5 93 140 nan 0 0 6.37272
94 , maxErr[5] 2 0.510211 -18188.7 -12046.4 94 140 nan 0 0 6.37272
95 , maxErr[5] 2 0.510211 -18186.3 -12045.3 95 140 nan 0 0 6.37272
96 , maxErr[5] 2 0.510211 -18183.9 -12044.1 96 140 nan 0 0 6.37272
97 , maxErr[5] 2 0.510211 -18181.6 -12043 97 140 nan 0 0 6.37272
98 , maxErr[5] 2 0.510211 -18179.2 -12041.8 98 140 nan 0 0 6.37272
99 , maxErr[5] 2 0.510211 -18176.8 -12040.6 99 140 0.86426 -0.115897 -0.0157318 6.37272
100 , maxErr[5] 2 0.510211 -18175.3 -12039.8 100 140 nan 0 0 6.37272
101 , maxErr[5] 2 0.510211 -18200.4 -12052 101 140 nan 0 0 6.37272
102 , maxErr[5] 2 0.510211 -18198 -12050.8 102 140 nan 0 0 6.37272
103 , maxErr[5] 2 0.510211 -18195.6 -12049.7 103 140 nan 0 0 6.37272
104 , maxErr[5] 2 0.510211 -18193.2 -12048.5 104 140 nan 0 0 6.37272
105 , maxErr[5] 2 0.510211 -18190.9 -12047.5 105 140 0.864323 -0.116028 -0.0157422 6.37272
106 , maxErr[5] 2 0.510211 -18189.4 -12046.5 106 140 nan 0 0 6.37272
107 , maxErr[5] 4 0.510296 -18207.2 -12055.4 107 140 nan 0 0 6.37272
108 , maxErr[5] 4 0.510381 -18211.7 -12057.7 108 140 nan 0 0 6.37272
109 , maxErr[5] 4 0.510467 -18216.1 -12059.9 109 140 nan 0 0 6.37272
110 , maxErr[5] 4 0.510554 -18220.6 -12062.2 110 140 0.864034 0.186703 0.0253853 6.37272
111 , maxErr[5] 4 0.510632 -18224.9 -12064.4 111 140 0.864178 0.18664 0.0253498 6.37272
112 , maxErr[5] 4 0.510692 -18228.9 -12066.6 112 140 0.864308 0.186578 0.0253173 6.37272
113 , maxErr[5] 4 0.510735 -18232.5 -12068.7 113 140 0.864423 0.186519 0.0252877 6.37586
114 , maxErr[5] 4 0.510759 -18235.9 -12070.7 114 140 0.864523 0.186461 0.0252612 6.38133
115 , maxErr[5] 4 0.510767 -18239 -12072.7 115 140 0.864609 0.186405 0.0252376 6.386
116 , maxErr[5] 4 0.510767 -18241.8 -12074.6 116 140 0.86468 0.186351 0.025217 6.38988
117 , maxErr[5] 4 0.510767 -18244.2 -12076.4 117 140 0.864736 0.186298 0.0251994 6.39297
118 , maxErr[5] 4 0.510767 -18246.4 -12078.2 118 140 0.864778 0.186248 0.0251848 6.39527
119 , maxErr[5] 4 0.510767 -18248.2 -12080 119 140 nan 0 0 6.39527
120 , maxErr[5] 3 0.510767 -18203.7 -12054.1 120 140 nan 0 0 6.39527
121 , maxErr[5] 3 0.510767 -18204.7 -12055.1 121 140 nan 0 0 6.39527
122 , maxErr[5] 3 0.510767 -18205.7 -12056.1 122 140 nan 0 0 6.39527
123 , maxErr[5] 3 0.510767 -18206.2 -12056.6 123 140 nan 0 0 6.39527
124 , maxErr[5] 3 0.510767 -18206.3 -12056.7 124 140 nan 0 0 6.39527
125 , maxErr[5] 3 0.510767 -18206.4 -12056.8 125 140 nan 0 0 6.39527
126 , maxErr[5] 3 0.510767 -18206.5 -12056.9 126 140 nan 0 0 6.39527
127 , maxErr[5] 4 0.510767 -18205.4 -12055.2 127 140 nan 0 0 6.39527
128 , maxErr[5] 4 0.510767 -18208.1 -12057.2 128 140 nan 0 0 6.39527
129 , maxErr[5] 4 0.510767 -18210.8 -12059.2 129 140 nan 0 0 6.39527
130 , maxErr[5] 4 0.510767 -18213.5 -12061.2 130 140 0.86363 0.186737 0.0254652 6.39527
131 , maxErr[5] 4 0.510767 -18216 -12063.2 131 140 0.863685 0.186681 0.0254473 6.39527
132 , maxErr[5] 4 0.510767 -18218.2 -12065.1 132 140 0.863721 0.126961 0.0173021 6.39527
133 , maxErr[5] 4 0.510767 -18219.5 -12066.4 133 140 nan 0 0 6.39527
134 , maxErr[5] 3 0.510767 -18203.7 -12054.1 134 140 nan 0 0 6.39527
135 , maxErr[5] 3 0.510767 -18204.7 -12055.1 135 140 nan 0 0 6.39527
136 , maxErr[5] 3 0.510767 -18205.7 -12056.1 136 140 nan 0 0 6.39527
137 , maxErr[5] 3 0.510767 -18206.2 -12056.6 137 140 nan 0 0 6.39527
138 , maxErr[5] 3 0.510767 -18206.3 -12056.7 138 140 nan 0 0 6.39527
139 , maxErr[5] 3 0.510767 -18206.4 -12056.8 139 140 nan 0 0 6.39527
140 , maxErr[5] 3 0.510767 -18206.5 -12056.9 140 140



0 0 0 0 0 6.39527 0 an: 0 an_old: 0 gco2: 0 gco2_old> 0 ci: 0 ci_old:0 0 0 ks: 0 ksold: 0
1 0 0 0 0 6.39527 0 an: 0 an_old: 0 gco2: 0 gco2_old> 0 ci: 0 ci_old:0 0 0 ks: 0 ksold: 0
2 0 0 0 0 6.39527 0 an: 0 an_old: 0 gco2: 0 gco2_old> 0 ci: 0 ci_old:0 0 0 ks: 0 ksold: 0
3 0 0 0 0 6.39527 0 an: 0 an_old: 0 gco2: 0 gco2_old> 0 ci: 0 ci_old:0 0 0 ks: 0 ksold: 0
4 9.80472 14.3474 1.21637 0.428541 6.39527 6.43286 an: 7.88242e-07 an_old: 8.51674e-06 gco2: 0.0332834 gco2_old> 0.00216866 ci: 9.83297e-05 ci_old:4.43652e-05 -13403.1 -19146.9 ks: 7.5355e-08 ksold: 1.01381e-08
5 9.81945 14.3596 1.21637 0.428663 6.39527 6.44077 an: 7.86939e-07 an_old: 8.51425e-06 gco2: 0.0332595 gco2_old> 0.00216539 ci: 9.82946e-05 ci_old:4.43558e-05 -13404.9 -19151 ks: 7.53299e-08 ksold: 1.01239e-08
6 9.83288 14.3701 1.21637 0.428768 6.39527 6.44789 an: 7.85737e-07 an_old: 8.5118e-06 gco2: 0.0332362 gco2_old> 0.0021624 ci: 9.82604e-05 ci_old:4.43472e-05 -13406.5 -19154.8 ks: 7.53054e-08 ksold: 1.0111e-08
7 9.84501 14.3789 1.21637 0.428854 6.39527 6.45422 an: 7.84636e-07 an_old: 8.50938e-06 gco2: 0.0332136 gco2_old> 0.00215968 ci: 9.82272e-05 ci_old:4.43393e-05 -13408.2 -19158.3 ks: 7.52817e-08 ksold: 1.00992e-08
8 9.85584 14.3861 1.21637 0.428921 6.39527 6.45975 an: 7.83634e-07 an_old: 8.507e-06 gco2: 0.0331917 gco2_old> 0.00215724 ci: 9.8195e-05 ci_old:4.43322e-05 -13409.8 -19161.5 ks: 7.52586e-08 ksold: 1.00886e-08
9 9.86534 14.3917 1.21637 0.428971 6.39527 6.46448 an: 7.82734e-07 an_old: 8.50467e-06 gco2: 0.0331704 gco2_old> 0.00215508 ci: 9.81638e-05 ci_old:4.43257e-05 -13411.3 -19164.4 ks: 7.52362e-08 ksold: 1.00792e-08
10 9.87353 14.3957 1.21637 0.429002 6.39527 6.46841 an: 7.81933e-07 an_old: 8.50237e-06 gco2: 0.0331498 gco2_old> 0.00215319 ci: 9.81336e-05 ci_old:4.432e-05 -13412.8 -19167 ks: 7.52146e-08 ksold: 1.0071e-08
11 9.88038 14.398 1.21637 0.429015 6.39527 6.47154 an: 7.81234e-07 an_old: 8.50013e-06 gco2: 0.0331298 gco2_old> 0.00215157 ci: 9.81045e-05 ci_old:4.4315e-05 -13414.3 -19169.2 ks: 7.51937e-08 ksold: 1.0064e-08
12 9.88591 14.3986 1.21637 0.429015 6.39527 6.47386 an: 7.80635e-07 an_old: 8.49792e-06 gco2: 0.0331106 gco2_old> 0.00215023 ci: 9.80764e-05 ci_old:4.43107e-05 -13415.7 -19171.1 ks: 7.51736e-08 ksold: 1.00582e-08
13 9.88591 14.3986 1.21637 0.429015 6.39527 6.47386 an: 0 an_old: 0 gco2: 0 gco2_old> 0 ci: 0 ci_old:0 0 0 ks: 0 ksold: 0
14 9.88591 14.3986 1.21637 0.429015 6.39527 6.47386 an: 0 an_old: 0 gco2: 0 gco2_old> 0 ci: 0 ci_old:0 0 0 ks: 0 ksold: 0
15 9.88591 14.3986 1.21637 0.429015 6.39527 6.47386 an: 0 an_old: 0 gco2: 0 gco2_old> 0 ci: 0 ci_old:0 0 0 ks: 0 ksold: 0
16 9.88591 14.3986 1.21637 0.429015 6.39527 6.47386 an: 0 an_old: 0 gco2: 0 gco2_old> 0 ci: 0 ci_old:0 0 0 ks: 0 ksold: 0
17 9.88591 14.3986 1.21637 0.429015 6.39527 6.47386 an: 7.90886e-07 an_old: 8.51703e-06 gco2: 0.0332946 gco2_old> 0.00217604 ci: 9.8347e-05 ci_old:4.43841e-05 -13402.3 -19138.6 ks: 7.53676e-08 ksold: 1.017e-08
18 9.88591 14.3986 1.21637 0.429015 6.39527 6.47386 an: 7.90166e-07 an_old: 8.51461e-06 gco2: 0.0332732 gco2_old> 0.0021744 ci: 9.83157e-05 ci_old:4.43789e-05 -13403.8 -19140.9 ks: 7.53452e-08 ksold: 1.01629e-08
19 9.88591 14.3986 1.21637 0.429015 6.39527 6.47386 an: 7.89631e-07 an_old: 8.51259e-06 gco2: 0.0332556 gco2_old> 0.00217322 ci: 9.82901e-05 ci_old:4.43751e-05 -13405.1 -19142.6 ks: 7.53269e-08 ksold: 1.01577e-08
