psi err 

0 , maxErr[5] 2 5.16856 -3079.93 -18998.7 0 624 nan 0 0 0
1 , maxErr[5] 2 5.16856 -3063.88 -18857.6 1 624 nan 0 0 0
2 , maxErr[5] 2 5.16856 -3034.85 -18595.3 2 624 8.30249 -0.0151544 -0.140973 8.30249
3 , maxErr[5] 2 5.16856 -3029.2 -18553.3 3 624 8.30107 -0.0151569 -0.140976 8.30249
4 , maxErr[5] 2 5.16856 -3029.83 -18554 4 624 8.30296 -0.0151535 -0.140972 8.30296
5 , maxErr[5] 2 5.16856 -3028.98 -18553.1 5 624 8.30294 -0.0151535 -0.140972 8.30296
6 , maxErr[5] 2 5.16856 -3028.99 -18553.1 6 624 nan 0 0 8.30296
7 , maxErr[5] 2 5.16856 -3028.37 -18542.6 7 624 nan 0 0 8.30296
8 , maxErr[5] 2 5.16856 -3021.83 -18489.9 8 624 nan 0 0 8.30296
9 , maxErr[5] 2 5.16856 -3015.27 -18437.2 9 624 nan 0 0 8.30296
10 , maxErr[5] 2 5.16856 -3008.78 -18384.5 10 624 8.29888 -0.0149681 -0.139187 8.30296
11 , maxErr[5] 2 5.16856 -2999.8 -18320 11 624 nan 0 0 8.30296
12 , maxErr[5] 2 5.16856 -3034.8 -18595.2 12 624 8.30209 -0.0151551 -0.140974 8.30296
13 , maxErr[5] 2 5.16856 -3029.43 -18553.6 13 624 8.29873 -0.0151612 -0.14098 8.30296
14 , maxErr[5] 2 5.16856 -3028.9 -18553 14 624 8.30295 -0.0151535 -0.140972 8.30296
15 , maxErr[5] 2 5.16856 -3029.04 -18553.2 15 624 8.29875 -0.0151612 -0.14098 8.30296
16 , maxErr[5] 2 5.16856 -3028.89 -18553 16 624 nan 0 0 8.30296
17 , maxErr[5] 2 5.16856 -3028.25 -18542.5 17 624 nan 0 0 8.30296
18 , maxErr[5] 2 5.16856 -3021.73 -18489.8 18 624 nan 0 0 8.30296
19 , maxErr[5] 2 5.16856 -3015.23 -18437.1 19 624 nan 0 0 8.30296
20 , maxErr[5] 2 5.16856 -3008.72 -18384.4 20 624 8.29885 -0.0149682 -0.139187 8.30296
21 , maxErr[5] 2 5.16856 -2999.88 -18320 21 624 nan 0 0 8.30296
22 , maxErr[5] 2 5.16856 -3034.85 -18595.3 22 624 8.30243 -0.0151544 -0.140973 8.30296
23 , maxErr[5] 2 5.16856 -3029.23 -18553.4 23 624 8.30267 -0.015154 -0.140973 8.30296
24 , maxErr[5] 2 5.16856 -3029.12 -18553.3 24 624 8.30229 -0.0151547 -0.140973 8.30296
25 , maxErr[5] 2 5.16856 -3029.29 -18553.4 25 624 8.30299 -0.0151534 -0.140972 8.30299
26 , maxErr[5] 2 5.16856 -3028.97 -18553.1 26 624 nan 0 0 8.30299
27 , maxErr[5] 2 5.16856 -3028.35 -18542.6 27 624 nan 0 0 8.30299
28 , maxErr[5] 2 5.16856 -3021.95 -18490 28 624 nan 0 0 8.30299
29 , maxErr[5] 2 5.16856 -3015.57 -18437.5 29 624 nan 0 0 8.30299
30 , maxErr[5] 2 5.16856 -3009.05 -18384.8 30 624 8.30224 -0.0149621 -0.139181 8.30299
31 , maxErr[5] 2 5.16856 -3000.09 -18320.2 31 624 nan 0 0 8.30299
32 , maxErr[5] 2 5.16856 -3050.71 -18743 32 624 nan 0 0 8.30299
33 , maxErr[5] 2 5.16856 -3022.37 -18482.9 33 624 8.30295 -0.0150596 -0.140099 8.30299
34 , maxErr[5] 2 5.16856 -3018.06 -18447.8 34 624 8.30038 -0.0150643 -0.140104 8.30299
35 , maxErr[5] 2 5.16856 -3019.22 -18449 35 624 8.30303 -0.0150595 -0.140099 8.30303
36 , maxErr[5] 2 5.16856 -3018.03 -18447.8 36 624 8.30252 -0.0150604 -0.1401 8.30303
37 , maxErr[5] 2 5.16856 -3018.26 -18448 37 624 nan 0 0 8.30303
38 , maxErr[5] 2 5.16856 -3015.95 -18430.6 38 624 nan 0 0 8.30303
39 , maxErr[5] 2 5.16856 -3009.52 -18378.2 39 624 nan 0 0 8.30303
40 , maxErr[5] 2 5.16856 -3003.21 -18326 40 624 nan 0 0 8.30303
41 , maxErr[5] 2 5.16856 -2996.69 -18273.6 41 624 8.29913 -0.0148747 -0.138322 8.30303
42 , maxErr[5] 2 5.16856 -2988.61 -18215.3 42 624 nan 0 0 8.30303
43 , maxErr[5] 2 5.16856 -3021.84 -18482.3 43 624 8.30226 -0.0150609 -0.1401 8.30303
44 , maxErr[5] 2 5.16856 -3016.86 -18446.6 44 624 8.30185 -0.0150616 -0.140101 8.30303
45 , maxErr[5] 2 5.16856 -3017.04 -18446.8 45 624 8.30177 -0.0150618 -0.140101 8.30303
46 , maxErr[5] 2 5.16856 -3017.08 -18446.8 46 624 8.30192 -0.0150615 -0.140101 8.30303
47 , maxErr[5] 2 5.16856 -3017.01 -18446.8 47 624 nan 0 0 8.30303
48 , maxErr[5] 2 5.16856 -3015.31 -18429.9 48 624 nan 0 0 8.30303
49 , maxErr[5] 2 5.16856 -3008.78 -18377.5 49 624 nan 0 0 8.30303
50 , maxErr[5] 2 5.16856 -3002.27 -18325.1 50 624 nan 0 0 8.30303
51 , maxErr[5] 2 5.16856 -2995.75 -18272.7 51 624 8.2987 -0.0148755 -0.138323 8.30303
52 , maxErr[5] 2 5.16856 -2987.69 -18214.4 52 624 nan 0 0 8.30303
53 , maxErr[5] 2 5.16856 -3022 -18482.5 53 624 8.29923 -0.0150664 -0.140106 8.30303
54 , maxErr[5] 2 5.16856 -3018.05 -18447.8 54 624 8.30143 -0.0150624 -0.140102 8.30303
55 , maxErr[5] 2 5.16856 -3017.06 -18446.8 55 624 8.29947 -0.015066 -0.140105 8.30303
56 , maxErr[5] 2 5.16856 -3017.95 -18447.7 56 624 8.30306 -0.0150594 -0.140099 8.30306
57 , maxErr[5] 2 5.16856 -3018.39 -18448.1 57 624 nan 0 0 8.30306
58 , maxErr[5] 2 5.16856 -3015.51 -18430.1 58 624 nan 0 0 8.30306
59 , maxErr[5] 2 5.16856 -3009.04 -18377.8 59 624 nan 0 0 8.30306
60 , maxErr[5] 2 5.16856 -3002.91 -18325.7 60 624 nan 0 0 8.30306
61 , maxErr[5] 2 5.16856 -2996.55 -18273.5 61 624 8.29982 -0.0148735 -0.138321 8.30306
62 , maxErr[5] 2 5.16856 -2988.45 -18215.1 62 624 nan 0 0 8.30306
63 , maxErr[5] 2 5.16856 -3040.34 -18654.8 63 624 nan 0 0 8.30306
64 , maxErr[5] 2 5.16856 -3011.98 -18395.8 64 624 8.30284 -0.0149888 -0.139439 8.30306
65 , maxErr[5] 2 5.16856 -3008.68 -18367.6 65 624 8.29928 -0.0149953 -0.139445 8.30306
66 , maxErr[5] 2 5.16856 -3008.22 -18367.2 66 624 8.29989 -0.0149942 -0.139444 8.30306
67 , maxErr[5] 2 5.16856 -3007.95 -18366.9 67 624 8.29964 -0.0149946 -0.139445 8.30306
68 , maxErr[5] 2 5.16856 -3008.06 -18367 68 624 nan 0 0 8.30306
69 , maxErr[5] 2 5.16856 -3005.5 -18343.6 69 624 nan 0 0 8.30306
70 , maxErr[5] 2 5.16856 -2999.05 -18291.5 70 624 nan 0 0 8.30306
71 , maxErr[5] 2 5.16856 -2992.68 -18239.4 71 624 nan 0 0 8.30306
72 , maxErr[5] 2 5.16856 -2986.26 -18187.3 72 624 8.2993 -0.0148041 -0.137668 8.30306
73 , maxErr[5] 2 5.16856 -2979.33 -18135.9 73 624 nan 0 0 8.30306
74 , maxErr[5] 2 5.16856 -3012.17 -18395.9 74 624 8.30259 -0.0149893 -0.139439 8.30306
75 , maxErr[5] 2 5.16856 -3008.61 -18367.5 75 624 8.29886 -0.014996 -0.139446 8.30306
76 , maxErr[5] 2 5.16856 -3008.22 -18367.2 76 624 8.30136 -0.0149915 -0.139441 8.30306
77 , maxErr[5] 2 5.16856 -3009.15 -18368.1 77 624 8.299 -0.0149958 -0.139446 8.30306
78 , maxErr[5] 2 5.16856 -3008.15 -18367.1 78 624 nan 0 0 8.30306
79 , maxErr[5] 2 5.16856 -3005.72 -18343.8 79 624 nan 0 0 8.30306
80 , maxErr[5] 2 5.16856 -2999.41 -18291.8 80 624 nan 0 0 8.30306
81 , maxErr[5] 2 5.16856 -2992.96 -18239.7 81 624 nan 0 0 8.30306
82 , maxErr[5] 2 5.16856 -2986.51 -18187.6 82 624 8.29888 -0.0148049 -0.137669 8.30306
83 , maxErr[5] 2 5.16856 -2979.26 -18135.8 83 624 nan 0 0 8.30306
84 , maxErr[5] 2 5.16856 -3011.6 -18395.4 84 624 8.30045 -0.0149932 -0.139443 8.30306
85 , maxErr[5] 2 5.16856 -3008.08 -18367 85 624 8.3016 -0.0149911 -0.139441 8.30306
86 , maxErr[5] 2 5.16856 -3007.57 -18366.5 86 624 8.3011 -0.014992 -0.139442 8.30306
87 , maxErr[5] 2 5.16856 -3007.79 -18366.7 87 624 8.30118 -0.0149918 -0.139442 8.30306
88 , maxErr[5] 2 5.16856 -3007.75 -18366.7 88 624 nan 0 0 8.30306
89 , maxErr[5] 2 5.16856 -3005.23 -18343.3 89 624 nan 0 0 8.30306
90 , maxErr[5] 2 5.16856 -2999.19 -18291.6 90 624 nan 0 0 8.30306
91 , maxErr[5] 2 5.16856 -2993.23 -18240 91 624 nan 0 0 8.30306
92 , maxErr[5] 2 5.16856 -2986.97 -18188 92 624 8.3012 -0.0148008 -0.137665 8.30306
93 , maxErr[5] 2 5.16856 -2979.83 -18136.4 93 624 nan 0 0 8.30306
94 , maxErr[5] 2 5.16856 -3032.88 -18593 94 624 nan 0 0 8.30306
95 , maxErr[5] 2 5.16856 -3026.69 -18540.8 95 624 nan 0 0 8.30306
96 , maxErr[5] 2 5.16856 -3020.15 -18488.1 96 624 nan 0 0 8.30306
97 , maxErr[5] 2 5.16856 -3014.08 -18436 97 624 nan 0 0 8.30306
98 , maxErr[5] 2 5.16856 -3007.79 -18383.6 98 624 nan 0 0 8.30306
99 , maxErr[5] 2 5.16856 -3001.52 -18331.3 99 624 8.2996 -0.0149329 -0.13887 8.30306
100 , maxErr[5] 2 5.16856 -2995.63 -18286.6 100 624 nan 0 0 8.30306
101 , maxErr[5] 2 5.16856 -3026.6 -18540.7 101 624 nan 0 0 8.30306
102 , maxErr[5] 2 5.16856 -3020.3 -18488.3 102 624 nan 0 0 8.30306
103 , maxErr[5] 2 5.16856 -3013.98 -18435.9 103 624 nan 0 0 8.30306
104 , maxErr[5] 2 5.16856 -3007.56 -18383.4 104 624 nan 0 0 8.30306
105 , maxErr[5] 2 5.16856 -3001.03 -18330.8 105 624 8.29797 -0.0149359 -0.138873 8.30306
106 , maxErr[5] 2 5.16856 -2994.8 -18285.8 106 624 nan 0 0 8.30306
107 , maxErr[5] 2 5.16856 -3026.97 -18541 107 624 nan 0 0 8.30306
108 , maxErr[5] 2 5.16856 -3020.82 -18488.8 108 624 nan 0 0 8.30306
109 , maxErr[5] 2 5.16856 -3014.27 -18436.2 109 624 nan 0 0 8.30306
110 , maxErr[5] 2 5.16856 -3007.89 -18383.7 110 624 nan 0 0 8.30306
111 , maxErr[5] 2 5.16856 -3001.56 -18331.3 111 624 8.30002 -0.0149322 -0.138869 8.30306
112 , maxErr[5] 2 5.16856 -2995.41 -18286.4 112 624 nan 0 0 8.30306
113 , maxErr[5] 2 5.16856 -3025.92 -18536.4 113 624 nan 0 0 8.30306
114 , maxErr[5] 2 5.16856 -3019.4 -18483.9 114 624 nan 0 0 8.30306
115 , maxErr[5] 2 5.16856 -3012.89 -18431.4 115 624 nan 0 0 8.30306
116 , maxErr[5] 2 5.16856 -3006.36 -18379 116 624 nan 0 0 8.30306
117 , maxErr[5] 2 5.16856 -2999.96 -18326.6 117 624 nan 0 0 8.30306
118 , maxErr[5] 2 5.16856 -2993.68 -18274.4 118 624 8.29884 -0.0148909 -0.138469 8.30306
119 , maxErr[5] 2 5.16856 -2988.73 -18237.6 119 624 nan 0 0 8.30306
120 , maxErr[5] 2 5.16856 -3019.63 -18484.1 120 624 nan 0 0 8.30306
121 , maxErr[5] 2 5.16856 -3013.12 -18431.7 121 624 nan 0 0 8.30306
122 , maxErr[5] 2 5.16856 -3006.67 -18379.3 122 624 nan 0 0 8.30306
123 , maxErr[5] 2 5.16856 -3000.24 -18326.9 123 624 nan 0 0 8.30306
124 , maxErr[5] 2 5.16856 -2993.76 -18274.5 124 624 8.29855 -0.0148915 -0.138469 8.30306
125 , maxErr[5] 2 5.16856 -2988.79 -18237.7 125 624 nan 0 0 8.30306
126 , maxErr[5] 2 5.16856 -3019.49 -18484 126 624 nan 0 0 8.30306
127 , maxErr[5] 2 5.16856 -3013.04 -18431.6 127 624 nan 0 0 8.30306
128 , maxErr[5] 2 5.16856 -3006.73 -18379.4 128 624 nan 0 0 8.30306
129 , maxErr[5] 2 5.16856 -3000.43 -18327.1 129 624 nan 0 0 8.30306
130 , maxErr[5] 2 5.16856 -2994.82 -18275.6 130 624 8.29837 -0.0148918 -0.138469 8.30306
131 , maxErr[5] 2 5.16856 -2989.86 -18238.7 131 624 nan 0 0 8.30306
132 , maxErr[5] 2 5.16856 -3019.52 -18484.9 132 624 nan 0 0 8.30306
133 , maxErr[5] 2 5.16856 -3013.28 -18432.9 133 624 nan 0 0 8.30306
134 , maxErr[5] 2 5.16856 -3006.87 -18380.6 134 624 nan 0 0 8.30306
135 , maxErr[5] 2 5.16856 -3000.53 -18328.5 135 624 nan 0 0 8.30306
136 , maxErr[5] 2 5.16856 -2994.24 -18276.4 136 624 nan 0 0 8.30306
137 , maxErr[5] 2 5.16856 -2987.99 -18224.3 137 624 8.29958 -0.0148513 -0.13811 8.30306
138 , maxErr[5] 2 5.16856 -2984.31 -18196.4 138 624 nan 0 0 8.30306
139 , maxErr[5] 2 5.16856 -3013.12 -18432.7 139 624 nan 0 0 8.30306
140 , maxErr[5] 2 5.16856 -3006.97 -18380.7 140 624 nan 0 0 8.30306
141 , maxErr[5] 2 5.16856 -3000.68 -18328.6 141 624 nan 0 0 8.30306
142 , maxErr[5] 2 5.16856 -2994.24 -18276.4 142 624 nan 0 0 8.30306
143 , maxErr[5] 2 5.16856 -2987.77 -18224.1 143 624 8.30124 -0.0148483 -0.138108 8.30306
144 , maxErr[5] 2 5.16856 -2983.8 -18195.9 144 624 nan 0 0 8.30306
145 , maxErr[5] 2 5.16856 -3013.54 -18433.1 145 624 nan 0 0 8.30306
146 , maxErr[5] 2 5.16856 -3007.2 -18381 146 624 nan 0 0 8.30306
147 , maxErr[5] 2 5.16856 -3000.84 -18328.8 147 624 nan 0 0 8.30306
148 , maxErr[5] 2 5.16856 -2994.37 -18276.5 148 624 nan 0 0 8.30306
149 , maxErr[5] 2 5.16856 -2987.89 -18224.2 149 624 8.3004 -0.0148498 -0.138109 8.30306
150 , maxErr[5] 2 5.16856 -2984.05 -18196.2 150 624 nan 0 0 8.30306
151 , maxErr[5] 2 5.16856 -3013.76 -18438.8 151 624 nan 0 0 8.30306
152 , maxErr[5] 2 5.16856 -3007.26 -18386.5 152 624 nan 0 0 8.30306
153 , maxErr[5] 2 5.16856 -3000.79 -18334.2 153 624 nan 0 0 8.30306
154 , maxErr[5] 2 5.16856 -2994.31 -18281.8 154 624 nan 0 0 8.30306
155 , maxErr[5] 2 5.16856 -2987.8 -18229.5 155 624 8.29923 -0.014858 -0.138168 8.30306
156 , maxErr[5] 2 5.16856 -2984.05 -18202.8 156 624 nan 0 0 8.30306
157 , maxErr[5] 2 5.16856 -3007.68 -18386.9 157 624 nan 0 0 8.30306
158 , maxErr[5] 2 5.16856 -3001.2 -18334.6 158 624 nan 0 0 8.30306
159 , maxErr[5] 2 5.16856 -2994.71 -18282.2 159 624 nan 0 0 8.30306
160 , maxErr[5] 2 5.16856 -2988.19 -18229.9 160 624 8.30213 -0.0148528 -0.138162 8.30306
161 , maxErr[5] 2 5.16856 -2984.43 -18203.2 161 624 nan 0 0 8.30306
162 , maxErr[5] 2 5.16856 -3007.69 -18386.9 162 624 nan 0 0 8.30306
163 , maxErr[5] 2 5.16856 -3001.22 -18334.6 163 624 nan 0 0 8.30306
164 , maxErr[5] 2 5.16856 -2994.71 -18282.2 164 624 nan 0 0 8.30306
165 , maxErr[5] 2 5.16856 -2988.2 -18229.9 165 624 8.30187 -0.0148532 -0.138163 8.30306
166 , maxErr[5] 2 5.16856 -2984.54 -18203.3 166 624 nan 0 0 8.30306
167 , maxErr[5] 2 5.16856 -3008.47 -18397.8 167 624 nan 0 0 8.30306
168 , maxErr[5] 2 5.16856 -3001.98 -18345.6 168 624 nan 0 0 8.30306
169 , maxErr[5] 2 5.16856 -2995.63 -18293.5 169 624 nan 0 0 8.30306
170 , maxErr[5] 2 5.16856 -2989.28 -18241.4 170 624 nan 0 0 8.30306
171 , maxErr[5] 2 5.16856 -2982.89 -18189.3 171 624 8.30179 -0.014819 -0.137843 8.30306
172 , maxErr[5] 2 5.16856 -2979.33 -18162.9 172 624 nan 0 0 8.30306
173 , maxErr[5] 2 5.16856 -3002.05 -18345.7 173 624 nan 0 0 8.30306
174 , maxErr[5] 2 5.16856 -2996 -18293.9 174 624 nan 0 0 8.30306
175 , maxErr[5] 2 5.16856 -2989.73 -18241.9 175 624 nan 0 0 8.30306
176 , maxErr[5] 2 5.16856 -2983.45 -18189.9 176 624 8.29957 -0.014823 -0.137847 8.30306
177 , maxErr[5] 2 5.16856 -2979.76 -18163.3 177 624 nan 0 0 8.30306
178 , maxErr[5] 2 5.16856 -3001.96 -18345.6 178 624 nan 0 0 8.30306
179 , maxErr[5] 2 5.16856 -2995.48 -18293.4 179 624 nan 0 0 8.30306
180 , maxErr[5] 2 5.16856 -2988.98 -18241.1 180 624 nan 0 0 8.30306
181 , maxErr[5] 2 5.16856 -2982.51 -18188.9 181 624 8.29902 -0.0148239 -0.137848 8.30306
182 , maxErr[5] 2 5.16856 -2978.89 -18162.4 182 624 nan 0 0 8.30306
183 , maxErr[5] 2 5.16856 -3003.74 -18362 183 624 nan 0 0 8.30306
184 , maxErr[5] 2 5.16856 -2997.37 -18309.9 184 624 nan 0 0 8.30306
185 , maxErr[5] 2 5.16856 -2990.87 -18257.6 185 624 nan 0 0 8.30306
186 , maxErr[5] 2 5.16856 -2984.35 -18205.3 186 624 8.29816 -0.0148397 -0.137981 8.30306
187 , maxErr[5] 2 5.16856 -2980.93 -18179 187 624 nan 0 0 8.30306
188 , maxErr[5] 2 5.16856 -2997.26 -18309.8 188 624 nan 0 0 8.30306
189 , maxErr[5] 2 5.16856 -2991.01 -18257.7 189 624 nan 0 0 8.30306
190 , maxErr[5] 2 5.16856 -2984.9 -18205.8 190 624 8.30104 -0.0148345 -0.137976 8.30306
191 , maxErr[5] 2 5.16856 -2981.15 -18179.2 191 624 nan 0 0 8.30306
192 , maxErr[5] 2 5.16856 -2997.29 -18309.8 192 624 nan 0 0 8.30306
193 , maxErr[5] 2 5.16856 -2990.83 -18257.6 193 624 nan 0 0 8.30306
194 , maxErr[5] 2 5.16856 -2984.33 -18205.3 194 624 8.29873 -0.0148386 -0.13798 8.30306
195 , maxErr[5] 2 5.16856 -2980.7 -18178.8 195 624 nan 0 0 8.30306
196 , maxErr[5] 2 5.16856 -2999.65 -18331.5 196 624 nan 0 0 8.30306
197 , maxErr[5] 2 5.16856 -2993.45 -18279.6 197 624 nan 0 0 8.30306
198 , maxErr[5] 2 5.16856 -2987.27 -18227.7 198 624 nan 0 0 8.30306
199 , maxErr[5] 2 5.16856 -2980.93 -18175.7 199 624 8.30004 -0.0148108 -0.137741 8.30306
200 , maxErr[5] 2 5.16856 -2977.22 -18149.1 200 624 nan 0 0 8.30306
201 , maxErr[5] 2 5.16856 -2993.27 -18279.4 201 624 nan 0 0 8.30306
202 , maxErr[5] 2 5.16856 -2986.77 -18227.2 202 624 nan 0 0 8.30306
203 , maxErr[5] 2 5.16856 -2980.36 -18175.1 203 624 8.298 -0.0148144 -0.137744 8.30306
204 , maxErr[5] 2 5.16856 -2976.64 -18148.6 204 624 nan 0 0 8.30306
205 , maxErr[5] 2 5.16856 -2993.39 -18279.6 205 624 nan 0 0 8.30306
206 , maxErr[5] 2 5.16856 -2987.3 -18227.8 206 624 nan 0 0 8.30306
207 , maxErr[5] 2 5.16856 -2980.95 -18175.7 207 624 8.30004 -0.0148108 -0.137741 8.30306
208 , maxErr[5] 2 5.16856 -2977.2 -18149.1 208 624 nan 0 0 8.30306
209 , maxErr[5] 2 5.16856 -2996.05 -18306.1 209 624 nan 0 0 8.30306
210 , maxErr[5] 2 5.16856 -2989.92 -18254.3 210 624 nan 0 0 8.30306
211 , maxErr[5] 2 5.16856 -2983.54 -18202.1 211 624 8.30104 -0.0148322 -0.137955 8.30306
212 , maxErr[5] 2 5.16856 -2979.9 -18175.6 212 624 nan 0 0 8.30306
213 , maxErr[5] 2 5.16856 -2989.64 -18254 213 624 nan 0 0 8.30306
214 , maxErr[5] 2 5.16856 -2983.22 -18201.8 214 624 8.29782 -0.0148379 -0.13796 8.30306
215 , maxErr[5] 2 5.16856 -2979.58 -18175.3 215 624 nan 0 0 8.30306
216 , maxErr[5] 2 5.16856 -2989.87 -18254.2 216 624 nan 0 0 8.30306
217 , maxErr[5] 2 5.16856 -2983.91 -18202.5 217 624 8.2986 -0.0148365 -0.137959 8.30306
218 , maxErr[5] 2 5.16856 -2980.6 -18176.3 218 624 nan 0 0 8.30306
219 , maxErr[5] 2 5.16856 -2993.16 -18286.1 219 624 nan 0 0 8.30306
220 , maxErr[5] 2 5.16856 -2986.86 -18234 220 624 8.30124 -0.0148597 -0.138213 8.30306
221 , maxErr[5] 2 5.16856 -2983.36 -18207.6 221 624 nan 0 0 8.30306
222 , maxErr[5] 2 5.16856 -2987.28 -18234.4 222 624 8.29824 -0.014865 -0.138219 8.30306
223 , maxErr[5] 2 5.16856 -2984.28 -18208.5 223 624 nan 0 0 8.30306
224 , maxErr[5] 2 5.16856 -2986.92 -18234 224 624 8.30094 -0.0148602 -0.138214 8.30306
225 , maxErr[5] 2 5.16856 -2983.44 -18207.6 225 624 nan 0 0 8.30306
226 , maxErr[5] 2 5.16856 -2990.82 -18271.3 226 624 nan 0 0 8.30306
227 , maxErr[5] 2 5.16856 -2985.1 -18219.8 227 624 8.29754 -0.0148542 -0.138107 8.30306
228 , maxErr[5] 2 5.16856 -2981.71 -18193.5 228 624 nan 0 0 8.30306
229 , maxErr[5] 2 5.16856 -2984.58 -18219.3 229 624 8.29992 -0.0148499 -0.138103 8.30306
230 , maxErr[5] 2 5.16856 -2981.19 -18193 230 624 nan 0 0 8.30306
231 , maxErr[5] 2 5.16856 -2984.57 -18219.3 231 624 8.29948 -0.0148507 -0.138104 8.30306
232 , maxErr[5] 2 5.16856 -2981.39 -18193.2 232 624 nan 0 0 8.30306
233 , maxErr[5] 2 5.16856 -2989.02 -18261.7 233 624 8.30134 -0.0148844 -0.138445 8.30306
234 , maxErr[5] 2 5.16856 -2985.27 -18235 234 624 8.30136 -0.0148844 -0.138445 8.30306
235 , maxErr[5] 2 5.16856 -2985.26 -18235 235 624 8.3012 -0.0148847 -0.138445 8.30306
236 , maxErr[5] 2 5.16856 -2985.34 -18235.1 236 624 nan 0 0 8.30306
237 , maxErr[5] 2 5.16856 -2987.65 -18257.3 237 624 nan 0 0 8.30306
238 , maxErr[5] 2 5.16856 -2986.29 -18252.8 238 624 nan 0 0 8.30306
239 , maxErr[5] 2 5.16856 -2985.01 -18248.3 239 624 nan 0 0 8.30306
240 , maxErr[5] 2 5.16856 -2983.63 -18243.8 240 624 nan 0 0 8.30306
241 , maxErr[5] 2 5.16856 -2982.32 -18239.4 241 624 nan 0 0 8.30306
242 , maxErr[5] 2 5.16856 -2980.96 -18234.9 242 624 nan 0 0 8.30306
243 , maxErr[5] 2 5.16856 -2979.59 -18230.4 243 624 nan 0 0 8.30306
244 , maxErr[5] 2 5.16856 -2978.23 -18225.9 244 624 nan 0 0 8.30306
245 , maxErr[5] 2 5.16856 -2976.94 -18221.5 245 624 nan 0 0 8.30306
246 , maxErr[5] 2 5.16856 -2975.58 -18217 246 624 nan 0 0 8.30306
247 , maxErr[5] 2 5.16856 -2974.22 -18212.5 247 624 nan 0 0 8.30306
248 , maxErr[5] 2 5.16856 -2972.87 -18208 248 624 8.29828 -0.0299696 -0.278665 8.30306
249 , maxErr[5] 2 5.16856 -2971.69 -18205.3 249 624 nan 0 0 8.30306
250 , maxErr[5] 2 5.16856 -3069.46 -18909.3 250 624 nan 0 0 8.30306
251 , maxErr[5] 2 5.16856 -3040.36 -18646.2 251 624 8.30117 -0.0152076 -0.141449 8.30306
252 , maxErr[5] 2 5.16856 -3036.44 -18616.2 252 624 8.30171 -0.0152067 -0.141448 8.30306
253 , maxErr[5] 2 5.16856 -3036.2 -18615.9 253 624 8.30021 -0.0152094 -0.141451 8.30306
254 , maxErr[5] 2 5.16856 -3036.88 -18616.6 254 624 8.30106 -0.0152078 -0.141449 8.30306
255 , maxErr[5] 2 5.16856 -3036.49 -18616.2 255 624 nan 0 0 8.30306
256 , maxErr[5] 2 5.16856 -3034.02 -18593.5 256 624 nan 0 0 8.30306
257 , maxErr[5] 2 5.16856 -3027.66 -18540.8 257 624 nan 0 0 8.30306
258 , maxErr[5] 2 5.16856 -3021.13 -18487.9 258 624 nan 0 0 8.30306
259 , maxErr[5] 2 5.16856 -3014.6 -18435.1 259 624 8.30021 -0.0150156 -0.139648 8.30306
260 , maxErr[5] 2 5.16856 -3007.37 -18381.8 260 624 nan 0 0 8.30306
261 , maxErr[5] 2 5.16856 -3040.34 -18646.2 261 624 8.30194 -0.0152062 -0.141447 8.30306
262 , maxErr[5] 2 5.16856 -3036.11 -18615.8 262 624 8.30149 -0.0152071 -0.141448 8.30306
263 , maxErr[5] 2 5.16856 -3036.32 -18616 263 624 8.30156 -0.0152069 -0.141448 8.30306
264 , maxErr[5] 2 5.16856 -3036.28 -18616 264 624 8.30025 -0.0152093 -0.141451 8.30306
265 , maxErr[5] 2 5.16856 -3036.88 -18616.6 265 624 nan 0 0 8.30306
266 , maxErr[5] 2 5.16856 -3034 -18593.5 266 624 nan 0 0 8.30306
267 , maxErr[5] 2 5.16856 -3027.43 -18540.6 267 624 nan 0 0 8.30306
268 , maxErr[5] 2 5.16856 -3020.99 -18487.8 268 624 nan 0 0 8.30306
269 , maxErr[5] 2 5.16856 -3014.65 -18435.1 269 624 8.2996 -0.0150167 -0.139649 8.30306
270 , maxErr[5] 2 5.16856 -3007.6 -18382 270 624 nan 0 0 8.30306
271 , maxErr[5] 2 5.16856 -3040.27 -18646.1 271 624 8.30184 -0.0152064 -0.141448 8.30306
272 , maxErr[5] 2 5.16856 -3036.23 -18615.9 272 624 8.30182 -0.0152064 -0.141448 8.30306
273 , maxErr[5] 2 5.16856 -3036.24 -18616 273 624 8.30113 -0.0152077 -0.141449 8.30306
274 , maxErr[5] 2 5.16856 -3036.55 -18616.3 274 624 8.30156 -0.0152069 -0.141448 8.30306
275 , maxErr[5] 2 5.16856 -3036.36 -18616.1 275 624 nan 0 0 8.30306
276 , maxErr[5] 2 5.16856 -3034.08 -18593.6 276 624 nan 0 0 8.30306
277 , maxErr[5] 2 5.16856 -3027.8 -18540.9 277 624 nan 0 0 8.30306
278 , maxErr[5] 2 5.16856 -3021.35 -18488.2 278 624 nan 0 0 8.30306
279 , maxErr[5] 2 5.16856 -3014.87 -18435.4 279 624 8.29945 -0.015017 -0.13965 8.30306
280 , maxErr[5] 2 5.16856 -3007.44 -18381.9 280 624 nan 0 0 8.30306
281 , maxErr[5] 2 5.16856 -3061.82 -18846.5 281 624 nan 0 0 8.30306
282 , maxErr[5] 2 5.16856 -3055.2 -18793.2 282 624 nan 0 0 8.30306
283 , maxErr[5] 2 5.16856 -3048.58 -18739.8 283 624 nan 0 0 8.30306
284 , maxErr[5] 2 5.16856 -3042.02 -18686.5 284 624 nan 0 0 8.30306
285 , maxErr[5] 2 5.16856 -3035.45 -18633.2 285 624 nan 0 0 8.30306
286 , maxErr[5] 2 5.16856 -3028.86 -18579.9 286 624 8.30167 -0.0151439 -0.140863 8.30306
287 , maxErr[5] 2 5.16856 -3022.53 -18533 287 624 nan 0 0 8.30306
288 , maxErr[5] 2 5.16856 -3055.48 -18793.5 288 624 nan 0 0 8.30306
289 , maxErr[5] 2 5.16856 -3049.48 -18740.7 289 624 nan 0 0 8.30306
290 , maxErr[5] 2 5.16856 -3043.49 -18688 290 624 nan 0 0 8.30306
291 , maxErr[5] 2 5.16856 -3037.75 -18635.5 291 624 nan 0 0 8.30306
292 , maxErr[5] 2 5.16856 -3032 -18583 292 624 8.29867 -0.0151494 -0.140869 8.30306
293 , maxErr[5] 2 5.16856 -3026.89 -18537.4 293 624 nan 0 0 8.30306
294 , maxErr[5] 2 5.16856 -3055.6 -18793.6 294 624 nan 0 0 8.30306
295 , maxErr[5] 2 5.16856 -3049 -18740.3 295 624 nan 0 0 8.30306
296 , maxErr[5] 2 5.16856 -3042.45 -18687 296 624 nan 0 0 8.30306
297 , maxErr[5] 2 5.16856 -3035.83 -18633.6 297 624 nan 0 0 8.30306
298 , maxErr[5] 2 5.16856 -3029.33 -18580.4 298 624 8.29914 -0.0151485 -0.140868 8.30306
299 , maxErr[5] 2 5.16856 -3023.19 -18533.7 299 624 nan 0 0 8.30306
300 , maxErr[5] 2 5.16856 -3054.87 -18789.2 300 624 nan 0 0 8.30306
301 , maxErr[5] 2 5.16856 -3048.43 -18736.2 301 624 nan 0 0 8.30306
302 , maxErr[5] 2 5.16856 -3041.94 -18683.1 302 624 nan 0 0 8.30306
303 , maxErr[5] 2 5.16856 -3035.34 -18629.9 303 624 nan 0 0 8.30306
304 , maxErr[5] 2 5.16856 -3028.75 -18576.7 304 624 nan 0 0 8.30306
305 , maxErr[5] 2 5.16856 -3022.18 -18523.5 305 624 8.30001 -0.0151027 -0.140455 8.30306
306 , maxErr[5] 2 5.16856 -3016.71 -18484.1 306 624 nan 0 0 8.30306
307 , maxErr[5] 2 5.16856 -3048.46 -18736.2 307 624 nan 0 0 8.30306
308 , maxErr[5] 2 5.16856 -3041.94 -18683.1 308 624 nan 0 0 8.30306
309 , maxErr[5] 2 5.16856 -3035.71 -18630.2 309 624 nan 0 0 8.30306
310 , maxErr[5] 2 5.16856 -3029.18 -18577.1 310 624 nan 0 0 8.30306
311 , maxErr[5] 2 5.16856 -3022.76 -18524.1 311 624 8.30008 -0.0151026 -0.140455 8.30306
312 , maxErr[5] 2 5.16856 -3018.16 -18485.5 312 624 nan 0 0 8.30306
313 , maxErr[5] 2 5.16856 -3049.18 -18736.9 313 624 nan 0 0 8.30306
314 , maxErr[5] 2 5.16856 -3042.93 -18684.1 314 624 nan 0 0 8.30306
315 , maxErr[5] 2 5.16856 -3036.33 -18630.9 315 624 nan 0 0 8.30306
316 , maxErr[5] 2 5.16856 -3029.72 -18577.6 316 624 nan 0 0 8.30306
317 , maxErr[5] 2 5.16856 -3023.11 -18524.4 317 624 8.30022 -0.0151023 -0.140455 8.30306
318 , maxErr[5] 2 5.16856 -3017.75 -18485.1 318 624 nan 0 0 8.30306
319 , maxErr[5] 2 5.16856 -3048.38 -18737 319 624 nan 0 0 8.30306
320 , maxErr[5] 2 5.16856 -3041.79 -18684 320 624 nan 0 0 8.30306
321 , maxErr[5] 2 5.16856 -3035.27 -18631 321 624 nan 0 0 8.30306
322 , maxErr[5] 2 5.16856 -3028.74 -18578 322 624 nan 0 0 8.30306
323 , maxErr[5] 2 5.16856 -3022.27 -18525 323 624 nan 0 0 8.30306
324 , maxErr[5] 2 5.16856 -3015.81 -18472.1 324 624 8.2987 -0.0150659 -0.140093 8.30306
325 , maxErr[5] 2 5.16856 -3011.65 -18441.3 325 624 nan 0 0 8.30306
326 , maxErr[5] 2 5.16856 -3041.95 -18684.1 326 624 nan 0 0 8.30306
327 , maxErr[5] 2 5.16856 -3035.41 -18631.1 327 624 nan 0 0 8.30306
328 , maxErr[5] 2 5.16856 -3028.82 -18578 328 624 nan 0 0 8.30306
329 , maxErr[5] 2 5.16856 -3022.23 -18525 329 624 nan 0 0 8.30306
330 , maxErr[5] 2 5.16856 -3015.64 -18471.9 330 624 8.29983 -0.0150638 -0.140091 8.30306
331 , maxErr[5] 2 5.16856 -3011.3 -18440.9 331 624 nan 0 0 8.30306
332 , maxErr[5] 2 5.16856 -3041.82 -18684 332 624 nan 0 0 8.30306
333 , maxErr[5] 2 5.16856 -3035.32 -18631 333 624 nan 0 0 8.30306
334 , maxErr[5] 2 5.16856 -3028.75 -18578 334 624 nan 0 0 8.30306
335 , maxErr[5] 2 5.16856 -3022.17 -18524.9 335 624 nan 0 0 8.30306
336 , maxErr[5] 2 5.16856 -3015.78 -18472.1 336 624 8.29873 -0.0150658 -0.140093 8.30306
337 , maxErr[5] 2 5.16856 -3011.66 -18441.3 337 624 nan 0 0 8.30306
338 , maxErr[5] 2 5.16856 -3042.46 -18690.2 338 624 nan 0 0 8.30306
339 , maxErr[5] 2 5.16856 -3035.88 -18637.1 339 624 nan 0 0 8.30306
340 , maxErr[5] 2 5.16856 -3029.3 -18584 340 624 nan 0 0 8.30306
341 , maxErr[5] 2 5.16856 -3022.74 -18531 341 624 nan 0 0 8.30306
342 , maxErr[5] 2 5.16856 -3016.19 -18477.9 342 624 8.29958 -0.0150718 -0.140162 8.30306
343 , maxErr[5] 2 5.16856 -3012.59 -18451.1 343 624 nan 0 0 8.30306
344 , maxErr[5] 2 5.16856 -3035.86 -18637.1 344 624 nan 0 0 8.30306
345 , maxErr[5] 2 5.16856 -3029.62 -18584.3 345 624 nan 0 0 8.30306
346 , maxErr[5] 2 5.16856 -3023.29 -18531.5 346 624 nan 0 0 8.30306
347 , maxErr[5] 2 5.16856 -3016.69 -18478.4 347 624 8.30231 -0.0150669 -0.140157 8.30306
348 , maxErr[5] 2 5.16856 -3012.91 -18451.4 348 624 nan 0 0 8.30306
349 , maxErr[5] 2 5.16856 -3035.89 -18637.1 349 624 nan 0 0 8.30306
350 , maxErr[5] 2 5.16856 -3029.32 -18584 350 624 nan 0 0 8.30306
351 , maxErr[5] 2 5.16856 -3023.02 -18531.2 351 624 nan 0 0 8.30306
352 , maxErr[5] 2 5.16856 -3016.53 -18478.3 352 624 8.2984 -0.015074 -0.140164 8.30306
353 , maxErr[5] 2 5.16856 -3012.79 -18451.3 353 624 nan 0 0 8.30306
354 , maxErr[5] 2 5.16856 -3037.13 -18648.7 354 624 nan 0 0 8.30306
355 , maxErr[5] 2 5.16856 -3030.57 -18595.7 355 624 nan 0 0 8.30306
356 , maxErr[5] 2 5.16856 -3024 -18542.7 356 624 nan 0 0 8.30306
357 , maxErr[5] 2 5.16856 -3017.53 -18489.9 357 624 nan 0 0 8.30306
358 , maxErr[5] 2 5.16856 -3011.06 -18437 358 624 8.29884 -0.0150383 -0.139839 8.30306
359 , maxErr[5] 2 5.16856 -3007.39 -18410.1 359 624 nan 0 0 8.30306
360 , maxErr[5] 2 5.16856 -3030.66 -18595.8 360 624 nan 0 0 8.30306
361 , maxErr[5] 2 5.16856 -3024.49 -18543.2 361 624 nan 0 0 8.30306
362 , maxErr[5] 2 5.16856 -3018.1 -18490.4 362 624 nan 0 0 8.30306
363 , maxErr[5] 2 5.16856 -3011.8 -18437.7 363 624 8.30018 -0.0150358 -0.139836 8.30306
364 , maxErr[5] 2 5.16856 -3008.1 -18410.8 364 624 nan 0 0 8.30306
365 , maxErr[5] 2 5.16856 -3030.64 -18595.8 365 624 nan 0 0 8.30306
366 , maxErr[5] 2 5.16856 -3024.13 -18542.9 366 624 nan 0 0 8.30306
367 , maxErr[5] 2 5.16856 -3017.56 -18489.9 367 624 nan 0 0 8.30306
368 , maxErr[5] 2 5.16856 -3010.99 -18436.9 368 624 8.29908 -0.0150378 -0.139838 8.30306
369 , maxErr[5] 2 5.16856 -3007.35 -18410.1 369 624 nan 0 0 8.30306
370 , maxErr[5] 2 5.16856 -3032.35 -18612.4 370 624 nan 0 0 8.30306
371 , maxErr[5] 2 5.16856 -3026.01 -18559.6 371 624 nan 0 0 8.30306
372 , maxErr[5] 2 5.16856 -3019.58 -18506.7 372 624 nan 0 0 8.30306
373 , maxErr[5] 2 5.16856 -3013.01 -18453.7 373 624 8.30232 -0.0150464 -0.139966 8.30306
374 , maxErr[5] 2 5.16856 -3009.49 -18427 374 624 nan 0 0 8.30306
375 , maxErr[5] 2 5.16856 -3025.98 -18559.6 375 624 nan 0 0 8.30306
376 , maxErr[5] 2 5.16856 -3019.51 -18506.7 376 624 nan 0 0 8.30306
377 , maxErr[5] 2 5.16856 -3012.95 -18453.7 377 624 8.29822 -0.0150538 -0.139973 8.30306
378 , maxErr[5] 2 5.16856 -3009.33 -18426.8 378 624 nan 0 0 8.30306
379 , maxErr[5] 2 5.16856 -3026.09 -18559.7 379 624 nan 0 0 8.30306
380 , maxErr[5] 2 5.16856 -3019.85 -18507 380 624 nan 0 0 8.30306
381 , maxErr[5] 2 5.16856 -3013.33 -18454 381 624 8.30142 -0.015048 -0.139968 8.30306
382 , maxErr[5] 2 5.16856 -3009.57 -18427.1 382 624 nan 0 0 8.30306
383 , maxErr[5] 2 5.16856 -3028.17 -18581.4 383 624 nan 0 0 8.30306
384 , maxErr[5] 2 5.16856 -3021.64 -18528.5 384 624 nan 0 0 8.30306
385 , maxErr[5] 2 5.16856 -3015.32 -18475.8 385 624 nan 0 0 8.30306
386 , maxErr[5] 2 5.16856 -3009.04 -18423.2 386 624 8.30124 -0.0150224 -0.139727 8.30306
387 , maxErr[5] 2 5.16856 -3005.5 -18396.5 387 624 nan 0 0 8.30306
388 , maxErr[5] 2 5.16856 -3021.95 -18528.8 388 624 nan 0 0 8.30306
389 , maxErr[5] 2 5.16856 -3015.58 -18476.1 389 624 nan 0 0 8.30306
390 , maxErr[5] 2 5.16856 -3009.2 -18423.4 390 624 8.30088 -0.0150231 -0.139728 8.30306
391 , maxErr[5] 2 5.16856 -3005.51 -18396.5 391 624 nan 0 0 8.30306
392 , maxErr[5] 2 5.16856 -3021.67 -18528.6 392 624 nan 0 0 8.30306
393 , maxErr[5] 2 5.16856 -3015.17 -18475.7 393 624 nan 0 0 8.30306
394 , maxErr[5] 2 5.16856 -3008.79 -18423 394 624 8.29782 -0.0150287 -0.139734 8.30306
395 , maxErr[5] 2 5.16856 -3005.23 -18396.2 395 624 nan 0 0 8.30306
396 , maxErr[5] 2 5.16856 -3024.51 -18555.7 396 624 nan 0 0 8.30306
397 , maxErr[5] 2 5.16856 -3018.12 -18502.9 397 624 nan 0 0 8.30306
398 , maxErr[5] 2 5.16856 -3012.25 -18450.6 398 624 8.30018 -0.0150479 -0.139948 8.30306
399 , maxErr[5] 2 5.16856 -3008.57 -18423.7 399 624 nan 0 0 8.30306
400 , maxErr[5] 2 5.16856 -3018.15 -18502.9 400 624 nan 0 0 8.30306
401 , maxErr[5] 2 5.16856 -3011.62 -18449.9 401 624 8.29853 -0.0150509 -0.139951 8.30306
402 , maxErr[5] 2 5.16856 -3007.89 -18423 402 624 nan 0 0 8.30306
403 , maxErr[5] 2 5.16856 -3017.92 -18502.7 403 624 nan 0 0 8.30306
404 , maxErr[5] 2 5.16856 -3011.37 -18449.7 404 624 8.29973 -0.0150487 -0.139949 8.30306
405 , maxErr[5] 2 5.16856 -3007.61 -18422.7 405 624 nan 0 0 8.30306
406 , maxErr[5] 2 5.16856 -3021.53 -18535.4 406 624 nan 0 0 8.30306
407 , maxErr[5] 2 5.16856 -3015.42 -18482.9 407 624 nan 0 0 8.30306
408 , maxErr[5] 2 5.16856 -3008.92 -18430 408 624 8.30128 -0.0150291 -0.13979 8.30306
409 , maxErr[5] 2 5.16856 -3005.21 -18403.1 409 624 nan 0 0 8.30306
410 , maxErr[5] 2 5.16856 -3015.32 -18482.8 410 624 nan 0 0 8.30306
411 , maxErr[5] 2 5.16856 -3008.98 -18430 411 624 8.30104 -0.0150295 -0.13979 8.30306
412 , maxErr[5] 2 5.16856 -3005.26 -18403.1 412 624 nan 0 0 8.30306
413 , maxErr[5] 2 5.16856 -3015.16 -18482.6 413 624 nan 0 0 8.30306
414 , maxErr[5] 2 5.16856 -3008.6 -18429.7 414 624 8.29808 -0.0150349 -0.139796 8.30306
415 , maxErr[5] 2 5.16856 -3004.92 -18402.8 415 624 nan 0 0 8.30306
416 , maxErr[5] 2 5.16856 -3019.14 -18520.3 416 624 nan 0 0 8.30306
417 , maxErr[5] 2 5.16856 -3012.9 -18467.6 417 624 8.30035 -0.0150636 -0.140097 8.30306
418 , maxErr[5] 2 5.16856 -3009.75 -18441.2 418 624 nan 0 0 8.30306
419 , maxErr[5] 2 5.16856 -3012.78 -18467.5 419 624 8.29765 -0.0150685 -0.140102 8.30306
420 , maxErr[5] 2 5.16856 -3009.03 -18440.5 420 624 nan 0 0 8.30306
421 , maxErr[5] 2 5.16856 -3012.77 -18467.5 421 624 8.30184 -0.0150609 -0.140094 8.30306
422 , maxErr[5] 2 5.16856 -3009.21 -18440.7 422 624 nan 0 0 8.30306
423 , maxErr[5] 2 5.16856 -3017.19 -18510.5 423 624 8.29876 -0.0151041 -0.140449 8.30306
424 , maxErr[5] 2 5.16856 -3013.41 -18483.4 424 624 8.2984 -0.0151047 -0.14045 8.30306
425 , maxErr[5] 2 5.16856 -3013.57 -18483.6 425 624 8.29818 -0.0151051 -0.14045 8.30306
426 , maxErr[5] 2 5.16856 -3013.66 -18483.7 426 624 nan 0 0 8.30306
427 , maxErr[5] 2 5.16856 -3015.85 -18506 427 624 nan 0 0 8.30306
428 , maxErr[5] 2 5.16856 -3014.49 -18501.4 428 624 nan 0 0 8.30306
429 , maxErr[5] 2 5.16856 -3013.12 -18496.9 429 624 nan 0 0 8.30306
430 , maxErr[5] 2 5.16856 -3011.92 -18492.5 430 624 nan 0 0 8.30306
431 , maxErr[5] 2 5.16856 -3010.73 -18488.1 431 624 nan 0 0 8.30306
432 , maxErr[5] 2 5.16856 -3009.44 -18483.7 432 624 nan 0 0 8.30306
433 , maxErr[5] 2 5.16856 -3008.29 -18479.3 433 624 nan 0 0 8.30306
434 , maxErr[5] 2 5.16856 -3007.03 -18474.9 434 624 nan 0 0 8.30306
435 , maxErr[5] 2 5.16856 -3005.8 -18470.5 435 624 nan 0 0 8.30306
436 , maxErr[5] 2 5.16856 -3004.63 -18466.1 436 624 nan 0 0 8.30306
437 , maxErr[5] 2 5.16856 -3003.45 -18461.8 437 624 nan 0 0 8.30306
438 , maxErr[5] 2 5.16856 -3002.25 -18457.4 438 624 8.2987 -0.0304008 -0.282688 8.30306
439 , maxErr[5] 2 5.16856 -3001.29 -18454.9 439 624 nan 0 0 8.30306
440 , maxErr[5] 2 5.16856 -3074.04 -18951.3 440 624 nan 0 0 8.30306
441 , maxErr[5] 2 5.16856 -3067.67 -18897.7 441 624 nan 0 0 8.30306
442 , maxErr[5] 2 5.16856 -3061.21 -18844.1 442 624 nan 0 0 8.30306
443 , maxErr[5] 2 5.16856 -3054.73 -18790.4 443 624 nan 0 0 8.30306
444 , maxErr[5] 2 5.16856 -3048.17 -18736.7 444 624 8.30188 -0.0152886 -0.142213 8.30306
445 , maxErr[5] 2 5.16856 -3044.42 -18709.3 445 624 nan 0 0 8.30306
446 , maxErr[5] 2 5.16856 -3067.41 -18897.5 446 624 nan 0 0 8.30306
447 , maxErr[5] 2 5.16856 -3060.86 -18843.7 447 624 nan 0 0 8.30306
448 , maxErr[5] 2 5.16856 -3054.21 -18789.9 448 624 nan 0 0 8.30306
449 , maxErr[5] 2 5.16856 -3047.65 -18736.1 449 624 8.29976 -0.0152925 -0.142217 8.30306
450 , maxErr[5] 2 5.16856 -3043.86 -18708.8 450 624 nan 0 0 8.30306
451 , maxErr[5] 2 5.16856 -3067.36 -18897.4 451 624 nan 0 0 8.30306
452 , maxErr[5] 2 5.16856 -3060.7 -18843.6 452 624 nan 0 0 8.30306
453 , maxErr[5] 2 5.16856 -3054.05 -18789.7 453 624 nan 0 0 8.30306
454 , maxErr[5] 2 5.16856 -3047.36 -18735.8 454 624 8.30077 -0.0152907 -0.142215 8.30306
455 , maxErr[5] 2 5.16856 -3043.69 -18708.6 455 624 nan 0 0 8.30306
456 , maxErr[5] 2 5.16856 -3068.62 -18909.1 456 624 nan 0 0 8.30306
457 , maxErr[5] 2 5.16856 -3062.54 -18855.8 457 624 nan 0 0 8.30306
458 , maxErr[5] 2 5.16856 -3056.24 -18802.2 458 624 nan 0 0 8.30306
459 , maxErr[5] 2 5.16856 -3049.6 -18748.4 459 624 8.30108 -0.0153001 -0.142308 8.30306
460 , maxErr[5] 2 5.16856 -3045.85 -18721 460 624 nan 0 0 8.30306
461 , maxErr[5] 2 5.16856 -3062.16 -18855.4 461 624 nan 0 0 8.30306
462 , maxErr[5] 2 5.16856 -3055.5 -18801.5 462 624 nan 0 0 8.30306
463 , maxErr[5] 2 5.16856 -3048.81 -18747.6 463 624 8.30019 -0.0153018 -0.142309 8.30306
464 , maxErr[5] 2 5.16856 -3044.98 -18720.2 464 624 nan 0 0 8.30306
465 , maxErr[5] 2 5.16856 -3062.6 -18855.8 465 624 nan 0 0 8.30306
466 , maxErr[5] 2 5.16856 -3056.77 -18802.8 466 624 nan 0 0 8.30306
467 , maxErr[5] 2 5.16856 -3050.73 -18749.5 467 624 8.29966 -0.0153028 -0.14231 8.30306
468 , maxErr[5] 2 5.16856 -3047.41 -18722.6 468 624 nan 0 0 8.30306
469 , maxErr[5] 2 5.16856 -3063.88 -18872.3 469 624 nan 0 0 8.30306
470 , maxErr[5] 2 5.16856 -3057.47 -18818.8 470 624 nan 0 0 8.30306
471 , maxErr[5] 2 5.16856 -3050.86 -18765.1 471 624 nan 0 0 8.30306
472 , maxErr[5] 2 5.16856 -3044.2 -18711.3 472 624 8.29886 -0.0152733 -0.142025 8.30306
473 , maxErr[5] 2 5.16856 -3040.52 -18684 473 624 nan 0 0 8.30306
474 , maxErr[5] 2 5.16856 -3057.63 -18819 474 624 nan 0 0 8.30306
475 , maxErr[5] 2 5.16856 -3051.55 -18765.8 475 624 nan 0 0 8.30306
476 , maxErr[5] 2 5.16856 -3045.52 -18712.6 476 624 8.30108 -0.0152692 -0.14202 8.30306
477 , maxErr[5] 2 5.16856 -3042.29 -18685.8 477 624 nan 0 0 8.30306
478 , maxErr[5] 2 5.16856 -3057.33 -18818.7 478 624 nan 0 0 8.30306
479 , maxErr[5] 2 5.16856 -3050.66 -18764.9 479 624 nan 0 0 8.30306
480 , maxErr[5] 2 5.16856 -3044 -18711.1 480 624 8.2996 -0.015272 -0.142023 8.30306
481 , maxErr[5] 2 5.16856 -3040.38 -18683.9 481 624 nan 0 0 8.30306
482 , maxErr[5] 2 5.16856 -3059.72 -18841 482 624 nan 0 0 8.30306
483 , maxErr[5] 2 5.16856 -3053.13 -18787.2 483 624 nan 0 0 8.30306
484 , maxErr[5] 2 5.16856 -3046.53 -18733.4 484 624 8.29926 -0.0152919 -0.142203 8.30306
485 , maxErr[5] 2 5.16856 -3042.78 -18706.1 485 624 nan 0 0 8.30306
486 , maxErr[5] 2 5.16856 -3053.31 -18787.4 486 624 nan 0 0 8.30306
487 , maxErr[5] 2 5.16856 -3046.64 -18733.5 487 624 8.29887 -0.0152926 -0.142204 8.30306
488 , maxErr[5] 2 5.16856 -3042.85 -18706.1 488 624 nan 0 0 8.30306
489 , maxErr[5] 2 5.16856 -3053.22 -18787.3 489 624 nan 0 0 8.30306
490 , maxErr[5] 2 5.16856 -3047.12 -18734 490 624 8.30023 -0.0152901 -0.142202 8.30306
491 , maxErr[5] 2 5.16856 -3043.79 -18707.1 491 624 nan 0 0 8.30306
492 , maxErr[5] 2 5.16856 -3056.37 -18815.2 492 624 nan 0 0 8.30306
493 , maxErr[5] 2 5.16856 -3050.18 -18761.9 493 624 nan 0 0 8.30306
494 , maxErr[5] 2 5.16856 -3043.72 -18708.3 494 624 8.29992 -0.015269 -0.142 8.30306
495 , maxErr[5] 2 5.16856 -3039.92 -18681 495 624 nan 0 0 8.30306
496 , maxErr[5] 2 5.16856 -3049.72 -18761.5 496 624 nan 0 0 8.30306
497 , maxErr[5] 2 5.16856 -3043.12 -18707.7 497 624 8.3025 -0.0152642 -0.141995 8.30306
498 , maxErr[5] 2 5.16856 -3039.34 -18680.4 498 624 nan 0 0 8.30306
499 , maxErr[5] 2 5.16856 -3050.11 -18761.8 499 624 nan 0 0 8.30306
500 , maxErr[5] 2 5.16856 -3043.81 -18708.4 500 624 8.29871 -0.0152712 -0.142002 8.30306
501 , maxErr[5] 2 5.16856 -3040.38 -18681.4 501 624 nan 0 0 8.30306
502 , maxErr[5] 2 5.16856 -3053.42 -18794.6 502 624 nan 0 0 8.30306
503 , maxErr[5] 2 5.16856 -3046.83 -18740.9 503 624 8.30168 -0.0152944 -0.142264 8.30306
504 , maxErr[5] 2 5.16856 -3043.09 -18713.5 504 624 nan 0 0 8.30306
505 , maxErr[5] 2 5.16856 -3046.96 -18741 505 624 8.30093 -0.0152958 -0.142265 8.30306
506 , maxErr[5] 2 5.16856 -3043.31 -18713.7 506 624 nan 0 0 8.30306
507 , maxErr[5] 2 5.16856 -3046.77 -18740.8 507 624 8.30201 -0.0152938 -0.142263 8.30306
508 , maxErr[5] 2 5.16856 -3043 -18713.4 508 624 nan 0 0 8.30306
509 , maxErr[5] 2 5.16856 -3050.92 -18779.3 509 624 nan 0 0 8.30306
510 , maxErr[5] 2 5.16856 -3044.32 -18725.6 510 624 8.30145 -0.0152824 -0.142148 8.30306
511 , maxErr[5] 2 5.16856 -3040.58 -18698.2 511 624 nan 0 0 8.30306
512 , maxErr[5] 2 5.16856 -3044.3 -18725.5 512 624 8.3014 -0.0152824 -0.142148 8.30306
513 , maxErr[5] 2 5.16856 -3040.62 -18698.3 513 624 nan 0 0 8.30306
514 , maxErr[5] 2 5.16856 -3044.74 -18726 514 624 8.30228 -0.0152808 -0.142147 8.30306
515 , maxErr[5] 2 5.16856 -3041.83 -18699.5 515 624 nan 0 0 8.30306
516 , maxErr[5] 2 5.16856 -3048.99 -18769.4 516 624 8.30154 -0.0153203 -0.142503 8.30306
517 , maxErr[5] 2 5.16856 -3045.29 -18742 517 624 8.3015 -0.0153204 -0.142503 8.30306
518 , maxErr[5] 2 5.16856 -3045.31 -18742.1 518 624 8.30179 -0.0153199 -0.142502 8.30306
519 , maxErr[5] 2 5.16856 -3045.18 -18741.9 519 624 nan 0 0 8.30306
520 , maxErr[5] 2 5.16856 -3047.63 -18764.8 520 624 nan 0 0 8.30306
521 , maxErr[5] 2 5.16856 -3046.4 -18760.3 521 624 nan 0 0 8.30306
522 , maxErr[5] 2 5.16856 -3045.17 -18755.9 522 624 nan 0 0 8.30306
523 , maxErr[5] 2 5.16856 -3043.86 -18751.3 523 624 nan 0 0 8.30306
524 , maxErr[5] 2 5.16856 -3042.65 -18746.9 524 624 nan 0 0 8.30306
525 , maxErr[5] 2 5.16856 -3041.3 -18742.3 525 624 nan 0 0 8.30306
526 , maxErr[5] 2 5.16856 -3039.94 -18737.8 526 624 nan 0 0 8.30306
527 , maxErr[5] 2 5.16856 -3038.59 -18733.2 527 624 nan 0 0 8.30306
528 , maxErr[5] 2 5.16856 -3037.44 -18728.8 528 624 nan 0 0 8.30306
529 , maxErr[5] 2 5.16856 -3036.49 -18724.6 529 624 nan 0 0 8.30306
530 , maxErr[5] 2 5.16856 -3035.25 -18720.2 530 624 nan 0 0 8.30306
531 , maxErr[5] 2 5.16888 -3033.87 -18715.6 531 624 8.29824 -0.0308481 -0.286833 8.30306
532 , maxErr[5] 2 5.17037 -3032.68 -18712.8 532 624 nan 0 0 8.30306
533 , maxErr[5] 2 5.17037 -3076.86 -18977.9 533 624 nan 0 0 8.30306
534 , maxErr[5] 2 5.17037 -3070.36 -18923.7 534 624 8.30062 -0.0154516 -0.143709 8.30306
535 , maxErr[5] 2 5.17037 -3066.6 -18896.1 535 624 nan 0 0 8.30306
536 , maxErr[5] 2 5.17037 -3070.25 -18923.6 536 624 8.30114 -0.0154506 -0.143708 8.30306
537 , maxErr[5] 2 5.17037 -3066.46 -18895.9 537 624 nan 0 0 8.30306
538 , maxErr[5] 2 5.17037 -3070.3 -18923.6 538 624 8.30092 -0.015451 -0.143709 8.30306
539 , maxErr[5] 2 5.17037 -3066.52 -18896 539 624 nan 0 0 8.30306
540 , maxErr[5] 2 5.17037 -3074.39 -18962.4 540 624 8.30061 -0.0154855 -0.144024 8.30306
541 , maxErr[5] 2 5.17037 -3070.94 -18935.1 541 624 8.30147 -0.0154838 -0.144023 8.30306
542 , maxErr[5] 2 5.17037 -3070.54 -18934.7 542 624 8.30138 -0.015484 -0.144023 8.30306
543 , maxErr[5] 2 5.17037 -3070.58 -18934.7 543 624 nan 0 0 8.30306
544 , maxErr[5] 2 5.17037 -3072.51 -18952.4 544 624 8.30052 -0.0154777 -0.143951 8.30306
545 , maxErr[5] 2 5.17037 -3068.84 -18924.9 545 624 8.30073 -0.0154773 -0.14395 8.30306
546 , maxErr[5] 2 5.17037 -3068.75 -18924.8 546 624 8.29908 -0.0154804 -0.143953 8.30306
547 , maxErr[5] 2 5.17037 -3069.51 -18925.5 547 624 nan 0 0 8.30306
548 , maxErr[5] 2 5.17037 -3071.22 -18947.9 548 624 nan 0 0 8.30306
549 , maxErr[5] 2 5.17067 -3069.89 -18943.3 549 624 nan 0 0 8.30306
550 , maxErr[5] 2 5.17168 -3068.67 -18938.8 550 624 nan 0 0 8.30306
551 , maxErr[5] 2 5.17285 -3067.34 -18934.2 551 624 nan 0 0 8.30306
552 , maxErr[5] 2 5.17399 -3066.03 -18929.7 552 624 nan 0 0 8.30306
553 , maxErr[5] 2 5.17509 -3064.76 -18925.1 553 624 nan 0 0 8.30306
554 , maxErr[5] 2 5.17619 -3063.47 -18920.6 554 624 nan 0 0 8.30306
555 , maxErr[5] 2 5.17746 -3062.1 -18916 555 624 nan 0 0 8.30306
556 , maxErr[5] 2 5.1786 -3060.79 -18911.4 556 624 nan 0 0 8.30306
557 , maxErr[5] 2 5.17972 -3059.5 -18906.9 557 624 nan 0 0 8.30306
558 , maxErr[5] 2 5.18087 -3058.19 -18902.3 558 624 nan 0 0 8.30306
559 , maxErr[5] 2 5.18188 -3056.97 -18897.8 559 624 8.29875 -0.0311593 -0.289742 8.30306
560 , maxErr[5] 2 5.18314 -3055.91 -18895.1 560 624 nan 0 0 8.30306
561 , maxErr[5] 2 5.18314 -3078.54 -18994.1 561 624 nan 0 0 8.30306
562 , maxErr[5] 2 5.18314 -3077.17 -18989.4 562 624 nan 0 0 8.30306
563 , maxErr[5] 2 5.18314 -3075.9 -18984.9 563 624 nan 0 0 8.30306
564 , maxErr[5] 2 5.18314 -3074.5 -18980.2 564 624 nan 0 0 8.30306
565 , maxErr[5] 2 5.18314 -3073.15 -18975.6 565 624 nan 0 0 8.30306
566 , maxErr[5] 2 5.18314 -3071.79 -18971 566 624 nan 0 0 8.30306
567 , maxErr[5] 2 5.18314 -3070.55 -18966.5 567 624 nan 0 0 8.30306
568 , maxErr[5] 2 5.18314 -3069.22 -18961.9 568 624 nan 0 0 8.30306
569 , maxErr[5] 2 5.18314 -3067.91 -18957.3 569 624 8.29897 -0.031254 -0.29063 8.30306
570 , maxErr[5] 2 5.18314 -3066.82 -18954.6 570 624 nan 0 0 8.30306
571 , maxErr[5] 2 5.18314 -3078.75 -18994.3 571 624 nan 0 0 8.30306
572 , maxErr[5] 2 5.18314 -3077.51 -18989.8 572 624 nan 0 0 8.30306
573 , maxErr[5] 2 5.18314 -3076.29 -18985.3 573 624 8.29944 -0.0312907 -0.290986 8.30306
574 , maxErr[5] 2 5.18314 -3075.25 -18982.6 574 624 nan 0 0 8.30306
575 , maxErr[5] 4 5.18314 -3083.89 -19019.3 575 624 nan 0 0 8.30306
576 , maxErr[5] 4 5.18314 -3087.83 -19039.9 576 624 nan 0 0 8.30306
577 , maxErr[5] 4 5.18314 -3091.76 -19060.5 577 624 nan 0 0 8.30306
578 , maxErr[5] 4 5.18314 -3095.68 -19081.1 578 624 8.30836 0.107599 1.00157 8.30836
579 , maxErr[5] 4 5.18314 -3099.49 -19100.9 579 624 8.30466 0.107613 1.0013 8.30836
580 , maxErr[5] 4 5.18314 -3103.12 -19119.1 580 624 8.30121 0.107625 1.00104 8.30836
581 , maxErr[5] 4 5.18314 -3106.57 -19135.7 581 624 8.29803 0.107637 1.00081 8.30836
582 , maxErr[5] 4 5.18314 -3109.82 -19150.8 582 624 8.29511 0.107647 1.00059 8.30836
583 , maxErr[5] 4 5.18314 -3112.89 -19164.2 583 624 8.29245 0.107656 1.00039 8.30836
584 , maxErr[5] 4 5.18314 -3115.76 -19176.1 584 624 8.29006 0.107665 1.00021 8.30836
585 , maxErr[5] 4 5.18314 -3118.44 -19186.4 585 624 8.28793 0.107672 1.00005 8.30836
586 , maxErr[5] 4 5.18314 -3120.92 -19195.2 586 624 8.28606 0.107678 0.999908 8.30836
587 , maxErr[5] 4 5.18314 -3123.22 -19202.3 587 624 8.28446 0.107684 0.999785 8.30836
588 , maxErr[5] 4 5.18314 -3125.31 -19207.9 588 624 8.28312 0.107688 0.99968 8.30836
589 , maxErr[5] 4 5.18314 -3127.21 -19211.8 589 624 8.28205 0.107691 0.999594 8.30836
590 , maxErr[5] 4 5.18314 -3128.9 -19214.2 590 624 nan 0 0 8.30836
591 , maxErr[5] 3 5.18314 -3081.01 -19000.5 591 624 nan 0 0 8.30836
592 , maxErr[5] 4 5.18314 -3086.3 -19013.1 592 624 nan 0 0 8.30836
593 , maxErr[5] 4 5.18314 -3088.9 -19021.2 593 624 nan 0 0 8.30836
594 , maxErr[5] 4 5.18314 -3091.48 -19029.4 594 624 nan 0 0 8.30836
595 , maxErr[5] 4 5.18314 -3094.05 -19037.5 595 624 8.31527 0.107569 1.00204 8.31527
596 , maxErr[5] 4 5.18314 -3096.51 -19044.8 596 624 8.31359 0.107575 1.00191 8.31527
597 , maxErr[5] 4 5.18314 -3098.79 -19050.6 597 624 8.31216 0.107579 1.0018 8.31527
598 , maxErr[5] 4 5.18314 -3100.89 -19054.7 598 624 8.31099 0.107224 0.998361 8.31527
599 , maxErr[5] 4 5.18314 -3102.79 -19057.3 599 624 nan 0 0 8.31527
600 , maxErr[5] 3 5.18314 -3082.09 -19002.3 600 624 nan 0 0 8.31527
601 , maxErr[5] 3 5.18314 -3083.18 -19004 601 624 nan 0 0 8.31527
602 , maxErr[5] 3 5.18314 -3083.7 -19004.9 602 624 nan 0 0 8.31527
603 , maxErr[5] 3 5.18314 -3083.8 -19005 603 624 nan 0 0 8.31527
604 , maxErr[5] 3 5.18314 -3083.9 -19005.1 604 624 nan 0 0 8.31527
605 , maxErr[5] 3 5.18314 -3084 -19005.2 605 624 nan 0 0 8.31527
606 , maxErr[5] 4 5.18314 -3083.22 -19013.1 606 624 nan 0 0 8.31527
607 , maxErr[5] 4 5.18314 -3086.49 -19027.5 607 624 nan 0 0 8.31527
608 , maxErr[5] 4 5.18314 -3089.75 -19041.9 608 624 nan 0 0 8.31527
609 , maxErr[5] 4 5.18314 -3092.99 -19056.3 609 624 8.31289 0.107581 1.00189 8.31527
610 , maxErr[5] 4 5.18314 -3096.13 -19069.8 610 624 8.31019 0.107591 1.00169 8.31527
611 , maxErr[5] 4 5.18314 -3099.08 -19081.8 611 624 8.30776 0.107599 1.00151 8.31527
612 , maxErr[5] 4 5.18314 -3101.85 -19092.2 612 624 8.30559 0.107607 1.00134 8.31527
613 , maxErr[5] 4 5.18314 -3104.42 -19101 613 624 8.30368 0.107613 1.0012 8.31527
614 , maxErr[5] 4 5.18314 -3106.8 -19108.3 614 624 8.30203 0.107618 1.00107 8.31527
615 , maxErr[5] 4 5.18314 -3108.99 -19113.9 615 624 8.30065 0.107623 1.00096 8.31527
616 , maxErr[5] 4 5.18314 -3110.99 -19118 616 624 8.29953 0.107626 1.00087 8.31527
617 , maxErr[5] 4 5.18314 -3112.79 -19120.5 617 624 nan 0 0 8.31527
618 , maxErr[5] 3 5.18314 -3080.93 -18999.7 618 624 nan 0 0 8.31527
619 , maxErr[5] 3 5.18314 -3081.93 -19000.7 619 624 nan 0 0 8.31527
620 , maxErr[5] 3 5.18314 -3082.93 -19001.7 620 624 nan 0 0 8.31527
621 , maxErr[5] 3 5.18314 -3083.41 -19002.2 621 624 nan 0 0 8.31527
622 , maxErr[5] 3 5.18314 -3083.51 -19002.3 622 624 nan 0 0 8.31527
623 , maxErr[5] 3 5.18314 -3083.61 -19002.4 623 624 nan 0 0 8.31527
624 , maxErr[5] 3 5.18314 -3083.71 -19002.5 624 624



0 0 0 0 0 8.31527 0 an: 0 an_old: 0 gco2: 0 gco2_old> 0 ci: 0 ci_old:0 0 0 ks: 0 ksold: 0
1 0 0 0 0 8.31527 0 an: 0 an_old: 0 gco2: 0 gco2_old> 0 ci: 0 ci_old:0 0 0 ks: 0 ksold: 0
2 0 0 0 0 8.31527 0 an: 0 an_old: 0 gco2: 0 gco2_old> 0 ci: 0 ci_old:0 0 0 ks: 0 ksold: 0
3 0 0 0 0 8.31527 0 an: 0 an_old: 0 gco2: 0 gco2_old> 0 ci: 0 ci_old:0 0 0 ks: 0 ksold: 0
4 3.02551 7.42266 1.79957 1.9954 8.31527 12.2938 an: 2.01434e-05 an_old: 5.00394e-06 gco2: 0.0241445 gco2_old> 0.203361 ci: 7.79827e-05 ci_old:0.000218318 -26295.9 -78766.7 ks: 1.126e-07 ksold: 1.49688e-06
5 3.02551 7.42266 1.79957 1.9954 8.31527 12.2938 an: 2.01424e-05 an_old: 5.00394e-06 gco2: 0.0241446 gco2_old> 0.203333 ci: 7.79827e-05 ci_old:0.000218307 -26315.3 -78754.3 ks: 1.12616e-07 ksold: 1.49647e-06
6 3.02551 7.42266 1.79957 1.9954 8.31527 12.2938 an: 2.01414e-05 an_old: 5.00394e-06 gco2: 0.0241448 gco2_old> 0.203306 ci: 7.79827e-05 ci_old:0.000218297 -26333.2 -78742.8 ks: 1.12631e-07 ksold: 1.49608e-06
7 3.02551 7.42266 1.79957 1.9954 8.31527 12.2938 an: 2.01405e-05 an_old: 5.00394e-06 gco2: 0.024145 gco2_old> 0.203281 ci: 7.79827e-05 ci_old:0.000218287 -26349.4 -78732 ks: 1.12645e-07 ksold: 1.49572e-06
8 3.02551 7.42266 1.79957 1.9954 8.31527 12.2938 an: 2.01397e-05 an_old: 5.00394e-06 gco2: 0.0241452 gco2_old> 0.203257 ci: 7.79827e-05 ci_old:0.000218278 -26364.1 -78722.1 ks: 1.12657e-07 ksold: 1.49539e-06
9 3.02551 7.42266 1.79957 1.9954 8.31527 12.2938 an: 2.01389e-05 an_old: 5.00394e-06 gco2: 0.0241453 gco2_old> 0.203235 ci: 7.79827e-05 ci_old:0.000218269 -26377.1 -78712.9 ks: 1.12669e-07 ksold: 1.49508e-06
10 3.02551 7.42266 1.79957 1.9954 8.31527 12.2938 an: 2.01381e-05 an_old: 5.00394e-06 gco2: 0.0241455 gco2_old> 0.203214 ci: 7.79827e-05 ci_old:0.000218261 -26388.5 -78704.6 ks: 1.12679e-07 ksold: 1.4948e-06
11 3.02551 7.42266 1.79957 1.9954 8.31527 12.2938 an: 2.01374e-05 an_old: 5.00394e-06 gco2: 0.0241456 gco2_old> 0.203194 ci: 7.79827e-05 ci_old:0.000218253 -26398.4 -78697.1 ks: 1.12688e-07 ksold: 1.49454e-06
12 3.02551 7.42266 1.79957 1.9954 8.31527 12.2938 an: 2.01368e-05 an_old: 5.00394e-06 gco2: 0.0241457 gco2_old> 0.203176 ci: 7.79827e-05 ci_old:0.000218246 -26406.6 -78690.3 ks: 1.12696e-07 ksold: 1.49431e-06
13 3.02551 7.42266 1.79957 1.9954 8.31527 12.2938 an: 2.01362e-05 an_old: 5.00394e-06 gco2: 0.0241459 gco2_old> 0.203159 ci: 7.79827e-05 ci_old:0.00021824 -26413.1 -78684.4 ks: 1.12702e-07 ksold: 1.4941e-06
14 3.02551 7.42266 1.79957 1.9954 8.31527 12.2938 an: 2.01356e-05 an_old: 5.00394e-06 gco2: 0.024146 gco2_old> 0.203144 ci: 7.79827e-05 ci_old:0.000218234 -26418.1 -78679.4 ks: 1.12708e-07 ksold: 1.49392e-06
15 3.02551 7.42266 1.79957 1.9954 8.31527 12.2938 an: 2.01351e-05 an_old: 5.00394e-06 gco2: 0.0241461 gco2_old> 0.203131 ci: 7.79827e-05 ci_old:0.000218229 -26421.5 -78675.1 ks: 1.12712e-07 ksold: 1.49377e-06
16 3.02551 7.42266 1.79957 1.9954 8.31527 12.2938 an: 0 an_old: 0 gco2: 0 gco2_old> 0 ci: 0 ci_old:0 0 0 ks: 0 ksold: 0
17 3.02551 7.42266 1.79957 1.9954 8.31527 12.2938 an: 0 an_old: 0 gco2: 0 gco2_old> 0 ci: 0 ci_old:0 0 0 ks: 0 ksold: 0
18 3.02551 7.42266 1.79957 1.9954 8.31527 12.2938 an: 0 an_old: 0 gco2: 0 gco2_old> 0 ci: 0 ci_old:0 0 0 ks: 0 ksold: 0
19 3.02551 7.42266 1.79957 1.9954 8.31527 12.2938 an: 0 an_old: 0 gco2: 0 gco2_old> 0 ci: 0 ci_old:0 0 0 ks: 0 ksold: 0
20 3.02563 7.42342 1.79965 2.00188 8.31527 12.3027 an: 2.0144e-05 an_old: 5.00394e-06 gco2: 0.0241443 gco2_old> 0.203378 ci: 7.79827e-05 ci_old:0.000218325 -26245.4 -78785.5 ks: 1.12567e-07 ksold: 1.49744e-06
21 3.02563 7.42342 1.79965 2.00188 8.31527 12.3027 an: 2.01434e-05 an_old: 5.00394e-06 gco2: 0.0241445 gco2_old> 0.20336 ci: 7.79827e-05 ci_old:0.000218318 -26252.1 -78779.3 ks: 1.12574e-07 ksold: 1.49722e-06
22 3.02563 7.42342 1.79965 2.00188 8.31527 12.3027 an: 2.01428e-05 an_old: 5.00394e-06 gco2: 0.0241446 gco2_old> 0.203344 ci: 7.79827e-05 ci_old:0.000218311 -26257.3 -78773.9 ks: 1.1258e-07 ksold: 1.49703e-06
23 3.02563 7.42342 1.79965 2.00188 8.31527 12.3027 an: 2.01422e-05 an_old: 5.00394e-06 gco2: 0.0241447 gco2_old> 0.203329 ci: 7.79827e-05 ci_old:0.000218305 -26260.9 -78769.2 ks: 1.12584e-07 ksold: 1.49687e-06
24 3.02563 7.42342 1.79965 2.00188 8.31527 12.3027 an: 0 an_old: 0 gco2: 0 gco2_old> 0 ci: 0 ci_old:0 0 0 ks: 0 ksold: 0
25 3.02563 7.42342 1.79965 2.00188 8.31527 12.3027 an: 0 an_old: 0 gco2: 0 gco2_old> 0 ci: 0 ci_old:0 0 0 ks: 0 ksold: 0
26 3.02563 7.42342 1.79965 2.00188 8.31527 12.3027 an: 0 an_old: 0 gco2: 0 gco2_old> 0 ci: 0 ci_old:0 0 0 ks: 0 ksold: 0
27 3.02563 7.42342 1.79965 2.00188 8.31527 12.3027 an: 0 an_old: 0 gco2: 0 gco2_old> 0 ci: 0 ci_old:0 0 0 ks: 0 ksold: 0
28 3.02567 7.42366 1.79968 2.00188 8.31527 12.3027 an: 2.01442e-05 an_old: 5.00394e-06 gco2: 0.0241443 gco2_old> 0.203383 ci: 7.79827e-05 ci_old:0.000218327 -26267.4 -78780.4 ks: 1.12579e-07 ksold: 1.49731e-06
29 3.02567 7.42366 1.79968 2.00188 8.31527 12.3027 an: 2.01434e-05 an_old: 5.00394e-06 gco2: 0.0241445 gco2_old> 0.20336 ci: 7.79827e-05 ci_old:0.000218318 -26280.6 -78771.1 ks: 1.12591e-07 ksold: 1.497e-06
30 3.02567 7.42366 1.79968 2.00188 8.31527 12.3027 an: 2.01426e-05 an_old: 5.00394e-06 gco2: 0.0241446 gco2_old> 0.203339 ci: 7.79827e-05 ci_old:0.000218309 -26292.1 -78762.6 ks: 1.12601e-07 ksold: 1.49671e-06
31 3.02567 7.42366 1.79968 2.00188 8.31527 12.3027 an: 2.01419e-05 an_old: 5.00394e-06 gco2: 0.0241447 gco2_old> 0.203319 ci: 7.79827e-05 ci_old:0.000218302 -26302 -78754.9 ks: 1.1261e-07 ksold: 1.49645e-06
32 3.02567 7.42366 1.79968 2.00188 8.31527 12.3027 an: 2.01412e-05 an_old: 5.00394e-06 gco2: 0.0241449 gco2_old> 0.2033 ci: 7.79827e-05 ci_old:0.000218294 -26310.3 -78748.1 ks: 1.12618e-07 ksold: 1.49621e-06
33 3.02567 7.42366 1.79968 2.00188 8.31527 12.3027 an: 2.01406e-05 an_old: 5.00394e-06 gco2: 0.024145 gco2_old> 0.203283 ci: 7.79827e-05 ci_old:0.000218288 -26317 -78742 ks: 1.12625e-07 ksold: 1.496e-06
34 3.02567 7.42366 1.79968 2.00188 8.31527 12.3027 an: 2.014e-05 an_old: 5.00394e-06 gco2: 0.0241451 gco2_old> 0.203267 ci: 7.79827e-05 ci_old:0.000218282 -26322.1 -78736.8 ks: 1.12631e-07 ksold: 1.49582e-06
35 3.02567 7.42366 1.79968 2.00188 8.31527 12.3027 an: 2.01395e-05 an_old: 5.00394e-06 gco2: 0.0241452 gco2_old> 0.203253 ci: 7.79827e-05 ci_old:0.000218276 -26325.5 -78732.3 ks: 1.12635e-07 ksold: 1.49566e-06
