psi err 

0 , maxErr[5] 2 0.00456908 -4202.49 -4221.69 0 140 nan 0 0 0
1 , maxErr[5] 2 0.00456981 -4191.88 -4211.03 1 140 nan 0 0 0
2 , maxErr[5] 2 0.00457034 -4176.74 -4195.83 2 140 nan 0 0 0
3 , maxErr[5] 2 0.00457093 -4161.55 -4180.57 3 140 0.00471359 -0.0326436 -0.0327974 0.00471359
4 , maxErr[5] 2 0.00457164 -4153.59 -4172.57 4 140 nan 0 0 0.00471359
5 , maxErr[5] 2 0.00457164 -4176.85 -4195.94 5 140 nan 0 0 0.00471359
6 , maxErr[5] 2 0.00457164 -4161.68 -4180.7 6 140 0.00471351 -0.0326441 -0.032798 0.00471359
7 , maxErr[5] 2 0.00457164 -4153.6 -4172.58 7 140 nan 0 0 0.00471359
8 , maxErr[5] 2 0.00457164 -4176.77 -4195.86 8 140 nan 0 0 0.00471359
9 , maxErr[5] 2 0.00457164 -4161.65 -4180.67 9 140 0.0047135 -0.0326442 -0.032798 0.00471359
10 , maxErr[5] 2 0.00457164 -4153.63 -4172.62 10 140 nan 0 0 0.00471359
11 , maxErr[5] 2 0.00457164 -4182.72 -4201.83 11 140 nan 0 0 0.00471359
12 , maxErr[5] 2 0.00457164 -4167.52 -4186.57 12 140 0.00471368 -0.0326915 -0.0328456 0.00471368
13 , maxErr[5] 2 0.00457198 -4159.45 -4178.46 13 140 nan 0 0 0.00471368
14 , maxErr[5] 2 0.00457198 -4167.75 -4186.8 14 140 0.00471322 -0.0326947 -0.0328488 0.00471368
15 , maxErr[5] 2 0.00457198 -4160.01 -4179.03 15 140 nan 0 0 0.00471368
16 , maxErr[5] 2 0.00457198 -4167.67 -4186.72 16 140 0.00471337 -0.0326936 -0.0328477 0.00471368
17 , maxErr[5] 2 0.00457198 -4159.84 -4178.85 17 140 nan 0 0 0.00471368
18 , maxErr[5] 2 0.00457198 -4174.98 -4194.07 18 140 nan 0 0 0.00471368
19 , maxErr[5] 2 0.00457198 -4159.96 -4178.98 19 140 0.00471346 -0.0326386 -0.0327925 0.00471368
20 , maxErr[5] 2 0.00457265 -4151.92 -4170.91 20 140 nan 0 0 0.00471368
21 , maxErr[5] 2 0.00457265 -4160.01 -4179.03 21 140 0.00471339 -0.0326391 -0.0327929 0.00471368
22 , maxErr[5] 2 0.00457265 -4151.98 -4170.96 22 140 nan 0 0 0.00471368
23 , maxErr[5] 2 0.00457265 -4159.91 -4178.93 23 140 0.0047135 -0.0326384 -0.0327922 0.00471368
24 , maxErr[5] 2 0.00457266 -4151.91 -4170.89 24 140 nan 0 0 0.00471368
25 , maxErr[5] 2 0.00457266 -4168.7 -4187.76 25 140 nan 0 0 0.00471368
26 , maxErr[5] 2 0.0045728 -4153.66 -4172.65 26 140 0.00471341 -0.0325962 -0.0327499 0.00471368
27 , maxErr[5] 2 0.0045735 -4145.71 -4164.67 27 140 nan 0 0 0.00471368
28 , maxErr[5] 2 0.0045735 -4153.55 -4172.54 28 140 0.00471354 -0.0325953 -0.032749 0.00471368
29 , maxErr[5] 2 0.00457362 -4145.61 -4164.57 29 140 nan 0 0 0.00471368
30 , maxErr[5] 2 0.00457362 -4153.55 -4172.55 30 140 0.0047135 -0.0325956 -0.0327492 0.00471368
31 , maxErr[5] 2 0.00457362 -4145.67 -4164.63 31 140 nan 0 0 0.00471368
32 , maxErr[5] 2 0.00457362 -4163.88 -4182.92 32 140 0.00471349 -0.0326792 -0.0328333 0.00471368
33 , maxErr[5] 2 0.00457387 -4156.01 -4175.02 33 140 0.00471362 -0.0326783 -0.0328323 0.00471368
34 , maxErr[5] 2 0.00457413 -4155.77 -4174.78 34 140 0.00471332 -0.0326804 -0.0328344 0.00471368
35 , maxErr[5] 2 0.00457413 -4156.29 -4175.3 35 140 nan 0 0 0.00471368
36 , maxErr[5] 2 0.00457413 -4160.65 -4179.68 36 140 0.00471304 -0.0326628 -0.0328168 0.00471368
37 , maxErr[5] 2 0.00457429 -4153.14 -4172.14 37 140 0.00471331 -0.0326609 -0.0328149 0.00471368
38 , maxErr[5] 2 0.0045748 -4152.68 -4171.67 38 140 0.00471328 -0.0326611 -0.0328151 0.00471368
39 , maxErr[5] 2 0.0045748 -4152.73 -4171.73 39 140 nan 0 0 0.00471368
40 , maxErr[5] 2 0.00457513 -4158.7 -4177.73 40 140 nan 0 0 0.00471368
41 , maxErr[5] 2 0.00457615 -4156.77 -4175.79 41 140 nan 0 0 0.00471368
42 , maxErr[5] 2 0.00457709 -4154.93 -4173.94 42 140 nan 0 0 0.00471368
43 , maxErr[5] 2 0.00457797 -4153.13 -4172.14 43 140 nan 0 0 0.00471368
44 , maxErr[5] 2 0.00457889 -4151.3 -4170.31 44 140 nan 0 0 0.00471368
45 , maxErr[5] 2 0.00457989 -4149.39 -4168.4 45 140 nan 0 0 0.00471368
46 , maxErr[5] 2 0.00458086 -4147.52 -4166.52 46 140 nan 0 0 0.00471368
47 , maxErr[5] 2 0.00458185 -4145.62 -4164.62 47 140 nan 0 0 0.00471368
48 , maxErr[5] 2 0.00458285 -4143.72 -4162.71 48 140 nan 0 0 0.00471368
49 , maxErr[5] 2 0.00458384 -4141.83 -4160.81 49 140 nan 0 0 0.00471368
50 , maxErr[5] 2 0.00458485 -4139.92 -4158.9 50 140 nan 0 0 0.00471368
51 , maxErr[5] 2 0.00458586 -4138.02 -4157 51 140 0.00471314 -0.0657233 -0.0660331 0.00471368
52 , maxErr[5] 2 0.00458688 -4136.6 -4155.57 52 140 nan 0 0 0.00471368
53 , maxErr[5] 2 0.00458688 -4194.72 -4213.89 53 140 nan 0 0 0.00471368
54 , maxErr[5] 2 0.00458688 -4179.88 -4198.98 54 140 0.00471303 -0.032785 -0.0329395 0.00471368
55 , maxErr[5] 2 0.00458688 -4172.23 -4191.3 55 140 nan 0 0 0.00471368
56 , maxErr[5] 2 0.00458688 -4179.72 -4198.82 56 140 0.00471348 -0.0327819 -0.0329364 0.00471368
57 , maxErr[5] 2 0.00458688 -4171.63 -4190.69 57 140 nan 0 0 0.00471368
58 , maxErr[5] 2 0.00458688 -4179.73 -4198.83 58 140 0.00471347 -0.032782 -0.0329365 0.00471368
59 , maxErr[5] 2 0.00458688 -4171.63 -4190.7 59 140 nan 0 0 0.00471368
60 , maxErr[5] 2 0.00458688 -4188.41 -4207.55 60 140 nan 0 0 0.00471368
61 , maxErr[5] 2 0.00458688 -4173.3 -4192.38 61 140 0.00471349 -0.0327389 -0.0328932 0.00471368
62 , maxErr[5] 2 0.00458688 -4165.39 -4184.43 62 140 nan 0 0 0.00471368
63 , maxErr[5] 2 0.00458688 -4173.4 -4192.48 63 140 0.00471339 -0.0327396 -0.0328939 0.00471368
64 , maxErr[5] 2 0.00458688 -4165.46 -4184.51 64 140 nan 0 0 0.00471368
65 , maxErr[5] 2 0.00458688 -4173.73 -4192.81 65 140 0.00471306 -0.0327419 -0.0328962 0.00471368
66 , maxErr[5] 2 0.00458688 -4165.69 -4184.74 66 140 nan 0 0 0.00471368
67 , maxErr[5] 2 0.00458688 -4183.55 -4202.67 67 140 0.00471353 -0.0328225 -0.0329773 0.00471368
68 , maxErr[5] 2 0.00458688 -4175.8 -4194.89 68 140 0.00471343 -0.0328232 -0.0329779 0.00471368
69 , maxErr[5] 2 0.00458688 -4175.97 -4195.06 69 140 0.0047136 -0.0328221 -0.0329768 0.00471368
70 , maxErr[5] 2 0.00458688 -4175.68 -4194.78 70 140 nan 0 0 0.00471368
71 , maxErr[5] 2 0.00458688 -4180.13 -4199.25 71 140 0.00471348 -0.0328033 -0.0329579 0.00471368
72 , maxErr[5] 2 0.00458688 -4172.43 -4191.51 72 140 0.00471362 -0.0328023 -0.0329569 0.00471368
73 , maxErr[5] 2 0.00458688 -4172.18 -4191.26 73 140 0.00471359 -0.0328026 -0.0329572 0.00471368
74 , maxErr[5] 2 0.00458688 -4172.25 -4191.33 74 140 nan 0 0 0.00471368
75 , maxErr[5] 2 0.00458688 -4178.31 -4197.42 75 140 nan 0 0 0.00471368
76 , maxErr[5] 2 0.00458688 -4176.44 -4195.55 76 140 nan 0 0 0.00471368
77 , maxErr[5] 2 0.00458688 -4174.59 -4193.69 77 140 nan 0 0 0.00471368
78 , maxErr[5] 2 0.00458688 -4172.75 -4191.85 78 140 nan 0 0 0.00471368
79 , maxErr[5] 2 0.00458688 -4170.81 -4189.9 79 140 nan 0 0 0.00471368
80 , maxErr[5] 2 0.00458688 -4168.88 -4187.97 80 140 nan 0 0 0.00471368
81 , maxErr[5] 2 0.00458688 -4166.93 -4186.01 81 140 nan 0 0 0.00471368
82 , maxErr[5] 2 0.00458688 -4164.97 -4184.05 82 140 nan 0 0 0.00471368
83 , maxErr[5] 2 0.00458688 -4163.12 -4182.19 83 140 nan 0 0 0.00471368
84 , maxErr[5] 2 0.00458688 -4161.27 -4180.34 84 140 nan 0 0 0.00471368
85 , maxErr[5] 2 0.00458688 -4159.68 -4178.74 85 140 nan 0 0 0.00471368
86 , maxErr[5] 2 0.00458688 -4158.06 -4177.12 86 140 nan 0 0 0.00471368
87 , maxErr[5] 2 0.00458688 -4156.49 -4175.54 87 140 0.00471334 -0.0659935 -0.0663045 0.00471368
88 , maxErr[5] 2 0.00458688 -4155.3 -4174.35 88 140 nan 0 0 0.00471368
89 , maxErr[5] 2 0.00458688 -4200.54 -4219.74 89 140 nan 0 0 0.00471368
90 , maxErr[5] 2 0.00458688 -4198.61 -4217.8 90 140 nan 0 0 0.00471368
91 , maxErr[5] 2 0.00458688 -4196.78 -4215.97 91 140 nan 0 0 0.00471368
92 , maxErr[5] 2 0.00458688 -4194.89 -4214.07 92 140 nan 0 0 0.00471368
93 , maxErr[5] 2 0.00458688 -4193 -4212.18 93 140 nan 0 0 0.00471368
94 , maxErr[5] 2 0.00458688 -4191.12 -4210.3 94 140 nan 0 0 0.00471368
95 , maxErr[5] 2 0.00458688 -4189.16 -4208.33 95 140 nan 0 0 0.00471368
96 , maxErr[5] 2 0.00458688 -4187.24 -4206.4 96 140 nan 0 0 0.00471368
97 , maxErr[5] 2 0.00458688 -4185.3 -4204.46 97 140 nan 0 0 0.00471368
98 , maxErr[5] 2 0.00458688 -4183.34 -4202.5 98 140 nan 0 0 0.00471368
99 , maxErr[5] 2 0.00458688 -4181.39 -4200.54 99 140 0.00471276 -0.0663329 -0.0666455 0.00471368
100 , maxErr[5] 2 0.00458688 -4180.11 -4199.26 100 140 nan 0 0 0.00471368
101 , maxErr[5] 2 0.00458688 -4200.58 -4219.78 101 140 nan 0 0 0.00471368
102 , maxErr[5] 2 0.00458688 -4198.63 -4217.82 102 140 nan 0 0 0.00471368
103 , maxErr[5] 2 0.00458688 -4196.69 -4215.87 103 140 nan 0 0 0.00471368
104 , maxErr[5] 2 0.00458688 -4194.73 -4213.92 104 140 nan 0 0 0.00471368
105 , maxErr[5] 2 0.00458688 -4192.92 -4212.1 105 140 0.0047133 -0.0664209 -0.0667339 0.00471368
106 , maxErr[5] 2 0.00458688 -4191.56 -4210.74 106 140 nan 0 0 0.00471368
107 , maxErr[5] 4 0.00458688 -4206.18 -4225.39 107 140 nan 0 0 0.00471368
108 , maxErr[5] 4 0.00458688 -4209.87 -4229.08 108 140 nan 0 0 0.00471368
109 , maxErr[5] 4 0.00458688 -4213.54 -4232.76 109 140 nan 0 0 0.00471368
110 , maxErr[5] 4 0.00458688 -4217.19 -4236.42 110 140 0.00469789 0.106663 0.107164 0.00471368
111 , maxErr[5] 4 0.00458688 -4220.73 -4239.97 111 140 0.00470512 0.106656 0.107158 0.00471368
112 , maxErr[5] 4 0.00458688 -4224.06 -4243.31 112 140 0.00471179 0.106649 0.107152 0.00471368
113 , maxErr[5] 4 0.00458688 -4227.17 -4246.42 113 140 0.00471791 0.106643 0.107146 0.00471791
114 , maxErr[5] 4 0.00458688 -4230.07 -4249.33 114 140 0.00472346 0.106637 0.107141 0.00472346
115 , maxErr[5] 4 0.00458688 -4232.75 -4252.01 115 140 0.00472844 0.106632 0.107136 0.00472844
116 , maxErr[5] 4 0.00458688 -4235.21 -4254.48 116 140 0.00473285 0.106627 0.107132 0.00473285
117 , maxErr[5] 4 0.00458688 -4237.45 -4256.72 117 140 0.00473669 0.106623 0.107128 0.00473669
118 , maxErr[5] 4 0.00458688 -4239.47 -4258.74 118 140 0.00473994 0.106619 0.107124 0.00473994
119 , maxErr[5] 4 0.00458688 -4241.27 -4260.54 119 140 nan 0 0 0.00473994
120 , maxErr[5] 3 0.00458688 -4203.49 -4222.69 120 140 nan 0 0 0.00473994
121 , maxErr[5] 3 0.00458688 -4204.49 -4223.69 121 140 nan 0 0 0.00473994
122 , maxErr[5] 3 0.00458688 -4205.49 -4224.69 122 140 nan 0 0 0.00473994
123 , maxErr[5] 3 0.00458688 -4205.97 -4225.17 123 140 nan 0 0 0.00473994
124 , maxErr[5] 3 0.00458688 -4206.07 -4225.27 124 140 nan 0 0 0.00473994
125 , maxErr[5] 3 0.00458688 -4206.17 -4225.37 125 140 nan 0 0 0.00473994
126 , maxErr[5] 3 0.00458688 -4206.27 -4225.47 126 140 nan 0 0 0.00473994
127 , maxErr[5] 4 0.00458688 -4204.96 -4224.16 127 140 nan 0 0 0.00473994
128 , maxErr[5] 4 0.00458688 -4207.41 -4226.62 128 140 nan 0 0 0.00473994
129 , maxErr[5] 4 0.00458688 -4209.86 -4229.07 129 140 nan 0 0 0.00473994
130 , maxErr[5] 4 0.00458688 -4212.29 -4231.5 130 140 0.00468273 0.106674 0.107174 0.00473994
131 , maxErr[5] 4 0.00458688 -4214.6 -4233.82 131 140 0.00468657 0.10667 0.107169 0.00473994
132 , maxErr[5] 4 0.00458688 -4216.71 -4235.92 132 140 0.0046894 0.072561 0.0729012 0.00473994
133 , maxErr[5] 4 0.00458688 -4218.02 -4237.23 133 140 nan 0 0 0.00473994
134 , maxErr[5] 3 0.00458688 -4203.49 -4222.69 134 140 nan 0 0 0.00473994
135 , maxErr[5] 3 0.00458688 -4204.49 -4223.69 135 140 nan 0 0 0.00473994
136 , maxErr[5] 3 0.00458688 -4205.49 -4224.69 136 140 nan 0 0 0.00473994
137 , maxErr[5] 3 0.00458688 -4205.97 -4225.17 137 140 nan 0 0 0.00473994
138 , maxErr[5] 3 0.00458688 -4206.07 -4225.27 138 140 nan 0 0 0.00473994
139 , maxErr[5] 3 0.00458688 -4206.17 -4225.37 139 140 nan 0 0 0.00473994
140 , maxErr[5] 3 0.00458688 -4206.27 -4225.47 140 140



0 0 0 0 0 0.00473994 0 an: 0 an_old: 0 gco2: 0 gco2_old> 0 ci: 0 ci_old:0 0 0 ks: 0 ksold: 0
1 0 0 0 0 0.00473994 0 an: 0 an_old: 0 gco2: 0 gco2_old> 0 ci: 0 ci_old:0 0 0 ks: 0 ksold: 0
2 0 0 0 0 0.00473994 0 an: 0 an_old: 0 gco2: 0 gco2_old> 0 ci: 0 ci_old:0 0 0 ks: 0 ksold: 0
3 0 0 0 0 0.00473994 0 an: 0 an_old: 0 gco2: 0 gco2_old> 0 ci: 0 ci_old:0 0 0 ks: 0 ksold: 0
4 0.00418002 0.0196493 0.00412887 0.00435609 0.00473994 0.00476182 an: 1.37813e-05 an_old: 1.37239e-05 gco2: 0.0918155 gco2_old> 0.0936196 ci: 0.0002006 ci_old:0.000201428 -4996.82 -4975.05 ks: 8.26758e-08 ksold: 8.30694e-08
5 0.00418659 0.0196771 0.00413532 0.00435609 0.00473994 0.00476909 an: 1.37806e-05 an_old: 1.37232e-05 gco2: 0.0917934 gco2_old> 0.0935996 ci: 0.000200572 ci_old:0.000201401 -5000.21 -4978.44 ks: 8.26711e-08 ksold: 8.30654e-08
6 0.00419265 0.0197027 0.00414127 0.00435609 0.00473994 0.00477579 an: 1.378e-05 an_old: 1.37225e-05 gco2: 0.0917727 gco2_old> 0.0935809 ci: 0.000200546 ci_old:0.000201377 -5003.39 -4981.62 ks: 8.26667e-08 ksold: 8.30615e-08
7 0.0041982 0.0197261 0.00414673 0.00435609 0.00473994 0.00478194 an: 1.37794e-05 an_old: 1.37218e-05 gco2: 0.0917534 gco2_old> 0.0935633 ci: 0.000200522 ci_old:0.000201353 -5006.36 -4984.58 ks: 8.26626e-08 ksold: 8.30579e-08
8 0.00420324 0.0197473 0.0041517 0.00435609 0.00473994 0.00478751 an: 1.37789e-05 an_old: 1.37212e-05 gco2: 0.0917354 gco2_old> 0.0935469 ci: 0.000200499 ci_old:0.000201332 -5009.11 -4987.33 ks: 8.26588e-08 ksold: 8.30546e-08
9 0.00420775 0.0197663 0.00415616 0.00435609 0.00473994 0.00479252 an: 1.37784e-05 an_old: 1.37207e-05 gco2: 0.0917189 gco2_old> 0.0935318 ci: 0.000200478 ci_old:0.000201311 -5011.65 -4989.87 ks: 8.26553e-08 ksold: 8.30515e-08
10 0.00421175 0.019783 0.00416011 0.00435609 0.00473994 0.00479694 an: 1.3778e-05 an_old: 1.37202e-05 gco2: 0.0917038 gco2_old> 0.0935179 ci: 0.000200459 ci_old:0.000201293 -5013.97 -4992.18 ks: 8.26521e-08 ksold: 8.30486e-08
11 0.00421522 0.0197974 0.00416356 0.00435609 0.00473994 0.00480079 an: 1.37775e-05 an_old: 1.37197e-05 gco2: 0.0916901 gco2_old> 0.0935053 ci: 0.000200442 ci_old:0.000201276 -5016.07 -4994.29 ks: 8.26492e-08 ksold: 8.3046e-08
12 0.00421816 0.0198096 0.00416649 0.00435609 0.00473994 0.00480406 an: 1.37772e-05 an_old: 1.37193e-05 gco2: 0.0916778 gco2_old> 0.0934939 ci: 0.000200426 ci_old:0.000201261 -5017.95 -4996.17 ks: 8.26466e-08 ksold: 8.30437e-08
13 0.00421816 0.0198096 0.00416649 0.00435609 0.00473994 0.00480406 an: 0 an_old: 0 gco2: 0 gco2_old> 0 ci: 0 ci_old:0 0 0 ks: 0 ksold: 0
14 0.00421816 0.0198096 0.00416649 0.00435609 0.00473994 0.00480406 an: 0 an_old: 0 gco2: 0 gco2_old> 0 ci: 0 ci_old:0 0 0 ks: 0 ksold: 0
15 0.00421816 0.0198096 0.00416649 0.00435609 0.00473994 0.00480406 an: 0 an_old: 0 gco2: 0 gco2_old> 0 ci: 0 ci_old:0 0 0 ks: 0 ksold: 0
16 0.00421816 0.0198096 0.00416649 0.00435609 0.00473994 0.00480406 an: 0 an_old: 0 gco2: 0 gco2_old> 0 ci: 0 ci_old:0 0 0 ks: 0 ksold: 0
17 0.00421816 0.0198096 0.00416649 0.00435619 0.00473994 0.00480406 an: 1.37823e-05 an_old: 1.37251e-05 gco2: 0.0918511 gco2_old> 0.0936504 ci: 0.000200644 ci_old:0.00020147 -4991.36 -4969.62 ks: 8.26833e-08 ksold: 8.30757e-08
18 0.00421816 0.0198096 0.00416649 0.00435619 0.00473994 0.00480406 an: 1.37819e-05 an_old: 1.37246e-05 gco2: 0.0918369 gco2_old> 0.0936373 ci: 0.000200626 ci_old:0.000201453 -4993.54 -4971.8 ks: 8.26803e-08 ksold: 8.3073e-08
19 0.00421816 0.0198096 0.00416649 0.00435619 0.00473994 0.00480406 an: 1.37815e-05 an_old: 1.37243e-05 gco2: 0.0918261 gco2_old> 0.0936272 ci: 0.000200613 ci_old:0.00020144 -4995.21 -4973.47 ks: 8.2678e-08 ksold: 8.3071e-08
