shape leaf 574 0 0 0
an calc 0 0 0 8.36585e-05 0.00011164 0.000470649 0.334937  3.65731e-05 0.21 0
forgco2 0 0.008 0 1.5 0 4.75326e-07 4.00036e-05
forJW, Jw 0 drout_in 19009 32.6035 26.0828 1013.15 18 1000
forpg 0 0 -0 0 0 2 -18998.7 -19019.3 0 numleaf: 0
diff Ev and lat fluw: 0
shape leaf 575 0 0 0
an calc 0 0 0 8.36585e-05 0.00011164 0.000470649 0.334937  3.65731e-05 0.21 0
forgco2 0 0.008 0 1.5 0 4.75326e-07 4.00036e-05
forJW, Jw 0 drout_in 19029.6 32.6035 26.0828 1013.15 18 1000
forpg 0 0 -0 0 0 2 -19019.3 -19039.9 0 numleaf: 1
diff Ev and lat fluw: 0
shape leaf 576 0 0 0
an calc 0 0 0 8.36585e-05 0.00011164 0.000470649 0.334937  3.65731e-05 0.21 0
forgco2 0 0.008 0 1.5 0 4.75326e-07 4.00036e-05
forJW, Jw 0 drout_in 19050.2 32.6035 26.0828 1013.15 18 1000
forpg 0 0 -0 0 0 2 -19039.9 -19060.5 0 numleaf: 2
diff Ev and lat fluw: 0
shape leaf 577 0 0 0
an calc 0 0 0 8.36585e-05 0.00011164 0.000470649 0.334937  3.65731e-05 0.21 0
forgco2 0 0.008 0 1.5 0 4.75326e-07 4.00036e-05
forJW, Jw 0 drout_in 19070.8 32.6035 26.0828 1013.15 18 1000
forpg 0 0 -0 0 0 2 -19060.5 -19081.1 0 numleaf: 3
diff Ev and lat fluw: 0
shape leaf 578 3.6 0.000218318 7.79827e-05
an calc 2.01434e-05 2.06187e-05 2.61836e-05 8.36585e-05 0.00011164 0.000470649 0.334937  3.65731e-05 0.21 0
forgco2 0.0241445 0.008 0.09308 1.5 2.01434e-05 4.75326e-07 4.00036e-05
forJW, Jw 0.0281383 drout_in -7204.89 30.8279 26.0828 1013.15 18 1000
forpg 3.6 0.0281383 -7.02981e-06 0.00233777 -0.00935113 2 -19081.1 -19100.9 -26295.9 numleaf: 4
diff Ev and lat fluw: 0.101298
shape leaf 579 3.6 0.000218307 7.79827e-05
an calc 2.01424e-05 2.06177e-05 2.6184e-05 8.36585e-05 0.00011164 0.000470649 0.334937  3.65731e-05 0.21 0
forgco2 0.0241446 0.008 0.09308 1.5 2.01424e-05 4.75326e-07 4.00036e-05
forJW, Jw 0.0281401 drout_in -7205.36 30.8282 26.0828 1013.15 18 1000
forpg 3.6 0.0281401 -7.02981e-06 0.00233777 -0.00935113 2 -19100.9 -19119.1 -26315.3 numleaf: 5
diff Ev and lat fluw: 0.101304
shape leaf 580 3.6 0.000218297 7.79827e-05
an calc 2.01414e-05 2.06168e-05 2.61844e-05 8.36585e-05 0.00011164 0.000470649 0.334937  3.65731e-05 0.21 0
forgco2 0.0241448 0.008 0.09308 1.5 2.01414e-05 4.75326e-07 4.00036e-05
forJW, Jw 0.0281418 drout_in -7205.8 30.8284 26.0828 1013.15 18 1000
forpg 3.6 0.0281418 -7.02981e-06 0.00233777 -0.00935113 2 -19119.1 -19135.7 -26333.2 numleaf: 6
diff Ev and lat fluw: 0.101311
shape leaf 581 3.6 0.000218287 7.79827e-05
an calc 2.01405e-05 2.06159e-05 2.61848e-05 8.36585e-05 0.00011164 0.000470649 0.334937  3.65731e-05 0.21 0
forgco2 0.024145 0.008 0.09308 1.5 2.01405e-05 4.75326e-07 4.00036e-05
forJW, Jw 0.0281434 drout_in -7206.21 30.8287 26.0828 1013.15 18 1000
forpg 3.6 0.0281434 -7.02981e-06 0.00233777 -0.00935113 2 -19135.7 -19150.8 -26349.4 numleaf: 7
diff Ev and lat fluw: 0.101316
shape leaf 582 3.6 0.000218278 7.79827e-05
an calc 2.01397e-05 2.0615e-05 2.61851e-05 8.36585e-05 0.00011164 0.000470649 0.334937  3.65731e-05 0.21 0
forgco2 0.0241452 0.008 0.09308 1.5 2.01397e-05 4.75326e-07 4.00036e-05
forJW, Jw 0.0281449 drout_in -7206.59 30.8289 26.0828 1013.15 18 1000
forpg 3.6 0.0281449 -7.02981e-06 0.00233777 -0.00935113 2 -19150.8 -19164.2 -26364.1 numleaf: 8
diff Ev and lat fluw: 0.101322
shape leaf 583 3.6 0.000218269 7.79827e-05
an calc 2.01389e-05 2.06142e-05 2.61854e-05 8.36585e-05 0.00011164 0.000470649 0.334937  3.65731e-05 0.21 0
forgco2 0.0241453 0.008 0.09308 1.5 2.01389e-05 4.75326e-07 4.00036e-05
forJW, Jw 0.0281463 drout_in -7206.94 30.8291 26.0828 1013.15 18 1000
forpg 3.6 0.0281463 -7.02981e-06 0.00233777 -0.00935113 2 -19164.2 -19176.1 -26377.1 numleaf: 9
diff Ev and lat fluw: 0.101327
shape leaf 584 3.6 0.000218261 7.79827e-05
an calc 2.01381e-05 2.06134e-05 2.61857e-05 8.36585e-05 0.00011164 0.000470649 0.334937  3.65731e-05 0.21 0
forgco2 0.0241455 0.008 0.09308 1.5 2.01381e-05 4.75326e-07 4.00036e-05
forJW, Jw 0.0281476 drout_in -7207.26 30.8293 26.0828 1013.15 18 1000
forpg 3.6 0.0281476 -7.02981e-06 0.00233777 -0.00935113 2 -19176.1 -19186.4 -26388.5 numleaf: 10
diff Ev and lat fluw: 0.101331
shape leaf 585 3.6 0.000218253 7.79827e-05
an calc 2.01374e-05 2.06127e-05 2.6186e-05 8.36585e-05 0.00011164 0.000470649 0.334937  3.65731e-05 0.21 0
forgco2 0.0241456 0.008 0.09308 1.5 2.01374e-05 4.75326e-07 4.00036e-05
forJW, Jw 0.0281487 drout_in -7207.55 30.8294 26.0828 1013.15 18 1000
forpg 3.6 0.0281487 -7.02981e-06 0.00233777 -0.00935113 2 -19186.4 -19195.2 -26398.4 numleaf: 11
diff Ev and lat fluw: 0.101335
shape leaf 586 3.6 0.000218246 7.79827e-05
an calc 2.01368e-05 2.06121e-05 2.61862e-05 8.36585e-05 0.00011164 0.000470649 0.334937  3.65731e-05 0.21 0
forgco2 0.0241457 0.008 0.09308 1.5 2.01368e-05 4.75326e-07 4.00036e-05
forJW, Jw 0.0281497 drout_in -7207.82 30.8296 26.0828 1013.15 18 1000
forpg 3.6 0.0281497 -7.02981e-06 0.00233777 -0.00935113 2 -19195.2 -19202.3 -26406.6 numleaf: 12
diff Ev and lat fluw: 0.101339
shape leaf 587 3.6 0.00021824 7.79827e-05
an calc 2.01362e-05 2.06115e-05 2.61865e-05 8.36585e-05 0.00011164 0.000470649 0.334937  3.65731e-05 0.21 0
forgco2 0.0241459 0.008 0.09308 1.5 2.01362e-05 4.75326e-07 4.00036e-05
forJW, Jw 0.0281506 drout_in -7208.05 30.8297 26.0828 1013.15 18 1000
forpg 3.6 0.0281506 -7.02981e-06 0.00233777 -0.00935113 2 -19202.3 -19207.9 -26413.1 numleaf: 13
diff Ev and lat fluw: 0.101342
shape leaf 588 3.6 0.000218234 7.79827e-05
an calc 2.01356e-05 2.0611e-05 2.61867e-05 8.36585e-05 0.00011164 0.000470649 0.334937  3.65731e-05 0.21 0
forgco2 0.024146 0.008 0.09308 1.5 2.01356e-05 4.75326e-07 4.00036e-05
forJW, Jw 0.0281514 drout_in -7208.25 30.8298 26.0828 1013.15 18 1000
forpg 3.6 0.0281514 -7.02981e-06 0.00233777 -0.00935113 2 -19207.9 -19211.8 -26418.1 numleaf: 14
diff Ev and lat fluw: 0.101345
shape leaf 589 3.6 0.000218229 7.79827e-05
an calc 2.01351e-05 2.06105e-05 2.61869e-05 8.36585e-05 0.00011164 0.000470649 0.334937  3.65731e-05 0.21 0
forgco2 0.0241461 0.008 0.09308 1.5 2.01351e-05 4.75326e-07 4.00036e-05
forJW, Jw 0.0281521 drout_in -7208.42 30.8299 26.0828 1013.15 18 1000
forpg 3.6 0.0281521 -7.02981e-06 0.00233777 -0.00935113 2 -19211.8 -19214.2 -26421.5 numleaf: 15
diff Ev and lat fluw: 0.101347
shape leaf 591 0 0 0
an calc 0 0 0 8.36585e-05 0.00011164 0.000470649 0.334937  3.65731e-05 0.21 0
forgco2 0 0.008 0 1.5 0 4.75326e-07 4.00036e-05
forJW, Jw 0 drout_in 19009 32.6035 26.0828 1013.15 18 1000
forpg 0 0 -0 0 0 2 -19004.9 -19013.1 0 numleaf: 16
diff Ev and lat fluw: 0
shape leaf 592 0 0 0
an calc 0 0 0 8.36585e-05 0.00011164 0.000470649 0.334937  3.65731e-05 0.21 0
forgco2 0 0.008 0 1.5 0 4.75326e-07 4.00036e-05
forJW, Jw 0 drout_in 19017.1 32.6035 26.0828 1013.15 18 1000
forpg 0 0 -0 0 0 2 -19013.1 -19021.2 0 numleaf: 17
diff Ev and lat fluw: 0
shape leaf 593 0 0 0
an calc 0 0 0 8.36585e-05 0.00011164 0.000470649 0.334937  3.65731e-05 0.21 0
forgco2 0 0.008 0 1.5 0 4.75326e-07 4.00036e-05
forJW, Jw 0 drout_in 19025.3 32.6035 26.0828 1013.15 18 1000
forpg 0 0 -0 0 0 2 -19021.2 -19029.4 0 numleaf: 18
diff Ev and lat fluw: 0
shape leaf 594 0 0 0
an calc 0 0 0 8.36585e-05 0.00011164 0.000470649 0.334937  3.65731e-05 0.21 0
forgco2 0 0.008 0 1.5 0 4.75326e-07 4.00036e-05
forJW, Jw 0 drout_in 19033.4 32.6035 26.0828 1013.15 18 1000
forpg 0 0 -0 0 0 2 -19029.4 -19037.5 0 numleaf: 19
diff Ev and lat fluw: 0
shape leaf 595 3.6 0.000218325 7.79827e-05
an calc 2.0144e-05 2.06193e-05 2.61834e-05 8.36585e-05 0.00011164 0.000470649 0.334937  3.65731e-05 0.21 0
forgco2 0.0241443 0.008 0.09308 1.5 2.0144e-05 4.75326e-07 4.00036e-05
forJW, Jw 0.0281357 drout_in -7204.23 30.8275 26.0828 1013.15 18 1000
forpg 3.6 0.0281357 -7.02981e-06 0.00233777 -0.00935113 2 -19037.5 -19044.8 -26245.4 numleaf: 20
diff Ev and lat fluw: 0.101289
shape leaf 596 3.6 0.000218318 7.79827e-05
an calc 2.01434e-05 2.06187e-05 2.61836e-05 8.36585e-05 0.00011164 0.000470649 0.334937  3.65731e-05 0.21 0
forgco2 0.0241445 0.008 0.09308 1.5 2.01434e-05 4.75326e-07 4.00036e-05
forJW, Jw 0.0281367 drout_in -7204.47 30.8276 26.0828 1013.15 18 1000
forpg 3.6 0.0281367 -7.02981e-06 0.00233777 -0.00935113 2 -19044.8 -19050.6 -26252.1 numleaf: 21
diff Ev and lat fluw: 0.101292
shape leaf 597 3.6 0.000218311 7.79827e-05
an calc 2.01428e-05 2.06181e-05 2.61839e-05 8.36585e-05 0.00011164 0.000470649 0.334937  3.65731e-05 0.21 0
forgco2 0.0241446 0.008 0.09308 1.5 2.01428e-05 4.75326e-07 4.00036e-05
forJW, Jw 0.0281375 drout_in -7204.68 30.8277 26.0828 1013.15 18 1000
forpg 3.6 0.0281375 -7.02981e-06 0.00233777 -0.00935113 2 -19050.6 -19054.7 -26257.3 numleaf: 22
diff Ev and lat fluw: 0.101295
shape leaf 598 3.588 0.000218305 7.79827e-05
an calc 2.01422e-05 2.06176e-05 2.61841e-05 8.36585e-05 0.00011164 0.000470649 0.334937  3.65731e-05 0.21 0
forgco2 0.0241447 0.008 0.09308 1.5 2.01422e-05 4.75326e-07 4.00036e-05
forJW, Jw 0.0281382 drout_in -7204.87 30.8278 26.0828 1013.15 18 1000
forpg 3.588 0.0281382 -7.02981e-06 0.00233777 -0.00931995 1.99333 -19054.7 -19057.3 -26260.9 numleaf: 23
diff Ev and lat fluw: 0.10096
shape leaf 605 0 0 0
an calc 0 0 0 8.36585e-05 0.00011164 0.000470649 0.334937  3.65731e-05 0.21 0
forgco2 0 0.008 0 1.5 0 4.75326e-07 4.00036e-05
forJW, Jw 0 drout_in 19005.9 32.6035 26.0828 1013.15 18 1000
forpg 0 0 -0 0 0 2 -18998.7 -19013.1 0 numleaf: 24
diff Ev and lat fluw: 0
shape leaf 606 0 0 0
an calc 0 0 0 8.36585e-05 0.00011164 0.000470649 0.334937  3.65731e-05 0.21 0
forgco2 0 0.008 0 1.5 0 4.75326e-07 4.00036e-05
forJW, Jw 0 drout_in 19020.3 32.6035 26.0828 1013.15 18 1000
forpg 0 0 -0 0 0 2 -19013.1 -19027.5 0 numleaf: 25
diff Ev and lat fluw: 0
shape leaf 607 0 0 0
an calc 0 0 0 8.36585e-05 0.00011164 0.000470649 0.334937  3.65731e-05 0.21 0
forgco2 0 0.008 0 1.5 0 4.75326e-07 4.00036e-05
forJW, Jw 0 drout_in 19034.7 32.6035 26.0828 1013.15 18 1000
forpg 0 0 -0 0 0 2 -19027.5 -19041.9 0 numleaf: 26
diff Ev and lat fluw: 0
shape leaf 608 0 0 0
an calc 0 0 0 8.36585e-05 0.00011164 0.000470649 0.334937  3.65731e-05 0.21 0
forgco2 0 0.008 0 1.5 0 4.75326e-07 4.00036e-05
forJW, Jw 0 drout_in 19049.1 32.6035 26.0828 1013.15 18 1000
forpg 0 0 -0 0 0 2 -19041.9 -19056.3 0 numleaf: 27
diff Ev and lat fluw: 0
shape leaf 609 3.6 0.000218327 7.79827e-05
an calc 2.01442e-05 2.06195e-05 2.61833e-05 8.36585e-05 0.00011164 0.000470649 0.334937  3.65731e-05 0.21 0
forgco2 0.0241443 0.008 0.09308 1.5 2.01442e-05 4.75326e-07 4.00036e-05
forJW, Jw 0.0281363 drout_in -7204.38 30.8276 26.0828 1013.15 18 1000
forpg 3.6 0.0281363 -7.02981e-06 0.00233777 -0.00935113 2 -19056.3 -19069.8 -26267.4 numleaf: 28
diff Ev and lat fluw: 0.101291
shape leaf 610 3.6 0.000218318 7.79827e-05
an calc 2.01434e-05 2.06187e-05 2.61836e-05 8.36585e-05 0.00011164 0.000470649 0.334937  3.65731e-05 0.21 0
forgco2 0.0241445 0.008 0.09308 1.5 2.01434e-05 4.75326e-07 4.00036e-05
forJW, Jw 0.0281377 drout_in -7204.74 30.8278 26.0828 1013.15 18 1000
forpg 3.6 0.0281377 -7.02981e-06 0.00233777 -0.00935113 2 -19069.8 -19081.8 -26280.6 numleaf: 29
diff Ev and lat fluw: 0.101296
shape leaf 611 3.6 0.000218309 7.79827e-05
an calc 2.01426e-05 2.06179e-05 2.61839e-05 8.36585e-05 0.00011164 0.000470649 0.334937  3.65731e-05 0.21 0
forgco2 0.0241446 0.008 0.09308 1.5 2.01426e-05 4.75326e-07 4.00036e-05
forJW, Jw 0.028139 drout_in -7205.07 30.828 26.0828 1013.15 18 1000
forpg 3.6 0.028139 -7.02981e-06 0.00233777 -0.00935113 2 -19081.8 -19092.2 -26292.1 numleaf: 30
diff Ev and lat fluw: 0.1013
shape leaf 612 3.6 0.000218302 7.79827e-05
an calc 2.01419e-05 2.06172e-05 2.61842e-05 8.36585e-05 0.00011164 0.000470649 0.334937  3.65731e-05 0.21 0
forgco2 0.0241447 0.008 0.09308 1.5 2.01419e-05 4.75326e-07 4.00036e-05
forJW, Jw 0.0281402 drout_in -7205.37 30.8282 26.0828 1013.15 18 1000
forpg 3.6 0.0281402 -7.02981e-06 0.00233777 -0.00935113 2 -19092.2 -19101 -26302 numleaf: 31
diff Ev and lat fluw: 0.101305
shape leaf 613 3.6 0.000218294 7.79827e-05
an calc 2.01412e-05 2.06165e-05 2.61845e-05 8.36585e-05 0.00011164 0.000470649 0.334937  3.65731e-05 0.21 0
forgco2 0.0241449 0.008 0.09308 1.5 2.01412e-05 4.75326e-07 4.00036e-05
forJW, Jw 0.0281412 drout_in -7205.63 30.8283 26.0828 1013.15 18 1000
forpg 3.6 0.0281412 -7.02981e-06 0.00233777 -0.00935113 2 -19101 -19108.3 -26310.3 numleaf: 32
diff Ev and lat fluw: 0.101308
shape leaf 614 3.6 0.000218288 7.79827e-05
an calc 2.01406e-05 2.06159e-05 2.61847e-05 8.36585e-05 0.00011164 0.000470649 0.334937  3.65731e-05 0.21 0
forgco2 0.024145 0.008 0.09308 1.5 2.01406e-05 4.75326e-07 4.00036e-05
forJW, Jw 0.0281421 drout_in -7205.87 30.8284 26.0828 1013.15 18 1000
forpg 3.6 0.0281421 -7.02981e-06 0.00233777 -0.00935113 2 -19108.3 -19113.9 -26317 numleaf: 33
diff Ev and lat fluw: 0.101312
shape leaf 615 3.6 0.000218282 7.79827e-05
an calc 2.014e-05 2.06154e-05 2.61849e-05 8.36585e-05 0.00011164 0.000470649 0.334937  3.65731e-05 0.21 0
forgco2 0.0241451 0.008 0.09308 1.5 2.014e-05 4.75326e-07 4.00036e-05
forJW, Jw 0.0281429 drout_in -7206.08 30.8286 26.0828 1013.15 18 1000
forpg 3.6 0.0281429 -7.02981e-06 0.00233777 -0.00935113 2 -19113.9 -19118 -26322.1 numleaf: 34
diff Ev and lat fluw: 0.101315
shape leaf 616 3.6 0.000218276 7.79827e-05
an calc 2.01395e-05 2.06149e-05 2.61851e-05 8.36585e-05 0.00011164 0.000470649 0.334937  3.65731e-05 0.21 0
forgco2 0.0241452 0.008 0.09308 1.5 2.01395e-05 4.75326e-07 4.00036e-05
forJW, Jw 0.0281436 drout_in -7206.26 30.8287 26.0828 1013.15 18 1000
forpg 3.6 0.0281436 -7.02981e-06 0.00233777 -0.00935113 2 -19118 -19120.5 -26325.5 numleaf: 35
diff Ev and lat fluw: 0.101317
