shape leaf 106 0 0 0
an calc 0 0 0 8.0067e-05 6.63054e-05 0.000274357 0.241538  2.6398e-05 0.21 0
forgco2 0 8e-06 0 1.5 0 0 2.6398e-05
forJW, Jw 0 drout_in 4524 21.8233 16.1493 1010 18 1000
forpg 0 0 -0 0 0 2 -4522.09 -4525.92 0 numleaf: 0
diff Ev and lat fluw: 0
shape leaf 107 0 0 0
an calc 0 0 0 8.0067e-05 6.63054e-05 0.000274357 0.241538  2.6398e-05 0.21 0
forgco2 0 8e-06 0 1.5 0 0 2.6398e-05
forJW, Jw 0 drout_in 4527.83 21.8233 16.1493 1010 18 1000
forpg 0 0 -0 0 0 2 -4525.92 -4529.74 0 numleaf: 1
diff Ev and lat fluw: 0
shape leaf 108 0 0 0
an calc 0 0 0 8.0067e-05 6.63054e-05 0.000274357 0.241538  2.6398e-05 0.21 0
forgco2 0 8e-06 0 1.5 0 0 2.6398e-05
forJW, Jw 0 drout_in 4531.64 21.8233 16.1493 1010 18 1000
forpg 0 0 -0 0 0 2 -4529.74 -4533.55 0 numleaf: 2
diff Ev and lat fluw: 0
shape leaf 109 0 0 0
an calc 0 0 0 8.0067e-05 6.63054e-05 0.000274357 0.241538  2.6398e-05 0.21 0
forgco2 0 8e-06 0 1.5 0 0 2.6398e-05
forJW, Jw 0 drout_in 4535.44 21.8233 16.1493 1010 18 1000
forpg 0 0 -0 0 0 2 -4533.55 -4537.34 0 numleaf: 3
diff Ev and lat fluw: 0
shape leaf 110 3.6 0.000220559 0.000218896
an calc 1.42177e-05 1.75526e-05 1.42177e-05 8.0067e-05 6.63054e-05 0.000274357 0.241538  2.6398e-05 0.21 0
forgco2 0.107525 8e-06 0.978859 1.5 1.42177e-05 0 2.6398e-05
forJW, Jw 0.0310248 drout_in -794.415 21.8081 16.1493 1010 18 1000
forpg 3.6 0.0310248 -7.02981e-05 0.00799898 -0.0319973 2 -4537.34 -4541.01 -5333.59 numleaf: 4
diff Ev and lat fluw: 0.111689
shape leaf 111 3.6 0.000220559 0.000218896
an calc 1.42177e-05 1.75526e-05 1.42177e-05 8.0067e-05 6.63054e-05 0.000274357 0.241538  2.6398e-05 0.21 0
forgco2 0.107525 8e-06 0.978859 1.5 1.42177e-05 0 2.6398e-05
forJW, Jw 0.0310248 drout_in -794.415 21.8081 16.1493 1010 18 1000
forpg 3.6 0.0310248 -7.02981e-05 0.00799898 -0.0319973 2 -4541.01 -4544.45 -5337.14 numleaf: 5
diff Ev and lat fluw: 0.111689
shape leaf 112 3.6 0.000220559 0.000218896
an calc 1.42177e-05 1.75526e-05 1.42177e-05 8.0067e-05 6.63054e-05 0.000274357 0.241538  2.6398e-05 0.21 0
forgco2 0.107525 8e-06 0.978859 1.5 1.42177e-05 0 2.6398e-05
forJW, Jw 0.0310248 drout_in -794.415 21.8081 16.1493 1010 18 1000
forpg 3.6 0.0310248 -7.02981e-05 0.00799898 -0.0319973 2 -4544.45 -4547.66 -5340.47 numleaf: 6
diff Ev and lat fluw: 0.111689
shape leaf 113 3.6 0.000220559 0.000218896
an calc 1.42177e-05 1.75526e-05 1.42177e-05 8.0067e-05 6.63054e-05 0.000274357 0.241538  2.6398e-05 0.21 0
forgco2 0.107525 8e-06 0.978859 1.5 1.42177e-05 0 2.6398e-05
forJW, Jw 0.0310248 drout_in -794.415 21.8081 16.1493 1010 18 1000
forpg 3.6 0.0310248 -7.02981e-05 0.00799898 -0.0319973 2 -4547.66 -4550.64 -5343.57 numleaf: 7
diff Ev and lat fluw: 0.111689
shape leaf 114 3.6 0.000220559 0.000218896
an calc 1.42177e-05 1.75526e-05 1.42177e-05 8.0067e-05 6.63054e-05 0.000274357 0.241538  2.6398e-05 0.21 0
forgco2 0.107525 8e-06 0.978859 1.5 1.42177e-05 0 2.6398e-05
forJW, Jw 0.0310248 drout_in -794.415 21.8081 16.1493 1010 18 1000
forpg 3.6 0.0310248 -7.02981e-05 0.00799898 -0.0319973 2 -4550.64 -4553.39 -5346.43 numleaf: 8
diff Ev and lat fluw: 0.111689
shape leaf 115 3.6 0.000220559 0.000218896
an calc 1.42177e-05 1.75526e-05 1.42177e-05 8.0067e-05 6.63054e-05 0.000274357 0.241538  2.6398e-05 0.21 0
forgco2 0.107525 8e-06 0.978859 1.5 1.42177e-05 0 2.6398e-05
forJW, Jw 0.0310248 drout_in -794.415 21.8081 16.1493 1010 18 1000
forpg 3.6 0.0310248 -7.02981e-05 0.00799898 -0.0319973 2 -4553.39 -4555.91 -5349.06 numleaf: 9
diff Ev and lat fluw: 0.111689
shape leaf 116 3.6 0.000220559 0.000218896
an calc 1.42177e-05 1.75526e-05 1.42177e-05 8.0067e-05 6.63054e-05 0.000274357 0.241538  2.6398e-05 0.21 0
forgco2 0.107525 8e-06 0.978859 1.5 1.42177e-05 0 2.6398e-05
forJW, Jw 0.0310248 drout_in -794.415 21.8081 16.1493 1010 18 1000
forpg 3.6 0.0310248 -7.02981e-05 0.00799898 -0.0319973 2 -4555.91 -4558.18 -5351.46 numleaf: 10
diff Ev and lat fluw: 0.111689
shape leaf 117 3.6 0.000220559 0.000218896
an calc 1.42177e-05 1.75526e-05 1.42177e-05 8.0067e-05 6.63054e-05 0.000274357 0.241538  2.6398e-05 0.21 0
forgco2 0.107525 8e-06 0.978859 1.5 1.42177e-05 0 2.6398e-05
forJW, Jw 0.0310248 drout_in -794.415 21.8081 16.1493 1010 18 1000
forpg 3.6 0.0310248 -7.02981e-05 0.00799898 -0.0319973 2 -4558.18 -4560.23 -5353.62 numleaf: 11
diff Ev and lat fluw: 0.111689
shape leaf 118 3.6 0.000220559 0.000218896
an calc 1.42177e-05 1.75526e-05 1.42177e-05 8.0067e-05 6.63054e-05 0.000274357 0.241538  2.6398e-05 0.21 0
forgco2 0.107525 8e-06 0.978859 1.5 1.42177e-05 0 2.6398e-05
forJW, Jw 0.0310248 drout_in -794.415 21.8081 16.1493 1010 18 1000
forpg 3.6 0.0310248 -7.02981e-05 0.00799898 -0.0319973 2 -4560.23 -4562.03 -5355.55 numleaf: 12
diff Ev and lat fluw: 0.111689
shape leaf 126 0 0 0
an calc 0 0 0 8.0067e-05 6.63054e-05 0.000274357 0.241538  2.6398e-05 0.21 0
forgco2 0 8e-06 0 1.5 0 0 2.6398e-05
forJW, Jw 0 drout_in 4523.34 21.8233 16.1493 1010 18 1000
forpg 0 0 -0 0 0 2 -4522.09 -4524.6 0 numleaf: 13
diff Ev and lat fluw: 0
shape leaf 127 0 0 0
an calc 0 0 0 8.0067e-05 6.63054e-05 0.000274357 0.241538  2.6398e-05 0.21 0
forgco2 0 8e-06 0 1.5 0 0 2.6398e-05
forJW, Jw 0 drout_in 4525.85 21.8233 16.1493 1010 18 1000
forpg 0 0 -0 0 0 2 -4524.6 -4527.09 0 numleaf: 14
diff Ev and lat fluw: 0
shape leaf 128 0 0 0
an calc 0 0 0 8.0067e-05 6.63054e-05 0.000274357 0.241538  2.6398e-05 0.21 0
forgco2 0 8e-06 0 1.5 0 0 2.6398e-05
forJW, Jw 0 drout_in 4528.34 21.8233 16.1493 1010 18 1000
forpg 0 0 -0 0 0 2 -4527.09 -4529.58 0 numleaf: 15
diff Ev and lat fluw: 0
shape leaf 129 0 0 0
an calc 0 0 0 8.0067e-05 6.63054e-05 0.000274357 0.241538  2.6398e-05 0.21 0
forgco2 0 8e-06 0 1.5 0 0 2.6398e-05
forJW, Jw 0 drout_in 4530.81 21.8233 16.1493 1010 18 1000
forpg 0 0 -0 0 0 2 -4529.58 -4532.05 0 numleaf: 16
diff Ev and lat fluw: 0
shape leaf 130 3.6 0.000220559 0.000218896
an calc 1.42177e-05 1.75526e-05 1.42177e-05 8.0067e-05 6.63054e-05 0.000274357 0.241538  2.6398e-05 0.21 0
forgco2 0.107525 8e-06 0.978859 1.5 1.42177e-05 0 2.6398e-05
forJW, Jw 0.0310248 drout_in -794.415 21.8081 16.1493 1010 18 1000
forpg 3.6 0.0310248 -7.02981e-05 0.00799898 -0.0319973 2 -4532.05 -4534.4 -5327.64 numleaf: 17
diff Ev and lat fluw: 0.111689
shape leaf 131 3.6 0.000220559 0.000218896
an calc 1.42177e-05 1.75526e-05 1.42177e-05 8.0067e-05 6.63054e-05 0.000274357 0.241538  2.6398e-05 0.21 0
forgco2 0.107525 8e-06 0.978859 1.5 1.42177e-05 0 2.6398e-05
forJW, Jw 0.0310248 drout_in -794.415 21.8081 16.1493 1010 18 1000
forpg 3.6 0.0310248 -7.02981e-05 0.00799898 -0.0319973 2 -4534.4 -4536.52 -5329.88 numleaf: 18
diff Ev and lat fluw: 0.111689
shape leaf 132 2.44894 0.000220559 0.000218896
an calc 1.42177e-05 1.75526e-05 1.42177e-05 8.0067e-05 6.63054e-05 0.000274357 0.241538  2.6398e-05 0.21 0
forgco2 0.107525 8e-06 0.978859 1.5 1.42177e-05 0 2.6398e-05
forJW, Jw 0.0310248 drout_in -794.406 21.8081 16.1493 1010 18 1000
forpg 2.44894 0.0310248 -7.02981e-05 0.00799898 -0.0217661 1.36052 -4536.52 -4537.83 -5331.58 numleaf: 19
diff Ev and lat fluw: 0.0759781
