shape leaf 106 0 0.000175 0
an calc 0 0 0 8.0067e-05 6.63054e-05 0.000274357 0.241538  2.6398e-05 0.21 0
forgco2 0 8e-06 0 1.5 0 0 2.6398e-05
forJW, Jw 0 drout_in 128.57 21.8233 16.1493 1010 18 1000
forpg 0 0 -0 0 0 2 -128.57 -128.57 0 numleaf: 0
diff Ev and lat fluw: 0
shape leaf 107 0 0.000175 0
an calc 0 0 0 8.0067e-05 6.63054e-05 0.000274357 0.241538  2.6398e-05 0.21 0
forgco2 0 8e-06 0 1.5 0 0 2.6398e-05
forJW, Jw 0 drout_in 128.57 21.8233 16.1493 1010 18 1000
forpg 0 0 -0 0 0 2 -128.57 -128.57 0 numleaf: 1
diff Ev and lat fluw: 0
shape leaf 108 0 0.000175 0
an calc 0 0 0 8.0067e-05 6.63054e-05 0.000274357 0.241538  2.6398e-05 0.21 0
forgco2 0 8e-06 0 1.5 0 0 2.6398e-05
forJW, Jw 0 drout_in 128.57 21.8233 16.1493 1010 18 1000
forpg 0 0 -0 0 0 2 -128.57 -128.57 0 numleaf: 2
diff Ev and lat fluw: 0
shape leaf 109 0 0.000175 0
an calc 0 0 0 8.0067e-05 6.63054e-05 0.000274357 0.241538  2.6398e-05 0.21 0
forgco2 0 8e-06 0 1.5 0 0 2.6398e-05
forJW, Jw 0 drout_in 128.57 21.8233 16.1493 1010 18 1000
forpg 0 0 -0 0 0 2 -128.57 -128.57 0 numleaf: 3
diff Ev and lat fluw: 0
shape leaf 110 3.6 0.000175 0.000220559
an calc 1.30579e-05 1.43237e-05 1.30579e-05 8.0067e-05 6.63054e-05 0.000274357 0.241538  2.6398e-05 0.21 0
forgco2 0.131815 8e-06 1 1.5 1.30579e-05 0 2.6398e-05
forJW, Jw 0.0323414 drout_in -828.127 21.8233 16.1493 1010 18 1000
forpg 3.6 0.0323414 -7.02981e-05 0.00799898 -0.0319973 2 -128.57 -128.57 -956.698 numleaf: 4
diff Ev and lat fluw: 0.116429
shape leaf 111 3.6 0.000175 0.000220559
an calc 1.30579e-05 1.43237e-05 1.30579e-05 8.0067e-05 6.63054e-05 0.000274357 0.241538  2.6398e-05 0.21 0
forgco2 0.131815 8e-06 1 1.5 1.30579e-05 0 2.6398e-05
forJW, Jw 0.0323414 drout_in -828.127 21.8233 16.1493 1010 18 1000
forpg 3.6 0.0323414 -7.02981e-05 0.00799898 -0.0319973 2 -128.57 -128.57 -956.698 numleaf: 5
diff Ev and lat fluw: 0.116429
shape leaf 112 3.6 0.000175 0.000220559
an calc 1.30579e-05 1.43237e-05 1.30579e-05 8.0067e-05 6.63054e-05 0.000274357 0.241538  2.6398e-05 0.21 0
forgco2 0.131815 8e-06 1 1.5 1.30579e-05 0 2.6398e-05
forJW, Jw 0.0323414 drout_in -828.127 21.8233 16.1493 1010 18 1000
forpg 3.6 0.0323414 -7.02981e-05 0.00799898 -0.0319973 2 -128.57 -128.57 -956.698 numleaf: 6
diff Ev and lat fluw: 0.116429
shape leaf 113 3.6 0.000175 0.000220559
an calc 1.30579e-05 1.43237e-05 1.30579e-05 8.0067e-05 6.63054e-05 0.000274357 0.241538  2.6398e-05 0.21 0
forgco2 0.131815 8e-06 1 1.5 1.30579e-05 0 2.6398e-05
forJW, Jw 0.0323414 drout_in -828.127 21.8233 16.1493 1010 18 1000
forpg 3.6 0.0323414 -7.02981e-05 0.00799898 -0.0319973 2 -128.57 -128.57 -956.698 numleaf: 7
diff Ev and lat fluw: 0.116429
shape leaf 114 3.6 0.000175 0.000220559
an calc 1.30579e-05 1.43237e-05 1.30579e-05 8.0067e-05 6.63054e-05 0.000274357 0.241538  2.6398e-05 0.21 0
forgco2 0.131815 8e-06 1 1.5 1.30579e-05 0 2.6398e-05
forJW, Jw 0.0323414 drout_in -828.127 21.8233 16.1493 1010 18 1000
forpg 3.6 0.0323414 -7.02981e-05 0.00799898 -0.0319973 2 -128.57 -128.57 -956.698 numleaf: 8
diff Ev and lat fluw: 0.116429
shape leaf 115 3.6 0.000175 0.000220559
an calc 1.30579e-05 1.43237e-05 1.30579e-05 8.0067e-05 6.63054e-05 0.000274357 0.241538  2.6398e-05 0.21 0
forgco2 0.131815 8e-06 1 1.5 1.30579e-05 0 2.6398e-05
forJW, Jw 0.0323414 drout_in -828.127 21.8233 16.1493 1010 18 1000
forpg 3.6 0.0323414 -7.02981e-05 0.00799898 -0.0319973 2 -128.57 -128.57 -956.698 numleaf: 9
diff Ev and lat fluw: 0.116429
shape leaf 116 3.6 0.000175 0.000220559
an calc 1.30579e-05 1.43237e-05 1.30579e-05 8.0067e-05 6.63054e-05 0.000274357 0.241538  2.6398e-05 0.21 0
forgco2 0.131815 8e-06 1 1.5 1.30579e-05 0 2.6398e-05
forJW, Jw 0.0323414 drout_in -828.127 21.8233 16.1493 1010 18 1000
forpg 3.6 0.0323414 -7.02981e-05 0.00799898 -0.0319973 2 -128.57 -128.57 -956.698 numleaf: 10
diff Ev and lat fluw: 0.116429
shape leaf 117 3.6 0.000175 0.000220559
an calc 1.30579e-05 1.43237e-05 1.30579e-05 8.0067e-05 6.63054e-05 0.000274357 0.241538  2.6398e-05 0.21 0
forgco2 0.131815 8e-06 1 1.5 1.30579e-05 0 2.6398e-05
forJW, Jw 0.0323414 drout_in -828.127 21.8233 16.1493 1010 18 1000
forpg 3.6 0.0323414 -7.02981e-05 0.00799898 -0.0319973 2 -128.57 -128.57 -956.698 numleaf: 11
diff Ev and lat fluw: 0.116429
shape leaf 118 3.6 0.000175 0.000220559
an calc 1.30579e-05 1.43237e-05 1.30579e-05 8.0067e-05 6.63054e-05 0.000274357 0.241538  2.6398e-05 0.21 0
forgco2 0.131815 8e-06 1 1.5 1.30579e-05 0 2.6398e-05
forJW, Jw 0.0323414 drout_in -828.127 21.8233 16.1493 1010 18 1000
forpg 3.6 0.0323414 -7.02981e-05 0.00799898 -0.0319973 2 -128.57 -128.57 -956.698 numleaf: 12
diff Ev and lat fluw: 0.116429
shape leaf 126 0 0.000175 0
an calc 0 0 0 8.0067e-05 6.63054e-05 0.000274357 0.241538  2.6398e-05 0.21 0
forgco2 0 8e-06 0 1.5 0 0 2.6398e-05
forJW, Jw 0 drout_in 128.57 21.8233 16.1493 1010 18 1000
forpg 0 0 -0 0 0 2 -128.57 -128.57 0 numleaf: 13
diff Ev and lat fluw: 0
shape leaf 127 0 0.000175 0
an calc 0 0 0 8.0067e-05 6.63054e-05 0.000274357 0.241538  2.6398e-05 0.21 0
forgco2 0 8e-06 0 1.5 0 0 2.6398e-05
forJW, Jw 0 drout_in 128.57 21.8233 16.1493 1010 18 1000
forpg 0 0 -0 0 0 2 -128.57 -128.57 0 numleaf: 14
diff Ev and lat fluw: 0
shape leaf 128 0 0.000175 0
an calc 0 0 0 8.0067e-05 6.63054e-05 0.000274357 0.241538  2.6398e-05 0.21 0
forgco2 0 8e-06 0 1.5 0 0 2.6398e-05
forJW, Jw 0 drout_in 128.57 21.8233 16.1493 1010 18 1000
forpg 0 0 -0 0 0 2 -128.57 -128.57 0 numleaf: 15
diff Ev and lat fluw: 0
shape leaf 129 0 0.000175 0
an calc 0 0 0 8.0067e-05 6.63054e-05 0.000274357 0.241538  2.6398e-05 0.21 0
forgco2 0 8e-06 0 1.5 0 0 2.6398e-05
forJW, Jw 0 drout_in 128.57 21.8233 16.1493 1010 18 1000
forpg 0 0 -0 0 0 2 -128.57 -128.57 0 numleaf: 16
diff Ev and lat fluw: 0
shape leaf 130 3.6 0.000175 0.000220559
an calc 1.30579e-05 1.43237e-05 1.30579e-05 8.0067e-05 6.63054e-05 0.000274357 0.241538  2.6398e-05 0.21 0
forgco2 0.131815 8e-06 1 1.5 1.30579e-05 0 2.6398e-05
forJW, Jw 0.0323414 drout_in -828.127 21.8233 16.1493 1010 18 1000
forpg 3.6 0.0323414 -7.02981e-05 0.00799898 -0.0319973 2 -128.57 -128.57 -956.698 numleaf: 17
diff Ev and lat fluw: 0.116429
shape leaf 131 3.6 0.000175 0.000220559
an calc 1.30579e-05 1.43237e-05 1.30579e-05 8.0067e-05 6.63054e-05 0.000274357 0.241538  2.6398e-05 0.21 0
forgco2 0.131815 8e-06 1 1.5 1.30579e-05 0 2.6398e-05
forJW, Jw 0.0323414 drout_in -828.127 21.8233 16.1493 1010 18 1000
forpg 3.6 0.0323414 -7.02981e-05 0.00799898 -0.0319973 2 -128.57 -128.57 -956.698 numleaf: 18
diff Ev and lat fluw: 0.116429
shape leaf 132 2.44894 0.000175 0.000220559
an calc 1.30579e-05 1.43237e-05 1.30579e-05 8.0067e-05 6.63054e-05 0.000274357 0.241538  2.6398e-05 0.21 0
forgco2 0.131815 8e-06 1 1.5 1.30579e-05 0 2.6398e-05
forJW, Jw 0.0323414 drout_in -828.118 21.8233 16.1493 1010 18 1000
forpg 2.44894 0.0323414 -7.02981e-05 0.00799898 -0.0217661 1.36052 -128.57 -128.57 -956.688 numleaf: 19
diff Ev and lat fluw: 0.0792023
