shape leaf 106 0 0 0
an calc 0 0 0 8.0067e-05 6.63054e-05 0.000274357 0.241538  2.6398e-05 0.21 0
forgco2 0 8e-06 0 1.5 0 0 2.6398e-05
forJW, Jw 0 drout_in 4206.67 21.8233 16.1493 1010 18 1000
forpg 0 0 -0 0 0 2 -4204.82 -4208.52 0 numleaf: 0
diff Ev and lat fluw: 0
shape leaf 107 0 0 0
an calc 0 0 0 8.0067e-05 6.63054e-05 0.000274357 0.241538  2.6398e-05 0.21 0
forgco2 0 8e-06 0 1.5 0 0 2.6398e-05
forJW, Jw 0 drout_in 4210.36 21.8233 16.1493 1010 18 1000
forpg 0 0 -0 0 0 2 -4208.52 -4212.2 0 numleaf: 1
diff Ev and lat fluw: 0
shape leaf 108 0 0 0
an calc 0 0 0 8.0067e-05 6.63054e-05 0.000274357 0.241538  2.6398e-05 0.21 0
forgco2 0 8e-06 0 1.5 0 0 2.6398e-05
forJW, Jw 0 drout_in 4214.04 21.8233 16.1493 1010 18 1000
forpg 0 0 -0 0 0 2 -4212.2 -4215.87 0 numleaf: 2
diff Ev and lat fluw: 0
shape leaf 109 0 0 0
an calc 0 0 0 8.0067e-05 6.63054e-05 0.000274357 0.241538  2.6398e-05 0.21 0
forgco2 0 8e-06 0 1.5 0 0 2.6398e-05
forJW, Jw 0 drout_in 4217.7 21.8233 16.1493 1010 18 1000
forpg 0 0 -0 0 0 2 -4215.87 -4219.53 0 numleaf: 3
diff Ev and lat fluw: 0
shape leaf 110 3.6 0.000200548 0.000200554
an calc 1.37596e-05 1.61851e-05 1.37596e-05 8.0067e-05 6.63054e-05 0.000274357 0.241538  2.6398e-05 0.21 0
forgco2 0.0920818 8e-06 0.776895 1.5 1.37596e-05 0 2.6398e-05
forJW, Jw 0.0296466 drout_in -759.123 21.7444 16.1493 1010 18 1000
forpg 3.6 0.0296466 -7.02981e-05 0.00799898 -0.0319973 2 -4219.53 -4223.07 -4980.42 numleaf: 4
diff Ev and lat fluw: 0.106728
shape leaf 111 3.6 0.00020052 0.000200526
an calc 1.37589e-05 1.61832e-05 1.37589e-05 8.0067e-05 6.63054e-05 0.000274357 0.241538  2.6398e-05 0.21 0
forgco2 0.0920601 8e-06 0.776627 1.5 1.37589e-05 0 2.6398e-05
forJW, Jw 0.0296446 drout_in -759.074 21.7444 16.1493 1010 18 1000
forpg 3.6 0.0296446 -7.02981e-05 0.00799898 -0.0319973 2 -4223.07 -4226.4 -4983.81 numleaf: 5
diff Ev and lat fluw: 0.106721
shape leaf 112 3.6 0.000200494 0.0002005
an calc 1.37583e-05 1.61813e-05 1.37583e-05 8.0067e-05 6.63054e-05 0.000274357 0.241538  2.6398e-05 0.21 0
forgco2 0.0920398 8e-06 0.776375 1.5 1.37583e-05 0 2.6398e-05
forJW, Jw 0.0296429 drout_in -759.028 21.7443 16.1493 1010 18 1000
forpg 3.6 0.0296429 -7.02981e-05 0.00799898 -0.0319973 2 -4226.4 -4229.51 -4986.98 numleaf: 6
diff Ev and lat fluw: 0.106714
shape leaf 113 3.6 0.00020047 0.000200476
an calc 1.37577e-05 1.61796e-05 1.37577e-05 8.0067e-05 6.63054e-05 0.000274357 0.241538  2.6398e-05 0.21 0
forgco2 0.0920208 8e-06 0.77614 1.5 1.37577e-05 0 2.6398e-05
forJW, Jw 0.0296412 drout_in -758.985 21.7443 16.1493 1010 18 1000
forpg 3.6 0.0296412 -7.02981e-05 0.00799898 -0.0319973 2 -4229.51 -4232.41 -4989.94 numleaf: 7
diff Ev and lat fluw: 0.106708
shape leaf 114 3.6 0.000200447 0.000200453
an calc 1.37571e-05 1.6178e-05 1.37571e-05 8.0067e-05 6.63054e-05 0.000274357 0.241538  2.6398e-05 0.21 0
forgco2 0.0920031 8e-06 0.775922 1.5 1.37571e-05 0 2.6398e-05
forJW, Jw 0.0296396 drout_in -758.945 21.7442 16.1493 1010 18 1000
forpg 3.6 0.0296396 -7.02981e-05 0.00799898 -0.0319973 2 -4232.41 -4235.09 -4992.69 numleaf: 8
diff Ev and lat fluw: 0.106703
shape leaf 115 3.6 0.000200426 0.000200432
an calc 1.37566e-05 1.61766e-05 1.37566e-05 8.0067e-05 6.63054e-05 0.000274357 0.241538  2.6398e-05 0.21 0
forgco2 0.0919868 8e-06 0.775721 1.5 1.37566e-05 0 2.6398e-05
forJW, Jw 0.0296382 drout_in -758.909 21.7442 16.1493 1010 18 1000
forpg 3.6 0.0296382 -7.02981e-05 0.00799898 -0.0319973 2 -4235.09 -4237.55 -4995.23 numleaf: 9
diff Ev and lat fluw: 0.106697
shape leaf 116 3.6 0.000200407 0.000200413
an calc 1.37561e-05 1.61752e-05 1.37561e-05 8.0067e-05 6.63054e-05 0.000274357 0.241538  2.6398e-05 0.21 0
forgco2 0.0919719 8e-06 0.775536 1.5 1.37561e-05 0 2.6398e-05
forJW, Jw 0.0296369 drout_in -758.875 21.7442 16.1493 1010 18 1000
forpg 3.6 0.0296369 -7.02981e-05 0.00799898 -0.0319973 2 -4237.55 -4239.79 -4997.54 numleaf: 10
diff Ev and lat fluw: 0.106693
shape leaf 117 3.6 0.00020039 0.000200396
an calc 1.37557e-05 1.6174e-05 1.37557e-05 8.0067e-05 6.63054e-05 0.000274357 0.241538  2.6398e-05 0.21 0
forgco2 0.0919584 8e-06 0.775369 1.5 1.37557e-05 0 2.6398e-05
forJW, Jw 0.0296357 drout_in -758.844 21.7441 16.1493 1010 18 1000
forpg 3.6 0.0296357 -7.02981e-05 0.00799898 -0.0319973 2 -4239.79 -4241.81 -4999.64 numleaf: 11
diff Ev and lat fluw: 0.106688
shape leaf 118 3.6 0.000200374 0.00020038
an calc 1.37553e-05 1.61729e-05 1.37553e-05 8.0067e-05 6.63054e-05 0.000274357 0.241538  2.6398e-05 0.21 0
forgco2 0.0919463 8e-06 0.77522 1.5 1.37553e-05 0 2.6398e-05
forJW, Jw 0.0296346 drout_in -758.817 21.7441 16.1493 1010 18 1000
forpg 3.6 0.0296346 -7.02981e-05 0.00799898 -0.0319973 2 -4241.81 -4243.61 -5001.53 numleaf: 12
diff Ev and lat fluw: 0.106685
shape leaf 126 0 0 0
an calc 0 0 0 8.0067e-05 6.63054e-05 0.000274357 0.241538  2.6398e-05 0.21 0
forgco2 0 8e-06 0 1.5 0 0 2.6398e-05
forJW, Jw 0 drout_in 4206.05 21.8233 16.1493 1010 18 1000
forpg 0 0 -0 0 0 2 -4204.82 -4207.29 0 numleaf: 13
diff Ev and lat fluw: 0
shape leaf 127 0 0 0
an calc 0 0 0 8.0067e-05 6.63054e-05 0.000274357 0.241538  2.6398e-05 0.21 0
forgco2 0 8e-06 0 1.5 0 0 2.6398e-05
forJW, Jw 0 drout_in 4208.52 21.8233 16.1493 1010 18 1000
forpg 0 0 -0 0 0 2 -4207.29 -4209.75 0 numleaf: 14
diff Ev and lat fluw: 0
shape leaf 128 0 0 0
an calc 0 0 0 8.0067e-05 6.63054e-05 0.000274357 0.241538  2.6398e-05 0.21 0
forgco2 0 8e-06 0 1.5 0 0 2.6398e-05
forJW, Jw 0 drout_in 4210.97 21.8233 16.1493 1010 18 1000
forpg 0 0 -0 0 0 2 -4209.75 -4212.19 0 numleaf: 15
diff Ev and lat fluw: 0
shape leaf 129 0 0 0
an calc 0 0 0 8.0067e-05 6.63054e-05 0.000274357 0.241538  2.6398e-05 0.21 0
forgco2 0 8e-06 0 1.5 0 0 2.6398e-05
forJW, Jw 0 drout_in 4213.41 21.8233 16.1493 1010 18 1000
forpg 0 0 -0 0 0 2 -4212.19 -4214.62 0 numleaf: 16
diff Ev and lat fluw: 0
shape leaf 130 3.6 0.000200593 0.000200599
an calc 1.37607e-05 1.61882e-05 1.37607e-05 8.0067e-05 6.63054e-05 0.000274357 0.241538  2.6398e-05 0.21 0
forgco2 0.0921167 8e-06 0.777326 1.5 1.37607e-05 0 2.6398e-05
forJW, Jw 0.0296496 drout_in -759.202 21.7445 16.1493 1010 18 1000
forpg 3.6 0.0296496 -7.02981e-05 0.00799898 -0.0319973 2 -4214.62 -4216.94 -4974.98 numleaf: 17
diff Ev and lat fluw: 0.106739
shape leaf 131 3.6 0.000200575 0.000200581
an calc 1.37603e-05 1.6187e-05 1.37603e-05 8.0067e-05 6.63054e-05 0.000274357 0.241538  2.6398e-05 0.21 0
forgco2 0.0921027 8e-06 0.777153 1.5 1.37603e-05 0 2.6398e-05
forJW, Jw 0.0296484 drout_in -759.171 21.7445 16.1493 1010 18 1000
forpg 3.6 0.0296484 -7.02981e-05 0.00799898 -0.0319973 2 -4216.94 -4219.04 -4977.16 numleaf: 18
diff Ev and lat fluw: 0.106734
shape leaf 132 2.44894 0.000200561 0.000200567
an calc 1.37599e-05 1.6186e-05 1.37599e-05 8.0067e-05 6.63054e-05 0.000274357 0.241538  2.6398e-05 0.21 0
forgco2 0.092092 8e-06 0.777021 1.5 1.37599e-05 0 2.6398e-05
forJW, Jw 0.0296475 drout_in -759.138 21.7445 16.1493 1010 18 1000
forpg 2.44894 0.0296475 -7.02981e-05 0.00799898 -0.0217661 1.36052 -4219.04 -4220.35 -4978.83 numleaf: 19
diff Ev and lat fluw: 0.072605
