shape leaf 574 0 0 0
an calc 0 0 0 8.36585e-05 0.00011164 0.000470649 0.334937  3.65731e-05 0.21 0
forgco2 0 0.008 0 1.5 0 4.75326e-07 4.00036e-05
forJW, Jw 0 drout_in 3081.91 32.6035 26.0828 1013.15 18 1000
forpg 0 0 -0 0 0 2 -3079.93 -3083.89 0 numleaf: 0
diff Ev and lat fluw: 0
shape leaf 575 0 0 0
an calc 0 0 0 8.36585e-05 0.00011164 0.000470649 0.334937  3.65731e-05 0.21 0
forgco2 0 0.008 0 1.5 0 4.75326e-07 4.00036e-05
forJW, Jw 0 drout_in 3085.86 32.6035 26.0828 1013.15 18 1000
forpg 0 0 -0 0 0 2 -3083.89 -3087.83 0 numleaf: 1
diff Ev and lat fluw: 0
shape leaf 576 0 0 0
an calc 0 0 0 8.36585e-05 0.00011164 0.000470649 0.334937  3.65731e-05 0.21 0
forgco2 0 0.008 0 1.5 0 4.75326e-07 4.00036e-05
forJW, Jw 0 drout_in 3089.8 32.6035 26.0828 1013.15 18 1000
forpg 0 0 -0 0 0 2 -3087.83 -3091.76 0 numleaf: 2
diff Ev and lat fluw: 0
shape leaf 577 0 0 0
an calc 0 0 0 8.36585e-05 0.00011164 0.000470649 0.334937  3.65731e-05 0.21 0
forgco2 0 0.008 0 1.5 0 4.75326e-07 4.00036e-05
forJW, Jw 0 drout_in 3093.72 32.6035 26.0828 1013.15 18 1000
forpg 0 0 -0 0 0 2 -3091.76 -3095.68 0 numleaf: 3
diff Ev and lat fluw: 0
shape leaf 578 3.6 7.79827e-05 0.000218318
an calc 5.00394e-06 5.47926e-06 0.000179066 8.36585e-05 0.00011164 0.000470649 0.334937  3.65731e-05 0.21 0
forgco2 0.203361 0.008 0.90275 1.5 5.00394e-06 4.75326e-07 4.00036e-05
forJW, Jw 0.295521 drout_in -75669.1 31.9996 26.0828 1013.15 18 1000
forpg 3.6 0.295521 -7.02981e-06 0.00233777 -0.00935113 2 -3095.68 -3099.49 -78766.7 numleaf: 4
diff Ev and lat fluw: 1.06388
shape leaf 579 3.6 7.79827e-05 0.000218307
an calc 5.00394e-06 5.47926e-06 0.000179066 8.36585e-05 0.00011164 0.000470649 0.334937  3.65731e-05 0.21 0
forgco2 0.203333 0.008 0.902621 1.5 5.00394e-06 4.75326e-07 4.00036e-05
forJW, Jw 0.295459 drout_in -75653 31.9992 26.0828 1013.15 18 1000
forpg 3.6 0.295459 -7.02981e-06 0.00233777 -0.00935113 2 -3099.49 -3103.12 -78754.3 numleaf: 5
diff Ev and lat fluw: 1.06365
shape leaf 580 3.6 7.79827e-05 0.000218297
an calc 5.00394e-06 5.47926e-06 0.000179066 8.36585e-05 0.00011164 0.000470649 0.334937  3.65731e-05 0.21 0
forgco2 0.203306 0.008 0.902498 1.5 5.00394e-06 4.75326e-07 4.00036e-05
forJW, Jw 0.2954 drout_in -75637.9 31.9988 26.0828 1013.15 18 1000
forpg 3.6 0.2954 -7.02981e-06 0.00233777 -0.00935113 2 -3103.12 -3106.57 -78742.8 numleaf: 6
diff Ev and lat fluw: 1.06344
shape leaf 581 3.6 7.79827e-05 0.000218287
an calc 5.00394e-06 5.47926e-06 0.000179066 8.36585e-05 0.00011164 0.000470649 0.334937  3.65731e-05 0.21 0
forgco2 0.203281 0.008 0.902382 1.5 5.00394e-06 4.75326e-07 4.00036e-05
forJW, Jw 0.295345 drout_in -75623.8 31.9984 26.0828 1013.15 18 1000
forpg 3.6 0.295345 -7.02981e-06 0.00233777 -0.00935113 2 -3106.57 -3109.82 -78732 numleaf: 7
diff Ev and lat fluw: 1.06324
shape leaf 582 3.6 7.79827e-05 0.000218278
an calc 5.00394e-06 5.47926e-06 0.000179066 8.36585e-05 0.00011164 0.000470649 0.334937  3.65731e-05 0.21 0
forgco2 0.203257 0.008 0.902272 1.5 5.00394e-06 4.75326e-07 4.00036e-05
forJW, Jw 0.295293 drout_in -75610.7 31.9981 26.0828 1013.15 18 1000
forpg 3.6 0.295293 -7.02981e-06 0.00233777 -0.00935113 2 -3109.82 -3112.89 -78722.1 numleaf: 8
diff Ev and lat fluw: 1.06306
shape leaf 583 3.6 7.79827e-05 0.000218269
an calc 5.00394e-06 5.47926e-06 0.000179066 8.36585e-05 0.00011164 0.000470649 0.334937  3.65731e-05 0.21 0
forgco2 0.203235 0.008 0.902168 1.5 5.00394e-06 4.75326e-07 4.00036e-05
forJW, Jw 0.295246 drout_in -75598.6 31.9978 26.0828 1013.15 18 1000
forpg 3.6 0.295246 -7.02981e-06 0.00233777 -0.00935113 2 -3112.89 -3115.76 -78712.9 numleaf: 9
diff Ev and lat fluw: 1.06289
shape leaf 584 3.6 7.79827e-05 0.000218261
an calc 5.00394e-06 5.47926e-06 0.000179066 8.36585e-05 0.00011164 0.000470649 0.334937  3.65731e-05 0.21 0
forgco2 0.203214 0.008 0.902071 1.5 5.00394e-06 4.75326e-07 4.00036e-05
forJW, Jw 0.295203 drout_in -75587.5 31.9975 26.0828 1013.15 18 1000
forpg 3.6 0.295203 -7.02981e-06 0.00233777 -0.00935113 2 -3115.76 -3118.44 -78704.6 numleaf: 10
diff Ev and lat fluw: 1.06273
shape leaf 585 3.6 7.79827e-05 0.000218253
an calc 5.00394e-06 5.47926e-06 0.000179066 8.36585e-05 0.00011164 0.000470649 0.334937  3.65731e-05 0.21 0
forgco2 0.203194 0.008 0.901981 1.5 5.00394e-06 4.75326e-07 4.00036e-05
forJW, Jw 0.295163 drout_in -75577.4 31.9973 26.0828 1013.15 18 1000
forpg 3.6 0.295163 -7.02981e-06 0.00233777 -0.00935113 2 -3118.44 -3120.92 -78697.1 numleaf: 11
diff Ev and lat fluw: 1.06259
shape leaf 586 3.6 7.79827e-05 0.000218246
an calc 5.00394e-06 5.47926e-06 0.000179066 8.36585e-05 0.00011164 0.000470649 0.334937  3.65731e-05 0.21 0
forgco2 0.203176 0.008 0.901898 1.5 5.00394e-06 4.75326e-07 4.00036e-05
forJW, Jw 0.295128 drout_in -75568.3 31.9971 26.0828 1013.15 18 1000
forpg 3.6 0.295128 -7.02981e-06 0.00233777 -0.00935113 2 -3120.92 -3123.22 -78690.3 numleaf: 12
diff Ev and lat fluw: 1.06246
shape leaf 587 3.6 7.79827e-05 0.00021824
an calc 5.00394e-06 5.47926e-06 0.000179066 8.36585e-05 0.00011164 0.000470649 0.334937  3.65731e-05 0.21 0
forgco2 0.203159 0.008 0.901821 1.5 5.00394e-06 4.75326e-07 4.00036e-05
forJW, Jw 0.295096 drout_in -75560.2 31.9969 26.0828 1013.15 18 1000
forpg 3.6 0.295096 -7.02981e-06 0.00233777 -0.00935113 2 -3123.22 -3125.31 -78684.4 numleaf: 13
diff Ev and lat fluw: 1.06235
shape leaf 588 3.6 7.79827e-05 0.000218234
an calc 5.00394e-06 5.47926e-06 0.000179066 8.36585e-05 0.00011164 0.000470649 0.334937  3.65731e-05 0.21 0
forgco2 0.203144 0.008 0.901751 1.5 5.00394e-06 4.75326e-07 4.00036e-05
forJW, Jw 0.295068 drout_in -75553.1 31.9968 26.0828 1013.15 18 1000
forpg 3.6 0.295068 -7.02981e-06 0.00233777 -0.00935113 2 -3125.31 -3127.21 -78679.4 numleaf: 14
diff Ev and lat fluw: 1.06225
shape leaf 589 3.6 7.79827e-05 0.000218229
an calc 5.00394e-06 5.47926e-06 0.000179066 8.36585e-05 0.00011164 0.000470649 0.334937  3.65731e-05 0.21 0
forgco2 0.203131 0.008 0.901688 1.5 5.00394e-06 4.75326e-07 4.00036e-05
forJW, Jw 0.295045 drout_in -75547.1 31.9968 26.0828 1013.15 18 1000
forpg 3.6 0.295045 -7.02981e-06 0.00233777 -0.00935113 2 -3127.21 -3128.9 -78675.1 numleaf: 15
diff Ev and lat fluw: 1.06216
shape leaf 591 0 0 0
an calc 0 0 0 8.36585e-05 0.00011164 0.000470649 0.334937  3.65731e-05 0.21 0
forgco2 0 0.008 0 1.5 0 4.75326e-07 4.00036e-05
forJW, Jw 0 drout_in 3085 32.6035 26.0828 1013.15 18 1000
forpg 0 0 -0 0 0 2 -3083.7 -3086.3 0 numleaf: 16
diff Ev and lat fluw: 0
shape leaf 592 0 0 0
an calc 0 0 0 8.36585e-05 0.00011164 0.000470649 0.334937  3.65731e-05 0.21 0
forgco2 0 0.008 0 1.5 0 4.75326e-07 4.00036e-05
forJW, Jw 0 drout_in 3087.6 32.6035 26.0828 1013.15 18 1000
forpg 0 0 -0 0 0 2 -3086.3 -3088.9 0 numleaf: 17
diff Ev and lat fluw: 0
shape leaf 593 0 0 0
an calc 0 0 0 8.36585e-05 0.00011164 0.000470649 0.334937  3.65731e-05 0.21 0
forgco2 0 0.008 0 1.5 0 4.75326e-07 4.00036e-05
forJW, Jw 0 drout_in 3090.19 32.6035 26.0828 1013.15 18 1000
forpg 0 0 -0 0 0 2 -3088.9 -3091.48 0 numleaf: 18
diff Ev and lat fluw: 0
shape leaf 594 0 0 0
an calc 0 0 0 8.36585e-05 0.00011164 0.000470649 0.334937  3.65731e-05 0.21 0
forgco2 0 0.008 0 1.5 0 4.75326e-07 4.00036e-05
forJW, Jw 0 drout_in 3092.76 32.6035 26.0828 1013.15 18 1000
forpg 0 0 -0 0 0 2 -3091.48 -3094.05 0 numleaf: 19
diff Ev and lat fluw: 0
shape leaf 595 3.6 7.79827e-05 0.000218325
an calc 5.00394e-06 5.47926e-06 0.000179066 8.36585e-05 0.00011164 0.000470649 0.334937  3.65731e-05 0.21 0
forgco2 0.203378 0.008 0.90283 1.5 5.00394e-06 4.75326e-07 4.00036e-05
forJW, Jw 0.295604 drout_in -75690.2 32.0008 26.0828 1013.15 18 1000
forpg 3.6 0.295604 -7.02981e-06 0.00233777 -0.00935113 2 -3094.05 -3096.51 -78785.5 numleaf: 20
diff Ev and lat fluw: 1.06417
shape leaf 596 3.6 7.79827e-05 0.000218318
an calc 5.00394e-06 5.47926e-06 0.000179066 8.36585e-05 0.00011164 0.000470649 0.334937  3.65731e-05 0.21 0
forgco2 0.20336 0.008 0.902748 1.5 5.00394e-06 4.75326e-07 4.00036e-05
forJW, Jw 0.29557 drout_in -75681.6 32.0006 26.0828 1013.15 18 1000
forpg 3.6 0.29557 -7.02981e-06 0.00233777 -0.00935113 2 -3096.51 -3098.79 -78779.3 numleaf: 21
diff Ev and lat fluw: 1.06405
shape leaf 597 3.6 7.79827e-05 0.000218311
an calc 5.00394e-06 5.47926e-06 0.000179066 8.36585e-05 0.00011164 0.000470649 0.334937  3.65731e-05 0.21 0
forgco2 0.203344 0.008 0.902672 1.5 5.00394e-06 4.75326e-07 4.00036e-05
forJW, Jw 0.295541 drout_in -75674 32.0005 26.0828 1013.15 18 1000
forpg 3.6 0.295541 -7.02981e-06 0.00233777 -0.00935113 2 -3098.79 -3100.89 -78773.9 numleaf: 22
diff Ev and lat fluw: 1.06395
shape leaf 598 3.588 7.79827e-05 0.000218305
an calc 5.00394e-06 5.47926e-06 0.000179066 8.36585e-05 0.00011164 0.000470649 0.334937  3.65731e-05 0.21 0
forgco2 0.203329 0.008 0.902603 1.5 5.00394e-06 4.75326e-07 4.00036e-05
forJW, Jw 0.295515 drout_in -75667.4 32.0004 26.0828 1013.15 18 1000
forpg 3.588 0.295515 -7.02981e-06 0.00233777 -0.00931995 1.99333 -3100.89 -3102.79 -78769.2 numleaf: 23
diff Ev and lat fluw: 1.06031
shape leaf 605 0 0 0
an calc 0 0 0 8.36585e-05 0.00011164 0.000470649 0.334937  3.65731e-05 0.21 0
forgco2 0 0.008 0 1.5 0 4.75326e-07 4.00036e-05
forJW, Jw 0 drout_in 3081.57 32.6035 26.0828 1013.15 18 1000
forpg 0 0 -0 0 0 2 -3079.93 -3083.22 0 numleaf: 24
diff Ev and lat fluw: 0
shape leaf 606 0 0 0
an calc 0 0 0 8.36585e-05 0.00011164 0.000470649 0.334937  3.65731e-05 0.21 0
forgco2 0 0.008 0 1.5 0 4.75326e-07 4.00036e-05
forJW, Jw 0 drout_in 3084.85 32.6035 26.0828 1013.15 18 1000
forpg 0 0 -0 0 0 2 -3083.22 -3086.49 0 numleaf: 25
diff Ev and lat fluw: 0
shape leaf 607 0 0 0
an calc 0 0 0 8.36585e-05 0.00011164 0.000470649 0.334937  3.65731e-05 0.21 0
forgco2 0 0.008 0 1.5 0 4.75326e-07 4.00036e-05
forJW, Jw 0 drout_in 3088.12 32.6035 26.0828 1013.15 18 1000
forpg 0 0 -0 0 0 2 -3086.49 -3089.75 0 numleaf: 26
diff Ev and lat fluw: 0
shape leaf 608 0 0 0
an calc 0 0 0 8.36585e-05 0.00011164 0.000470649 0.334937  3.65731e-05 0.21 0
forgco2 0 0.008 0 1.5 0 4.75326e-07 4.00036e-05
forJW, Jw 0 drout_in 3091.37 32.6035 26.0828 1013.15 18 1000
forpg 0 0 -0 0 0 2 -3089.75 -3092.99 0 numleaf: 27
diff Ev and lat fluw: 0
shape leaf 609 3.6 7.79827e-05 0.000218327
an calc 5.00394e-06 5.47926e-06 0.000179066 8.36585e-05 0.00011164 0.000470649 0.334937  3.65731e-05 0.21 0
forgco2 0.203383 0.008 0.902855 1.5 5.00394e-06 4.75326e-07 4.00036e-05
forJW, Jw 0.295587 drout_in -75685.8 32.0003 26.0828 1013.15 18 1000
forpg 3.6 0.295587 -7.02981e-06 0.00233777 -0.00935113 2 -3092.99 -3096.13 -78780.4 numleaf: 28
diff Ev and lat fluw: 1.06411
shape leaf 610 3.6 7.79827e-05 0.000218318
an calc 5.00394e-06 5.47926e-06 0.000179066 8.36585e-05 0.00011164 0.000470649 0.334937  3.65731e-05 0.21 0
forgco2 0.20336 0.008 0.90275 1.5 5.00394e-06 4.75326e-07 4.00036e-05
forJW, Jw 0.295539 drout_in -75673.5 32 26.0828 1013.15 18 1000
forpg 3.6 0.295539 -7.02981e-06 0.00233777 -0.00935113 2 -3096.13 -3099.08 -78771.1 numleaf: 29
diff Ev and lat fluw: 1.06394
shape leaf 611 3.6 7.79827e-05 0.000218309
an calc 5.00394e-06 5.47926e-06 0.000179066 8.36585e-05 0.00011164 0.000470649 0.334937  3.65731e-05 0.21 0
forgco2 0.203339 0.008 0.90265 1.5 5.00394e-06 4.75326e-07 4.00036e-05
forJW, Jw 0.295494 drout_in -75662.2 31.9997 26.0828 1013.15 18 1000
forpg 3.6 0.295494 -7.02981e-06 0.00233777 -0.00935113 2 -3099.08 -3101.85 -78762.6 numleaf: 30
diff Ev and lat fluw: 1.06378
shape leaf 612 3.6 7.79827e-05 0.000218302
an calc 5.00394e-06 5.47926e-06 0.000179066 8.36585e-05 0.00011164 0.000470649 0.334937  3.65731e-05 0.21 0
forgco2 0.203319 0.008 0.902558 1.5 5.00394e-06 4.75326e-07 4.00036e-05
forJW, Jw 0.295454 drout_in -75651.8 31.9995 26.0828 1013.15 18 1000
forpg 3.6 0.295454 -7.02981e-06 0.00233777 -0.00935113 2 -3101.85 -3104.42 -78754.9 numleaf: 31
diff Ev and lat fluw: 1.06363
shape leaf 613 3.6 7.79827e-05 0.000218294
an calc 5.00394e-06 5.47926e-06 0.000179066 8.36585e-05 0.00011164 0.000470649 0.334937  3.65731e-05 0.21 0
forgco2 0.2033 0.008 0.902472 1.5 5.00394e-06 4.75326e-07 4.00036e-05
forJW, Jw 0.295417 drout_in -75642.5 31.9993 26.0828 1013.15 18 1000
forpg 3.6 0.295417 -7.02981e-06 0.00233777 -0.00935113 2 -3104.42 -3106.8 -78748.1 numleaf: 32
diff Ev and lat fluw: 1.0635
shape leaf 614 3.6 7.79827e-05 0.000218288
an calc 5.00394e-06 5.47926e-06 0.000179066 8.36585e-05 0.00011164 0.000470649 0.334937  3.65731e-05 0.21 0
forgco2 0.203283 0.008 0.902392 1.5 5.00394e-06 4.75326e-07 4.00036e-05
forJW, Jw 0.295385 drout_in -75634.1 31.9991 26.0828 1013.15 18 1000
forpg 3.6 0.295385 -7.02981e-06 0.00233777 -0.00935113 2 -3106.8 -3108.99 -78742 numleaf: 33
diff Ev and lat fluw: 1.06339
shape leaf 615 3.6 7.79827e-05 0.000218282
an calc 5.00394e-06 5.47926e-06 0.000179066 8.36585e-05 0.00011164 0.000470649 0.334937  3.65731e-05 0.21 0
forgco2 0.203267 0.008 0.902319 1.5 5.00394e-06 4.75326e-07 4.00036e-05
forJW, Jw 0.295356 drout_in -75626.8 31.999 26.0828 1013.15 18 1000
forpg 3.6 0.295356 -7.02981e-06 0.00233777 -0.00935113 2 -3108.99 -3110.99 -78736.8 numleaf: 34
diff Ev and lat fluw: 1.06328
shape leaf 616 3.6 7.79827e-05 0.000218276
an calc 5.00394e-06 5.47926e-06 0.000179066 8.36585e-05 0.00011164 0.000470649 0.334937  3.65731e-05 0.21 0
forgco2 0.203253 0.008 0.902253 1.5 5.00394e-06 4.75326e-07 4.00036e-05
forJW, Jw 0.295331 drout_in -75620.4 31.9989 26.0828 1013.15 18 1000
forpg 3.6 0.295331 -7.02981e-06 0.00233777 -0.00935113 2 -3110.99 -3112.79 -78732.3 numleaf: 35
diff Ev and lat fluw: 1.06319
