S1:[0.12564387 0.09513155 0.04534986 0.14792982 0.10473919 0.15845048
 0.18671896 0.1385377  0.24572509 0.2706785  0.2195425  0.26915636
 0.27517652 0.25482577 0.37234033 0.39589706 0.34216186]
S1_conf:[0.01010688 0.00901603 0.01261085 0.01891991 0.01401176 0.01908966
 0.02052297 0.01689734 0.02319252 0.02463815 0.02065721 0.02311129
 0.02505804 0.02186378 0.02695204 0.02751373 0.0250094 ]
ST:[0.13573917 0.11862909 0.24427665 0.30401461 0.24907585 0.39930685
 0.46053809 0.36759357 0.58309917 0.63996534 0.54276947 0.66404501
 0.70039027 0.60128887 0.81547728 0.88195517 0.82972867]
ST_conf:[0.00754221 0.00683615 0.01528057 0.0165122  0.01582168 0.01682193
 0.01934183 0.01784859 0.02191068 0.02096066 0.020844   0.02123967
 0.02113971 0.02183477 0.02502934 0.02451075 0.02627359]
S2:[[        nan  0.06408332  0.3012564   0.15006719  0.23630316  0.34073564
   0.28705264  0.32318795  0.33439376  0.39317352  0.40958373  0.49414869
   0.61292065  0.54348983  0.54451881  0.60939561  0.62910289]
 [        nan         nan  0.32448176  0.17980479  0.24733243  0.39440646
   0.31316099  0.33662754  0.36743046  0.42542641  0.44156526  0.5227619
   0.61058803  0.5894232   0.57525709  0.64006089  0.6499774 ]
 [        nan         nan         nan  0.2835851   0.35746017  0.49754802
   0.42191626  0.45016395  0.46845329  0.52806223  0.54613183  0.61956648
   0.68743216  0.68663329  0.63393258  0.64960995  0.68477232]
 [        nan         nan         nan         nan  0.03209818  0.16628703
   0.08885993  0.17994476  0.23103013  0.18066957  0.21976128  0.28795755
   0.36605176  0.35132887  0.36779834  0.46926012  0.43304433]
 [        nan         nan         nan         nan         nan  0.20223712
   0.13132359  0.20371152  0.29743272  0.21950365  0.24592672  0.33362674
   0.41094169  0.39594445  0.40904998  0.47943323  0.49155526]
 [        nan         nan         nan         nan         nan         nan
   0.13194891  0.21070937  0.29742081  0.22510845  0.256312    0.33142168
   0.41040963  0.39735435  0.40267955  0.45316006  0.48560343]
 [        nan         nan         nan         nan         nan         nan
          nan -0.04068729  0.04014703 -0.03396388  0.06007735  0.16807033
   0.1369669   0.1449759   0.1450891   0.20573919  0.22430355]
 [        nan         nan         nan         nan         nan         nan
          nan         nan  0.08111211  0.01351478  0.0888593   0.23947851
   0.18085123  0.17615143  0.19576383  0.25563461  0.27392469]
 [        nan         nan         nan         nan         nan         nan
          nan         nan         nan -0.03940067  0.04231632  0.18592043
   0.13292815  0.1329928   0.14001234  0.20155681  0.22178854]
 [        nan         nan         nan         nan         nan         nan
          nan         nan         nan         nan -0.20575812 -0.06803023
  -0.12282332 -0.059919   -0.0200152  -0.06853065 -0.02724962]
 [        nan         nan         nan         nan         nan         nan
          nan         nan         nan         nan         nan -0.02411722
  -0.07239669 -0.02818917  0.05434203 -0.02173207  0.00685855]
 [        nan         nan         nan         nan         nan         nan
          nan         nan         nan         nan         nan         nan
  -0.06770507 -0.01712357  0.05839037 -0.01204504  0.02130629]
 [        nan         nan         nan         nan         nan         nan
          nan         nan         nan         nan         nan         nan
          nan -0.24580114 -0.17609011 -0.24833345 -0.1521387 ]
 [        nan         nan         nan         nan         nan         nan
          nan         nan         nan         nan         nan         nan
          nan         nan -0.16288732 -0.22862364 -0.1511256 ]
 [        nan         nan         nan         nan         nan         nan
          nan         nan         nan         nan         nan         nan
          nan         nan         nan -0.29182049 -0.2079484 ]
 [        nan         nan         nan         nan         nan         nan
          nan         nan         nan         nan         nan         nan
          nan         nan         nan         nan -0.45405846]
 [        nan         nan         nan         nan         nan         nan
          nan         nan         nan         nan         nan         nan
          nan         nan         nan         nan         nan]]
S2_conf:[[       nan 0.03056748 0.03494179 0.03666749 0.03620466 0.03796562
  0.03920913 0.03603701 0.03918476 0.0453892  0.04067689 0.03836404
  0.04816167 0.04205393 0.04364427 0.05187047 0.04788903]
 [       nan        nan 0.03409579 0.03549408 0.03448855 0.03655669
  0.03806124 0.03579496 0.03819026 0.04500614 0.0401359  0.03902259
  0.0488346  0.04334564 0.04604981 0.05399705 0.0491441 ]
 [       nan        nan        nan 0.03846798 0.03691411 0.03845873
  0.0395689  0.03679873 0.04147042 0.04675094 0.04169427 0.04047471
  0.04909277 0.04398476 0.0455007  0.05135856 0.04849716]
 [       nan        nan        nan        nan 0.03214044 0.03289548
  0.03531823 0.03611057 0.03857218 0.03876519 0.03556724 0.03581312
  0.04326864 0.03829837 0.03886651 0.04727766 0.04341148]
 [       nan        nan        nan        nan        nan 0.03346623
  0.0353883  0.03484778 0.03855825 0.03957292 0.03684656 0.03621862
  0.04466063 0.03897968 0.04276937 0.05040676 0.0470779 ]
 [       nan        nan        nan        nan        nan        nan
  0.04048429 0.04080193 0.04333276 0.0438912  0.04020339 0.0403013
  0.04815881 0.04362228 0.0475839  0.05354273 0.05066821]
 [       nan        nan        nan        nan        nan        nan
         nan 0.0318305  0.0335381  0.03374872 0.03494829 0.03508647
  0.03603031 0.03382243 0.03582171 0.04307415 0.04023906]
 [       nan        nan        nan        nan        nan        nan
         nan        nan 0.0298936  0.03172528 0.03150997 0.03181052
  0.0340108  0.0307258  0.0338368  0.04149775 0.03710153]
 [       nan        nan        nan        nan        nan        nan
         nan        nan        nan 0.03557997 0.03524294 0.03586679
  0.03727485 0.03364151 0.03809928 0.04337124 0.04007355]
 [       nan        nan        nan        nan        nan        nan
         nan        nan        nan        nan 0.03072445 0.03060041
  0.03262781 0.03136764 0.03610254 0.03619936 0.03444925]
 [       nan        nan        nan        nan        nan        nan
         nan        nan        nan        nan        nan 0.02567772
  0.02808768 0.02656649 0.03084205 0.03310325 0.03080941]
 [       nan        nan        nan        nan        nan        nan
         nan        nan        nan        nan        nan        nan
  0.03130958 0.03109027 0.03478666 0.03588198 0.03402183]
 [       nan        nan        nan        nan        nan        nan
         nan        nan        nan        nan        nan        nan
         nan 0.0291277  0.03222924 0.03343039 0.03401819]
 [       nan        nan        nan        nan        nan        nan
         nan        nan        nan        nan        nan        nan
         nan        nan 0.0295067  0.02998424 0.03090844]
 [       nan        nan        nan        nan        nan        nan
         nan        nan        nan        nan        nan        nan
         nan        nan        nan 0.03543226 0.03675247]
 [       nan        nan        nan        nan        nan        nan
         nan        nan        nan        nan        nan        nan
         nan        nan        nan        nan 0.03080596]
 [       nan        nan        nan        nan        nan        nan
         nan        nan        nan        nan        nan        nan
         nan        nan        nan        nan        nan]]
