S1:[0.04076772 0.09096307 0.04868956 0.0633748  0.10808307 0.07908298
 0.07044686 0.11724688 0.08886048 0.08637876 0.13187338 0.09862209
 0.08113736 0.12309505 0.13008871 0.10616004 0.15499876]
S1_conf:[0.0152768  0.00927796 0.02004439 0.02043162 0.0138446  0.02491008
 0.0271634  0.02014228 0.02887136 0.02854093 0.02334048 0.03046702
 0.02949695 0.02594644 0.03143967 0.0319856  0.02922176]
ST:[0.2526573  0.21166163 0.43645982 0.35635599 0.3604657  0.55803497
 0.51972079 0.49754408 0.85546839 0.70945389 0.67067516 0.93002475
 0.90811809 0.84454189 1.26399237 1.07790842 1.04685931]
ST_conf:[0.04659276 0.04592911 0.04770433 0.04661745 0.05359184 0.04674064
 0.04591694 0.04463303 0.07198126 0.04890442 0.04793317 0.07216848
 0.05086658 0.04539153 0.07570869 0.05282896 0.04870591]
S2:[[        nan  0.0707687   0.23281338  0.19845885  0.17228625  0.54280876
   0.37477666  0.31301577  0.60116181  0.56759328  0.48100033  0.89246445
   0.75945157  0.67816668  0.97897485  0.97963089  0.83319924]
 [        nan         nan  0.18191262  0.12315394  0.08610683  0.32123663
   0.29073326  0.22493467  0.5092932   0.47704211  0.38201571  0.68979042
   0.66810798  0.53099146  0.82105749  0.81928855  0.67574939]
 [        nan         nan         nan  0.15160449  0.11704372  0.33000351
   0.32467739  0.24618972  0.49368439  0.46044356  0.39172072  0.6573443
   0.64693877  0.5228981   0.76264426  0.74543752  0.64774666]
 [        nan         nan         nan         nan  0.0273795   0.17637545
   0.16493846  0.1365538   0.50021765  0.33223218  0.27179143  0.56527334
   0.5463624   0.46318422  0.83226508  0.70756544  0.61959952]
 [        nan         nan         nan         nan         nan  0.13381779
   0.09886201  0.05960284  0.2932448   0.25741282  0.19275389  0.48263318
   0.4650397   0.37342806  0.64040766  0.62550296  0.48166803]
 [        nan         nan         nan         nan         nan         nan
   0.11349163  0.07664235  0.28859674  0.27752121  0.20026733  0.45286893
   0.43452107  0.36929631  0.59440859  0.59056326  0.45975926]
 [        nan         nan         nan         nan         nan         nan
          nan  0.01094111  0.15863745  0.14167917  0.11450865  0.48362776
   0.33029434  0.27326581  0.52596111  0.51383967  0.42392508]
 [        nan         nan         nan         nan         nan         nan
          nan         nan  0.11427756  0.07378945  0.03574442  0.27500262
   0.25365355  0.19239461  0.44150769  0.4307037   0.33235566]
 [        nan         nan         nan         nan         nan         nan
          nan         nan         nan  0.08799209  0.05243448  0.26977026
   0.27335032  0.19948477  0.41165306  0.39985738  0.32781285]
 [        nan         nan         nan         nan         nan         nan
          nan         nan         nan         nan -0.01970014  0.13344799
   0.13114552  0.10736628  0.43571359  0.28917485  0.22541016]
 [        nan         nan         nan         nan         nan         nan
          nan         nan         nan         nan         nan  0.09057265
   0.06474036  0.0300866   0.22840218  0.21402731  0.14601604]
 [        nan         nan         nan         nan         nan         nan
          nan         nan         nan         nan         nan         nan
   0.08393312  0.05174048  0.22832636  0.23869588  0.158094  ]
 [        nan         nan         nan         nan         nan         nan
          nan         nan         nan         nan         nan         nan
          nan -0.00568474  0.10669721  0.11118421  0.08066864]
 [        nan         nan         nan         nan         nan         nan
          nan         nan         nan         nan         nan         nan
          nan         nan  0.06729985  0.04825702  0.00686694]
 [        nan         nan         nan         nan         nan         nan
          nan         nan         nan         nan         nan         nan
          nan         nan         nan  0.02712126 -0.01178185]
 [        nan         nan         nan         nan         nan         nan
          nan         nan         nan         nan         nan         nan
          nan         nan         nan         nan -0.0626015 ]
 [        nan         nan         nan         nan         nan         nan
          nan         nan         nan         nan         nan         nan
          nan         nan         nan         nan         nan]]
S2_conf:[[       nan 0.05541755 0.06059238 0.07105278 0.05972218 0.10791744
  0.08118442 0.06269518 0.09081525 0.08786278 0.07678034 0.11052695
  0.09811052 0.08738307 0.11211612 0.11527548 0.100657  ]
 [       nan        nan 0.04733128 0.05776036 0.04358471 0.05867998
  0.07155789 0.04832745 0.08101691 0.07694092 0.06382029 0.08476935
  0.0901527  0.07180719 0.10097356 0.10404889 0.08721736]
 [       nan        nan        nan 0.06179575 0.04641387 0.06241003
  0.07460404 0.05042626 0.08308559 0.0784622  0.06731934 0.0862035
  0.09015761 0.07395214 0.09958667 0.09423128 0.08506163]
 [       nan        nan        nan        nan 0.05792064 0.05668626
  0.07095869 0.05619682 0.11783113 0.07505014 0.0640807  0.0819994
  0.08730096 0.07423125 0.11748997 0.09974309 0.08882462]
 [       nan        nan        nan        nan        nan 0.04278086
  0.05591228 0.03827194 0.05928778 0.06082255 0.04764693 0.07039855
  0.07419244 0.06012292 0.0855256  0.08773537 0.07020882]
 [       nan        nan        nan        nan        nan        nan
  0.06021156 0.04356948 0.0641244  0.06707991 0.05068991 0.07430561
  0.0740982  0.06229159 0.08424348 0.08520889 0.06975694]
 [       nan        nan        nan        nan        nan        nan
         nan 0.05325414 0.0603584  0.06546621 0.05710533 0.11209716
  0.07162479 0.06186497 0.08401059 0.08545841 0.07379874]
 [       nan        nan        nan        nan        nan        nan
         nan        nan 0.04803333 0.05370069 0.04143193 0.05646893
  0.06479213 0.0489328  0.0740678  0.07683912 0.06122779]
 [       nan        nan        nan        nan        nan        nan
         nan        nan        nan 0.05919374 0.04588439 0.06158963
  0.06766953 0.05160156 0.07633768 0.07528122 0.06474833]
 [       nan        nan        nan        nan        nan        nan
         nan        nan        nan        nan 0.05147276 0.05294318
  0.06114168 0.05381303 0.10944357 0.07060443 0.06322385]
 [       nan        nan        nan        nan        nan        nan
         nan        nan        nan        nan        nan 0.04225262
  0.05076013 0.03916482 0.0517095  0.06007616 0.04500913]
 [       nan        nan        nan        nan        nan        nan
         nan        nan        nan        nan        nan        nan
  0.05715658 0.04538142 0.05826518 0.06506995 0.05017801]
 [       nan        nan        nan        nan        nan        nan
         nan        nan        nan        nan        nan        nan
         nan 0.05261971 0.05361013 0.0624518  0.05376728]
 [       nan        nan        nan        nan        nan        nan
         nan        nan        nan        nan        nan        nan
         nan        nan 0.0393032  0.04737684 0.03556348]
 [       nan        nan        nan        nan        nan        nan
         nan        nan        nan        nan        nan        nan
         nan        nan        nan 0.05317671 0.04051568]
 [       nan        nan        nan        nan        nan        nan
         nan        nan        nan        nan        nan        nan
         nan        nan        nan        nan 0.0532712 ]
 [       nan        nan        nan        nan        nan        nan
         nan        nan        nan        nan        nan        nan
         nan        nan        nan        nan        nan]]
