S1:[-5.09708446e-02  2.86222618e-02  4.98466528e-02 -1.53179440e-04
  1.04364449e-02  1.76519657e-01  6.28762764e-02  7.12705184e-02
  2.46187141e-01  1.76319147e-01  1.36926714e-01  2.79064510e-01
  1.95917043e-01  1.77571634e-01  3.33725918e-01  2.32801257e-01
  2.24650868e-01]
S1_conf:[0.01202184 0.01237647 0.01236215 0.0180475  0.01583962 0.02197443
 0.02010171 0.01402527 0.02363152 0.01978806 0.0163534  0.02271734
 0.02156803 0.017436   0.02264149 0.02213523 0.02027391]
ST:[0.0972423  0.13751538 0.21116383 0.26470831 0.26611031 0.35863886
 0.40740325 0.25479188 0.52812836 0.54424579 0.40113073 0.56060002
 0.5891382  0.43531952 0.69478534 0.72733761 0.67474261]
ST_conf:[0.01315555 0.01973809 0.02662903 0.03728553 0.03258335 0.03763679
 0.04029347 0.02678266 0.05100905 0.05105911 0.04323381 0.05369188
 0.05239927 0.04214788 0.05601855 0.05877766 0.05708469]
S2:[[        nan  0.1948893   0.40215273  0.34683329  0.35061652  0.41159624
   0.41296215  0.30245742  0.37350053  0.42660367  0.37068374  0.50980615
   0.58821248  0.50490248  0.60214971  0.69236849  0.59817265]
 [        nan         nan  0.31170295  0.26707232  0.31377363  0.32477829
   0.33705123  0.22630983  0.29802171  0.35912111  0.29520235  0.40271041
   0.47567365  0.39027858  0.49247903  0.6290791   0.48899041]
 [        nan         nan         nan  0.30301161  0.30444754  0.37552637
   0.37535426  0.26613119  0.3380734   0.39786719  0.33305349  0.45172554
   0.52830534  0.44057209  0.38593104  0.47976205  0.36913581]
 [        nan         nan         nan         nan  0.16135814  0.22577262
   0.23290589  0.23852787  0.29047787  0.24835983  0.18541445  0.28952285
   0.35554612  0.27861794  0.40387577  0.49988285  0.40636813]
 [        nan         nan         nan         nan         nan  0.20424234
   0.22220472  0.27073838  0.27272725  0.24151165  0.17833171  0.28309912
   0.35712741  0.2722019   0.36584744  0.45640955  0.36081165]
 [        nan         nan         nan         nan         nan         nan
   0.11345333  0.11671963  0.17879279  0.13512454  0.07347341  0.17850071
   0.25120255  0.16537311  0.27017989  0.36435864  0.26642235]
 [        nan         nan         nan         nan         nan         nan
          nan  0.0375263   0.09302507  0.05669328  0.10977544  0.19299122
   0.16567224  0.08165565  0.1719613   0.25557822  0.16845265]
 [        nan         nan         nan         nan         nan         nan
          nan         nan  0.07370099  0.04819787  0.14418202  0.17740631
   0.16102536  0.07672651  0.16774105  0.25936137  0.16424049]
 [        nan         nan         nan         nan         nan         nan
          nan         nan         nan -0.06935322 -0.01862971  0.07450181
   0.04583845 -0.03690337  0.05434143  0.14463581  0.04861024]
 [        nan         nan         nan         nan         nan         nan
          nan         nan         nan         nan -0.14140885 -0.05488531
  -0.07617952 -0.04419246  0.02497663  0.01551517 -0.07869078]
 [        nan         nan         nan         nan         nan         nan
          nan         nan         nan         nan         nan -0.02652117
  -0.03712921  0.03777478  0.05712921  0.05841692 -0.03607664]
 [        nan         nan         nan         nan         nan         nan
          nan         nan         nan         nan         nan         nan
  -0.12229144 -0.09263991 -0.01339561 -0.0243724  -0.11731438]
 [        nan         nan         nan         nan         nan         nan
          nan         nan         nan         nan         nan         nan
          nan -0.20170979 -0.12905385 -0.13266806 -0.11087486]
 [        nan         nan         nan         nan         nan         nan
          nan         nan         nan         nan         nan         nan
          nan         nan -0.12175664 -0.11468889 -0.04997912]
 [        nan         nan         nan         nan         nan         nan
          nan         nan         nan         nan         nan         nan
          nan         nan         nan -0.21360609 -0.1941531 ]
 [        nan         nan         nan         nan         nan         nan
          nan         nan         nan         nan         nan         nan
          nan         nan         nan         nan -0.28568011]
 [        nan         nan         nan         nan         nan         nan
          nan         nan         nan         nan         nan         nan
          nan         nan         nan         nan         nan]]
S2_conf:[[       nan 0.02723593 0.04172004 0.042603   0.04320287 0.05168319
  0.04979582 0.03554583 0.06352945 0.06233813 0.05391218 0.07619046
  0.06957856 0.06025922 0.08297371 0.07462671 0.06811074]
 [       nan        nan 0.04105689 0.0401819  0.04000916 0.05033691
  0.04823683 0.03411703 0.06483251 0.06235718 0.05485309 0.07500684
  0.06862714 0.05862025 0.08364332 0.07881904 0.06932457]
 [       nan        nan        nan 0.03915374 0.03915198 0.04647695
  0.04490884 0.03271593 0.06261205 0.0593451  0.05304875 0.07415425
  0.06703632 0.05600859 0.07715076 0.0689937  0.06128087]
 [       nan        nan        nan        nan 0.0286225  0.03545019
  0.03688905 0.0370299  0.05078361 0.05024048 0.04421764 0.06499242
  0.05658966 0.04548817 0.07020179 0.06473547 0.05872207]
 [       nan        nan        nan        nan        nan 0.03886127
  0.03951967 0.03661996 0.05357237 0.05345883 0.05050186 0.06732823
  0.0583985  0.04658027 0.07073751 0.0657519  0.06092592]
 [       nan        nan        nan        nan        nan        nan
  0.03747623 0.03702587 0.05083593 0.05089751 0.04850305 0.06604879
  0.05727023 0.04575097 0.07157481 0.06644826 0.0607278 ]
 [       nan        nan        nan        nan        nan        nan
         nan 0.03294857 0.04664672 0.04982485 0.05044393 0.0581288
  0.0549283  0.04218174 0.06460593 0.06007518 0.05430249]
 [       nan        nan        nan        nan        nan        nan
         nan        nan 0.04633683 0.04886279 0.04861745 0.05738152
  0.0546696  0.04242271 0.06559639 0.06047793 0.05430331]
 [       nan        nan        nan        nan        nan        nan
         nan        nan        nan 0.0491068  0.04961782 0.05767871
  0.05515563 0.04363299 0.06503094 0.06084531 0.05339365]
 [       nan        nan        nan        nan        nan        nan
         nan        nan        nan        nan 0.03284207 0.03975243
  0.04216996 0.04187677 0.04752119 0.04591379 0.03835085]
 [       nan        nan        nan        nan        nan        nan
         nan        nan        nan        nan        nan 0.03801632
  0.03976224 0.03883751 0.04527091 0.04396946 0.0349338 ]
 [       nan        nan        nan        nan        nan        nan
         nan        nan        nan        nan        nan        nan
  0.03706269 0.03767612 0.04379807 0.04236499 0.03806904]
 [       nan        nan        nan        nan        nan        nan
         nan        nan        nan        nan        nan        nan
         nan 0.03208344 0.03521583 0.03591744 0.03717239]
 [       nan        nan        nan        nan        nan        nan
         nan        nan        nan        nan        nan        nan
         nan        nan 0.03595497 0.0362817  0.03419948]
 [       nan        nan        nan        nan        nan        nan
         nan        nan        nan        nan        nan        nan
         nan        nan        nan 0.02914274 0.03045891]
 [       nan        nan        nan        nan        nan        nan
         nan        nan        nan        nan        nan        nan
         nan        nan        nan        nan 0.02750352]
 [       nan        nan        nan        nan        nan        nan
         nan        nan        nan        nan        nan        nan
         nan        nan        nan        nan        nan]]
