S1:[0.03767959 0.13715882 0.04358568 0.08126528 0.1807445  0.06136156
 0.09904116 0.19852038 0.07913744 0.11681704 0.22860221 0.10031172
 0.13459293 0.17227257 0.29134791 0.19843774 0.23611737]
S1_conf:[0.01287801 0.02553978 0.02296023 0.0176117  0.02599555 0.03269947
 0.02817222 0.03186622 0.04150752 0.03792143 0.04552601 0.0481747
 0.04504887 0.04314911 0.05192118 0.05210254 0.0538817 ]
ST:[0.08230398 0.16460802 0.20108405 0.11878007 0.20108406 0.41390828
 0.3316043  0.41390829 0.62673251 0.54442853 0.62673252 0.83955674
 0.75725275 0.83955674 1.0558103  0.97007698 1.05238101]
ST_conf:[0.01757658 0.02579822 0.03118082 0.02515623 0.02904172 0.04148116
 0.03875002 0.04241806 0.04902561 0.04587325 0.04415704 0.05075494
 0.0536133  0.05469123 0.04861418 0.04751382 0.04793981]
S2:[[        nan -0.06513901  0.26725684  0.14038348  0.07858389  0.46230519
   0.33543183  0.27363224  0.65735354  0.53048017  0.45637464  0.84900348
   0.72552851  0.7221301   0.87450793  0.87450793  0.7476346 ]
 [        nan         nan  0.24429708  0.11742371  0.05562412  0.43934542
   0.31247206  0.25067247  0.63439377  0.50752041  0.43341487  0.82604372
   0.70256874  0.69917033  0.85154816  0.85154816  0.72467477]
 [        nan         nan         nan  0.28641107  0.22461153  0.44372486
   0.31685149  0.2550519   0.6387732   0.51189984  0.4377943   0.83042315
   0.70694817  0.70354976  0.8559276   0.85592759  0.72905425]
 [        nan         nan         nan         nan -0.15232146  0.20589527
   0.0790219   0.01722231  0.40094362  0.27407025  0.19996471  0.59259356
   0.46911859  0.46911858  0.61809801  0.61809801  0.61469961]
 [        nan         nan         nan         nan         nan  0.18183028
   0.05495691 -0.00684268  0.37687862  0.25000526  0.17589972  0.56852857
   0.4450536   0.44505359  0.59403302  0.59403302  0.59063461]
 [        nan         nan         nan         nan         nan         nan
   0.24975407  0.18795453  0.40706786  0.28019449  0.20608895  0.5987178
   0.47524283  0.47524282  0.62422225  0.62422225  0.62082384]
 [        nan         nan         nan         nan         nan         nan
          nan -0.18787322  0.17034351  0.04347015 -0.03063539  0.36199345
   0.23851848  0.23851847  0.3874979   0.3874979   0.3874979 ]
 [        nan         nan         nan         nan         nan         nan
          nan         nan  0.14627852  0.01940515 -0.05470039  0.33792846
   0.21445349  0.21445348  0.36343291  0.36343291  0.36343291]
 [        nan         nan         nan         nan         nan         nan
          nan         nan         nan  0.21420232  0.14009682  0.36811769
   0.24464272  0.24464271  0.39362214  0.39362214  0.39362214]
 [        nan         nan         nan         nan         nan         nan
          nan         nan         nan         nan -0.23573092  0.13139335
   0.00791837  0.00791837  0.1568978   0.1568978   0.1568978 ]
 [        nan         nan         nan         nan         nan         nan
          nan         nan         nan         nan         nan  0.0950224
  -0.02845257 -0.02845258  0.12052685  0.12052685  0.12052685]
 [        nan         nan         nan         nan         nan         nan
          nan         nan         nan         nan         nan         nan
   0.17525214  0.17525218  0.15962363  0.15962363  0.15962363]
 [        nan         nan         nan         nan         nan         nan
          nan         nan         nan         nan         nan         nan
          nan -0.19717717 -0.07370232 -0.07370232 -0.07370232]
 [        nan         nan         nan         nan         nan         nan
          nan         nan         nan         nan         nan         nan
          nan         nan -0.03596774 -0.03596774 -0.03596774]
 [        nan         nan         nan         nan         nan         nan
          nan         nan         nan         nan         nan         nan
          nan         nan         nan -0.07648659 -0.07648655]
 [        nan         nan         nan         nan         nan         nan
          nan         nan         nan         nan         nan         nan
          nan         nan         nan         nan -0.32486678]
 [        nan         nan         nan         nan         nan         nan
          nan         nan         nan         nan         nan         nan
          nan         nan         nan         nan         nan]]
S2_conf:[[       nan 0.04855971 0.05587104 0.05282337 0.05172686 0.0603272
  0.05707212 0.05810155 0.0723509  0.06176619 0.06316885 0.07318714
  0.07398532 0.07406366 0.07327729 0.07327729 0.07684526]
 [       nan        nan 0.05724852 0.05322038 0.05268165 0.06221673
  0.0591309  0.05879695 0.07418351 0.06309856 0.06556024 0.07725945
  0.07641849 0.0765056  0.07754586 0.07754586 0.07882792]
 [       nan        nan        nan 0.0588848  0.05783183 0.05973794
  0.06006708 0.06176928 0.07233966 0.060534   0.06263754 0.07357188
  0.07366684 0.0736735  0.07271443 0.07271443 0.06993879]
 [       nan        nan        nan        nan 0.0514262  0.06106708
  0.05808957 0.05874534 0.07230712 0.06400452 0.06425466 0.07542004
  0.07490205 0.07490205 0.07657906 0.07657906 0.07668766]
 [       nan        nan        nan        nan        nan 0.0644973
  0.05739817 0.05743396 0.07647354 0.06802836 0.06939265 0.08109837
  0.07972331 0.07972331 0.08232158 0.08232158 0.08235417]
 [       nan        nan        nan        nan        nan        nan
  0.07085065 0.06923597 0.08116028 0.07305824 0.07409242 0.08598681
  0.08392499 0.08392499 0.0858182  0.0858182  0.08583872]
 [       nan        nan        nan        nan        nan        nan
         nan 0.0538772  0.07059299 0.06190936 0.06292937 0.07479728
  0.07205454 0.07205454 0.07492895 0.07492895 0.07492895]
 [       nan        nan        nan        nan        nan        nan
         nan        nan 0.07383116 0.06531428 0.06516898 0.07921434
  0.07605777 0.07605777 0.08044236 0.08044236 0.08044236]
 [       nan        nan        nan        nan        nan        nan
         nan        nan        nan 0.08118019 0.08359791 0.08682353
  0.08564665 0.08564665 0.08817101 0.08817101 0.08817101]
 [       nan        nan        nan        nan        nan        nan
         nan        nan        nan        nan 0.05343336 0.06298936
  0.06029923 0.06029923 0.06383447 0.06383447 0.06383447]
 [       nan        nan        nan        nan        nan        nan
         nan        nan        nan        nan        nan 0.07350944
  0.07258982 0.07258982 0.07381743 0.07381743 0.07381743]
 [       nan        nan        nan        nan        nan        nan
         nan        nan        nan        nan        nan        nan
  0.07831391 0.07831391 0.07938087 0.07938087 0.07938087]
 [       nan        nan        nan        nan        nan        nan
         nan        nan        nan        nan        nan        nan
         nan 0.05627579 0.06325828 0.06325828 0.06325828]
 [       nan        nan        nan        nan        nan        nan
         nan        nan        nan        nan        nan        nan
         nan        nan 0.06407409 0.06407409 0.06407409]
 [       nan        nan        nan        nan        nan        nan
         nan        nan        nan        nan        nan        nan
         nan        nan        nan 0.07722223 0.07722223]
 [       nan        nan        nan        nan        nan        nan
         nan        nan        nan        nan        nan        nan
         nan        nan        nan        nan 0.05975819]
 [       nan        nan        nan        nan        nan        nan
         nan        nan        nan        nan        nan        nan
         nan        nan        nan        nan        nan]]
