S1:[0.05707134 0.04939177 0.03351037 0.19374308 0.11549898 0.14900366
 0.29717539 0.20696031 0.11512531 0.29118102 0.22093338 0.16656742
 0.35445601 0.27856563 0.24265937 0.43097006 0.36827982]
S1_conf:[0.0228691  0.01788997 0.03170499 0.04391618 0.03543953 0.03708639
 0.04620169 0.03782458 0.04327506 0.04446794 0.0383194  0.04057377
 0.04051972 0.03950904 0.04735567 0.04716169 0.04435164]
ST:[0.20265379 0.11742651 0.36009811 0.46431592 0.35785907 0.47671304
 0.60367925 0.42544105 0.62404846 0.73007086 0.52917541 0.70322285
 0.81010657 0.72505979 0.86694166 0.92838226 0.85956318]
ST_conf:[0.02400397 0.01109987 0.04229185 0.04366995 0.03644311 0.0448501
 0.05020664 0.03493003 0.04642023 0.0480033  0.0374741  0.04747964
 0.05145872 0.0470432  0.06097589 0.04923904 0.04534196]
S2:[[        nan  0.34826758  0.39947999  0.39711043  0.39920431  0.44783234
   0.39514596  0.41473626  0.56061379  0.41276509  0.39655313  0.6570935
   0.36482686  0.5214562   0.69698122  0.48523354  0.56328   ]
 [        nan         nan  0.35323801  0.33115079  0.33884573  0.35671313
   0.30897416  0.30037688  0.47338352  0.37454943  0.34938248  0.54551703
   0.31037572  0.44607239  0.60818986  0.39356264  0.55488353]
 [        nan         nan         nan  0.36678451  0.36004534  0.42722419
   0.3852897   0.36043856  0.65670729  0.53832392  0.49167955  0.71044584
   0.42013991  0.56449764  0.70107665  0.47385008  0.5931429 ]
 [        nan         nan         nan         nan  0.14600803  0.14743442
   0.15711319  0.17102218  0.34525551  0.26607456  0.26290816  0.37326194
   0.21275078  0.2027612   0.44407724  0.15191403  0.29529802]
 [        nan         nan         nan         nan         nan  0.17097056
   0.16085694  0.18040336  0.32409341  0.25105034  0.21927183  0.35576776
   0.24344952  0.2253506   0.40225977  0.16722767  0.28970998]
 [        nan         nan         nan         nan         nan         nan
   0.14764732  0.15211412  0.34576349  0.27801611  0.23048922  0.49039644
   0.35830539  0.31880945  0.51834598  0.2281499   0.35930401]
 [        nan         nan         nan         nan         nan         nan
          nan -0.04942401  0.07795467  0.06114268  0.05307532  0.19088969
   0.09819627  0.10231664  0.19320506  0.03240331  0.00943072]
 [        nan         nan         nan         nan         nan         nan
          nan         nan  0.11493455  0.07813093  0.0761749   0.1832365
   0.09525059  0.0721237   0.18919933  0.07651649  0.04548671]
 [        nan         nan         nan         nan         nan         nan
          nan         nan         nan  0.18902813  0.17214105  0.32875201
   0.24668222  0.2072848   0.44761811  0.31531239  0.26284481]
 [        nan         nan         nan         nan         nan         nan
          nan         nan         nan         nan -0.0545095   0.03486405
   0.00517578  0.00456506  0.1229434   0.03004304  0.02115763]
 [        nan         nan         nan         nan         nan         nan
          nan         nan         nan         nan         nan  0.04903163
  -0.00116646  0.00372611  0.0915085   0.00337417 -0.03276076]
 [        nan         nan         nan         nan         nan         nan
          nan         nan         nan         nan         nan         nan
   0.07335425  0.06387244  0.20098347  0.11868045  0.06627273]
 [        nan         nan         nan         nan         nan         nan
          nan         nan         nan         nan         nan         nan
          nan -0.17821917 -0.10677254 -0.13735326 -0.15102048]
 [        nan         nan         nan         nan         nan         nan
          nan         nan         nan         nan         nan         nan
          nan         nan -0.08502527 -0.13551529 -0.14355847]
 [        nan         nan         nan         nan         nan         nan
          nan         nan         nan         nan         nan         nan
          nan         nan         nan -0.07982534 -0.10230192]
 [        nan         nan         nan         nan         nan         nan
          nan         nan         nan         nan         nan         nan
          nan         nan         nan         nan -0.34456033]
 [        nan         nan         nan         nan         nan         nan
          nan         nan         nan         nan         nan         nan
          nan         nan         nan         nan         nan]]
S2_conf:[[       nan 0.04324884 0.05952812 0.05857926 0.05419521 0.06632685
  0.0712132  0.06285945 0.07153614 0.07301054 0.06299312 0.07709581
  0.07667126 0.07950691 0.09050226 0.08781436 0.0860116 ]
 [       nan        nan 0.05979433 0.05815812 0.05298671 0.07083096
  0.07260974 0.0641955  0.06780095 0.06683485 0.05638825 0.07244658
  0.06529922 0.07215792 0.07532856 0.07589213 0.08265801]
 [       nan        nan        nan 0.07250535 0.0681798  0.07947312
  0.08428919 0.07326808 0.09047613 0.08949011 0.07987807 0.08477499
  0.07196438 0.0852338  0.08934199 0.08834465 0.09059729]
 [       nan        nan        nan        nan 0.05768476 0.06544052
  0.06916503 0.05935829 0.0676934  0.06684178 0.06260254 0.07882048
  0.08022271 0.07502511 0.10005833 0.09898874 0.09829113]
 [       nan        nan        nan        nan        nan 0.06789692
  0.07103809 0.06078824 0.07601697 0.07740254 0.07144025 0.07568397
  0.06970428 0.06638836 0.08627953 0.08148732 0.083737  ]
 [       nan        nan        nan        nan        nan        nan
  0.07605543 0.06828102 0.07642431 0.07850889 0.07004787 0.08800585
  0.08649717 0.08045511 0.09322685 0.08295967 0.08893146]
 [       nan        nan        nan        nan        nan        nan
         nan 0.06742249 0.07553973 0.07747895 0.07338446 0.0727561
  0.0720255  0.06947248 0.09141824 0.08946882 0.08396203]
 [       nan        nan        nan        nan        nan        nan
         nan        nan 0.07187936 0.07126377 0.0674097  0.07360617
  0.07429855 0.06950571 0.08544547 0.0762316  0.07122261]
 [       nan        nan        nan        nan        nan        nan
         nan        nan        nan 0.07908498 0.07500027 0.07666868
  0.07729489 0.07168882 0.10044457 0.09823319 0.09028546]
 [       nan        nan        nan        nan        nan        nan
         nan        nan        nan        nan 0.06114412 0.06831553
  0.06756504 0.06397969 0.07569633 0.07414539 0.07095805]
 [       nan        nan        nan        nan        nan        nan
         nan        nan        nan        nan        nan 0.06609068
  0.06520444 0.06230985 0.07621797 0.07942504 0.07062019]
 [       nan        nan        nan        nan        nan        nan
         nan        nan        nan        nan        nan        nan
  0.07381722 0.06990056 0.08078331 0.08371615 0.07491327]
 [       nan        nan        nan        nan        nan        nan
         nan        nan        nan        nan        nan        nan
         nan 0.06216108 0.06987759 0.06983123 0.06583606]
 [       nan        nan        nan        nan        nan        nan
         nan        nan        nan        nan        nan        nan
         nan        nan 0.0679799  0.06655024 0.06286895]
 [       nan        nan        nan        nan        nan        nan
         nan        nan        nan        nan        nan        nan
         nan        nan        nan 0.07839204 0.07329953]
 [       nan        nan        nan        nan        nan        nan
         nan        nan        nan        nan        nan        nan
         nan        nan        nan        nan 0.05183623]
 [       nan        nan        nan        nan        nan        nan
         nan        nan        nan        nan        nan        nan
         nan        nan        nan        nan        nan]]
