S1:[ 0.07778109  0.07367129 -0.01187355  0.04889743  0.05491652 -0.00314628
  0.05926709  0.02967151 -0.023946    0.0335543   0.0061168  -0.04561731
  0.0372842  -0.00492778 -0.01851374  0.04797003  0.01225208]
S1_conf:[0.02261139 0.01683126 0.02734407 0.02947082 0.02455807 0.03566745
 0.03939135 0.03193735 0.04539685 0.04607225 0.04015933 0.05350436
 0.05168091 0.04979955 0.06241896 0.05759589 0.05478174]
ST:[0.30664646 0.20656379 0.39159028 0.43249664 0.38813849 0.61305525
 0.56119677 0.52265751 0.83558544 0.72687271 0.67885705 0.96229046
 0.9684484  0.92192583 1.26974703 1.17767745 1.15820984]
ST_conf:[0.02930268 0.02942635 0.03725001 0.04537132 0.04129341 0.03930218
 0.04943308 0.03758346 0.0669668  0.04831434 0.04404058 0.06918255
 0.05402843 0.0490638  0.07140887 0.05914435 0.0538577 ]
S2:[[        nan -0.10067232  0.08230857  0.0179442   0.10638354  0.38587325
   0.20744482  0.26110952  0.52847973  0.41606373  0.46098004  0.7741797
   0.58544277  0.72206925  0.96708882  0.84015671  0.91977927]
 [        nan         nan  0.09511757  0.03092932  0.09727844  0.29573305
   0.17853937  0.28122859  0.55795118  0.43969435  0.4894783   0.74540494
   0.60293731  0.67443758  0.84675323  0.78247807  0.79901622]
 [        nan         nan         nan  0.09534165  0.16543441  0.33919249
   0.26509439  0.32330677  0.60289041  0.48394683  0.52717861  0.78126898
   0.63149296  0.69867782  0.88859536  0.76525987  0.84466037]
 [        nan         nan         nan         nan -0.05452131  0.10015113
   0.0352873   0.15705284  0.42817976  0.25946512  0.3107873   0.57662266
   0.43864576  0.49847343  0.77393047  0.60108731  0.73120055]
 [        nan         nan         nan         nan         nan  0.10497367
   0.03991835  0.14028073  0.33523332  0.22313791  0.32398806  0.5986167
   0.45484516  0.51954163  0.73705279  0.61111849  0.67611669]
 [        nan         nan         nan         nan         nan         nan
   0.07609191  0.18057953  0.3505859   0.28146021  0.33790161  0.61537751
   0.4708688   0.52901127  0.74468652  0.6114413   0.67212833]
 [        nan         nan         nan         nan         nan         nan
          nan -0.04114232  0.10966042  0.04999538  0.17002809  0.43893908
   0.24472552  0.31095151  0.53839335  0.41693668  0.47027061]
 [        nan         nan         nan         nan         nan         nan
          nan         nan  0.15170326  0.09135329  0.19022641  0.38272117
   0.24512009  0.3605947   0.59707446  0.46985589  0.52806188]
 [        nan         nan         nan         nan         nan         nan
          nan         nan         nan  0.12259799  0.22531692  0.39314477
   0.29852301  0.3696455   0.60886343  0.48095572  0.53260513]
 [        nan         nan         nan         nan         nan         nan
          nan         nan         nan         nan  0.00863784  0.15723204
   0.07205941  0.20674343  0.43749504  0.25981436  0.31954681]
 [        nan         nan         nan         nan         nan         nan
          nan         nan         nan         nan         nan  0.19645417
   0.11059519  0.22410021  0.37845517  0.25738692  0.36636729]
 [        nan         nan         nan         nan         nan         nan
          nan         nan         nan         nan         nan         nan
   0.14065051  0.25804229  0.38769182  0.30960204  0.37423205]
 [        nan         nan         nan         nan         nan         nan
          nan         nan         nan         nan         nan         nan
          nan  0.01587617  0.12628013  0.05764131  0.18583183]
 [        nan         nan         nan         nan         nan         nan
          nan         nan         nan         nan         nan         nan
          nan         nan  0.17996738  0.1106422   0.21765371]
 [        nan         nan         nan         nan         nan         nan
          nan         nan         nan         nan         nan         nan
          nan         nan         nan  0.10277424  0.21367187]
 [        nan         nan         nan         nan         nan         nan
          nan         nan         nan         nan         nan         nan
          nan         nan         nan         nan -0.01200455]
 [        nan         nan         nan         nan         nan         nan
          nan         nan         nan         nan         nan         nan
          nan         nan         nan         nan         nan]]
S2_conf:[[       nan 0.06137753 0.07159192 0.05877207 0.06573777 0.1022185
  0.06953053 0.06829989 0.08787229 0.07889774 0.07038831 0.09328716
  0.08377106 0.08746729 0.1052691  0.09214587 0.09128322]
 [       nan        nan 0.06769097 0.053253   0.05601414 0.06980811
  0.06602962 0.06627465 0.08706099 0.080307   0.0711787  0.08954845
  0.08553469 0.07985745 0.09862738 0.08889656 0.08335218]
 [       nan        nan        nan 0.05384559 0.06127868 0.07228186
  0.06794387 0.06853276 0.09096084 0.08090561 0.07275201 0.0900499
  0.08671468 0.0790406  0.0978202  0.08771782 0.08185543]
 [       nan        nan        nan        nan 0.05994614 0.06979889
  0.06397516 0.06965123 0.09920073 0.06902775 0.06539336 0.08185514
  0.07578433 0.07022439 0.09130126 0.08408275 0.07808059]
 [       nan        nan        nan        nan        nan 0.05996451
  0.05467749 0.05699575 0.06611244 0.05951614 0.06370731 0.08216883
  0.07397022 0.07098158 0.09433173 0.07988549 0.07441094]
 [       nan        nan        nan        nan        nan        nan
  0.06068763 0.06448576 0.06895525 0.06398113 0.0663237  0.08564426
  0.07636377 0.07228311 0.09597269 0.08336191 0.07636601]
 [       nan        nan        nan        nan        nan        nan
         nan 0.07061643 0.07077989 0.06734481 0.07230182 0.09753067
  0.07095075 0.07064613 0.09586126 0.08401146 0.07850591]
 [       nan        nan        nan        nan        nan        nan
         nan        nan 0.0567138  0.0531318  0.05707568 0.06854628
  0.05904451 0.06399367 0.08860946 0.07404122 0.068232  ]
 [       nan        nan        nan        nan        nan        nan
         nan        nan        nan 0.06012881 0.06522231 0.07648126
  0.06387764 0.07131358 0.09848247 0.08027076 0.07660791]
 [       nan        nan        nan        nan        nan        nan
         nan        nan        nan        nan 0.06897355 0.07873914
  0.06507089 0.07832693 0.11667635 0.07939771 0.07690312]
 [       nan        nan        nan        nan        nan        nan
         nan        nan        nan        nan        nan 0.06523479
  0.04977317 0.0597322  0.07112728 0.06517591 0.06778637]
 [       nan        nan        nan        nan        nan        nan
         nan        nan        nan        nan        nan        nan
  0.05875501 0.07244441 0.08171865 0.07607888 0.07819899]
 [       nan        nan        nan        nan        nan        nan
         nan        nan        nan        nan        nan        nan
         nan 0.07423762 0.07947972 0.07514392 0.08176397]
 [       nan        nan        nan        nan        nan        nan
         nan        nan        nan        nan        nan        nan
         nan        nan 0.07141362 0.06328055 0.06827044]
 [       nan        nan        nan        nan        nan        nan
         nan        nan        nan        nan        nan        nan
         nan        nan        nan 0.07200326 0.0753356 ]
 [       nan        nan        nan        nan        nan        nan
         nan        nan        nan        nan        nan        nan
         nan        nan        nan        nan 0.06858494]
 [       nan        nan        nan        nan        nan        nan
         nan        nan        nan        nan        nan        nan
         nan        nan        nan        nan        nan]]
