S1:[-0.17466498 -0.14654159 -0.00792563 -0.214726   -0.14970242 -0.20206541
 -0.25433683 -0.14460807 -0.08747353 -0.2169817  -0.13159366 -0.09076134
 -0.18809674 -0.13822189 -0.105201   -0.188427   -0.12719306]
S1_conf:[0.04841914 0.04563889 0.07419011 0.05146149 0.04638103 0.04948737
 0.04398299 0.05029206 0.06278752 0.04754177 0.05168302 0.06711483
 0.05513551 0.05726949 0.06394905 0.05912194 0.05981928]
ST:[0.40871566 0.28508549 0.74274362 0.58279219 0.48318088 0.85819939
 0.63378165 0.62579011 0.8344673  0.66876711 0.56800426 0.85966426
 0.68567809 0.62363869 1.05526428 0.85432243 0.88736711]
ST_conf:[0.03622501 0.03699375 0.05544067 0.0472202  0.03276554 0.06258613
 0.0351     0.03189651 0.07922418 0.03852005 0.03382797 0.06470374
 0.04148643 0.03837667 0.06709153 0.04528079 0.03753053]
S2:[[       nan 0.22828221 0.20354379 0.32573986 0.38515569 0.59360373
  0.51292336 0.50110783 0.50685931 0.50728849 0.45836379 0.48793268
  0.59517391 0.56898233 0.61338039 0.68945827 0.7232185 ]
 [       nan        nan 0.19457559 0.25526987 0.30374614 0.55774237
  0.44557877 0.45115068 0.45939051 0.53265826 0.48182479 0.49961454
  0.58290671 0.57801076 0.56372251 0.72883532 0.70149312]
 [       nan        nan        nan 0.13418274 0.176485   0.45261477
  0.32876147 0.33302454 0.39266499 0.4218203  0.35944599 0.34055343
  0.453014   0.41731021 0.49650004 0.53772278 0.56885976]
 [       nan        nan        nan        nan 0.27050605 0.43513434
  0.40383142 0.41813042 0.51675409 0.51326135 0.5256145  0.5486854
  0.51599099 0.50387194 0.540326   0.63354801 0.59590945]
 [       nan        nan        nan        nan        nan 0.38917615
  0.2966381  0.2999627  0.44418984 0.40926447 0.43896753 0.46453854
  0.5047047  0.49060765 0.5152993  0.58458422 0.56822749]
 [       nan        nan        nan        nan        nan        nan
  0.36654433 0.36355691 0.52999081 0.48343238 0.51177173 0.58869217
  0.58477725 0.55923438 0.54722552 0.64566503 0.59851522]
 [       nan        nan        nan        nan        nan        nan
         nan 0.30539277 0.36016268 0.40635654 0.44472632 0.55990557
  0.52383306 0.5713272  0.60262678 0.55553629 0.5321858 ]
 [       nan        nan        nan        nan        nan        nan
         nan        nan 0.26992614 0.25488589 0.28231254 0.44304812
  0.37562557 0.44030861 0.47421602 0.49998343 0.47463532]
 [       nan        nan        nan        nan        nan        nan
         nan        nan        nan 0.21508481 0.23617874 0.41904036
  0.34000997 0.4033689  0.48862097 0.47032028 0.4335128 ]
 [       nan        nan        nan        nan        nan        nan
         nan        nan        nan        nan 0.25589757 0.32709986
  0.34086879 0.41411509 0.5374529  0.4873045  0.52346666]
 [       nan        nan        nan        nan        nan        nan
         nan        nan        nan        nan        nan 0.26060682
  0.21290147 0.27529731 0.44423859 0.36255344 0.4159631 ]
 [       nan        nan        nan        nan        nan        nan
         nan        nan        nan        nan        nan        nan
  0.18931615 0.24550012 0.43647114 0.34316616 0.39531183]
 [       nan        nan        nan        nan        nan        nan
         nan        nan        nan        nan        nan        nan
         nan 0.23306447 0.31251597 0.31205869 0.37401004]
 [       nan        nan        nan        nan        nan        nan
         nan        nan        nan        nan        nan        nan
         nan        nan 0.28121072 0.21929168 0.27038597]
 [       nan        nan        nan        nan        nan        nan
         nan        nan        nan        nan        nan        nan
         nan        nan        nan 0.20377007 0.24867765]
 [       nan        nan        nan        nan        nan        nan
         nan        nan        nan        nan        nan        nan
         nan        nan        nan        nan 0.22162279]
 [       nan        nan        nan        nan        nan        nan
         nan        nan        nan        nan        nan        nan
         nan        nan        nan        nan        nan]]
S2_conf:[[       nan 0.04682466 0.0749333  0.04990438 0.04291827 0.05243136
  0.04265908 0.04832577 0.03607694 0.04430607 0.03867458 0.0565364
  0.04209413 0.03780792 0.04995108 0.03917747 0.04454369]
 [       nan        nan 0.08610772 0.05038115 0.04587888 0.05766663
  0.04379858 0.05143869 0.04701593 0.04887958 0.04042823 0.05996596
  0.04750571 0.04641876 0.06134574 0.05133756 0.05930131]
 [       nan        nan        nan 0.0794421  0.07548275 0.08123548
  0.06862226 0.07946753 0.07065395 0.07797397 0.07310467 0.08233769
  0.07764416 0.07260563 0.07956898 0.07278198 0.07328782]
 [       nan        nan        nan        nan 0.05040897 0.04992227
  0.04508233 0.0508186  0.04455724 0.05045453 0.04851562 0.0472282
  0.04684033 0.04606291 0.05666127 0.04901973 0.04741333]
 [       nan        nan        nan        nan        nan 0.05256698
  0.04247313 0.04917427 0.0427961  0.04866758 0.04729066 0.05417373
  0.04774799 0.05001608 0.06128393 0.05457483 0.05461204]
 [       nan        nan        nan        nan        nan        nan
  0.04519875 0.05556689 0.0480365  0.05619597 0.05435173 0.05027354
  0.05271657 0.04867754 0.0610654  0.05791051 0.05393266]
 [       nan        nan        nan        nan        nan        nan
         nan 0.04507971 0.05124464 0.04102441 0.03852085 0.04294223
  0.04232839 0.04340863 0.04912094 0.04555437 0.04898787]
 [       nan        nan        nan        nan        nan        nan
         nan        nan 0.04670297 0.04676286 0.04607526 0.05216518
  0.05001151 0.05193776 0.05506432 0.0508576  0.05533899]
 [       nan        nan        nan        nan        nan        nan
         nan        nan        nan 0.05590829 0.05989748 0.06526012
  0.06467693 0.06723585 0.058599   0.06462629 0.06138954]
 [       nan        nan        nan        nan        nan        nan
         nan        nan        nan        nan 0.04562651 0.0581035
  0.04933462 0.05205509 0.05159992 0.05319606 0.05490376]
 [       nan        nan        nan        nan        nan        nan
         nan        nan        nan        nan        nan 0.05791042
  0.05579407 0.05799907 0.05699634 0.0578237  0.05997362]
 [       nan        nan        nan        nan        nan        nan
         nan        nan        nan        nan        nan        nan
  0.06846022 0.06927536 0.06752415 0.06920998 0.07039233]
 [       nan        nan        nan        nan        nan        nan
         nan        nan        nan        nan        nan        nan
         nan 0.05431118 0.05592652 0.05058283 0.05090763]
 [       nan        nan        nan        nan        nan        nan
         nan        nan        nan        nan        nan        nan
         nan        nan 0.05757052 0.05963747 0.0585685 ]
 [       nan        nan        nan        nan        nan        nan
         nan        nan        nan        nan        nan        nan
         nan        nan        nan 0.06098815 0.06202426]
 [       nan        nan        nan        nan        nan        nan
         nan        nan        nan        nan        nan        nan
         nan        nan        nan        nan 0.05888825]
 [       nan        nan        nan        nan        nan        nan
         nan        nan        nan        nan        nan        nan
         nan        nan        nan        nan        nan]]
