S1:[ 0.08176045 -0.01800918 -0.04382888  0.01721302 -0.00724185  0.07640081
  0.09144411  0.06223099  0.0974145   0.14941438  0.0869031   0.11212578
  0.14228038  0.10826635  0.14790907  0.22754411  0.16518898]
S1_conf:[0.02258118 0.0140481  0.01924136 0.01886745 0.01535247 0.02335638
 0.02112557 0.01771083 0.02398894 0.02217302 0.02098957 0.0239699
 0.02518481 0.024258   0.0223452  0.02440538 0.02302714]
ST:[0.31276848 0.2402299  0.37138889 0.43118601 0.31679027 0.52377428
 0.60701663 0.42911324 0.61227402 0.74019638 0.56373361 0.66029898
 0.78935836 0.67627155 0.72047798 0.93046155 0.80920328]
ST_conf:[0.0199359  0.01444986 0.01797187 0.02312856 0.01778049 0.02300374
 0.03052991 0.02093031 0.02617433 0.0304321  0.02424795 0.02567084
 0.03306279 0.02632185 0.02666985 0.03259917 0.03031061]
S2:[[            nan  1.73373312e-01  3.82511352e-01  2.61784328e-01
   2.96078515e-01  3.23006580e-01  3.00861089e-01  3.91211211e-01
   3.49450814e-01  3.23953729e-01  3.54323157e-01  4.23439822e-01
   4.53956960e-01  5.48573140e-01  5.39784336e-01  4.26874144e-01
   6.14746603e-01]
 [            nan             nan  2.85697611e-01  3.44890530e-01
   2.34491072e-01  3.07578624e-01  2.76910567e-01  2.88871326e-01
   3.35084722e-01  3.39979355e-01  4.07002739e-01  4.52544139e-01
   4.91836101e-01  5.91576704e-01  5.92283162e-01  5.17489234e-01
   6.28847436e-01]
 [            nan             nan             nan  3.23578101e-01
   3.48273678e-01  4.38291074e-01  3.83736407e-01  4.02752396e-01
   5.29098741e-01  5.03849132e-01  5.57306044e-01  6.49166351e-01
   5.88875588e-01  7.11053942e-01  7.24817605e-01  5.89721678e-01
   7.23979637e-01]
 [            nan             nan             nan             nan
   2.27110424e-01  3.26936314e-01  2.51933955e-01  2.91079309e-01
   3.66340149e-01  3.07289588e-01  4.30899020e-01  3.99043254e-01
   3.95453342e-01  3.97282139e-01  4.51655336e-01  4.32712872e-01
   5.55664554e-01]
 [            nan             nan             nan             nan
              nan  1.54752801e-01  2.59645590e-01  1.54085187e-01
   2.75516821e-01  2.07989945e-01  2.53184124e-01  3.09626432e-01
   3.36489061e-01  3.74927783e-01  4.05818015e-01  3.95797636e-01
   5.23725837e-01]
 [            nan             nan             nan             nan
              nan             nan  1.29331492e-01  1.58979500e-01
   2.97255860e-01  2.05807482e-01  2.58019798e-01  3.94201953e-01
   3.90855845e-01  4.15702485e-01  4.92805902e-01  3.83399634e-01
   5.33562564e-01]
 [            nan             nan             nan             nan
              nan             nan             nan  8.29440965e-02
   2.31095168e-01  1.19240687e-01  1.91631806e-01  2.76698630e-01
   2.39614550e-01  3.34635998e-01  2.88229205e-01  2.35300006e-01
   2.65335642e-01]
 [            nan             nan             nan             nan
              nan             nan             nan             nan
   6.38538898e-02  1.32756601e-01  5.94819603e-02  1.90703454e-01
   1.45110124e-01  1.61726340e-01  2.03268461e-01  1.80912262e-01
   2.47438504e-01]
 [            nan             nan             nan             nan
              nan             nan             nan             nan
              nan  4.99358214e-02  1.12792551e-01  2.60802349e-01
   1.91340645e-01  2.14955502e-01  3.36639859e-01  2.83970191e-01
   3.37009262e-01]
 [            nan             nan             nan             nan
              nan             nan             nan             nan
              nan             nan  2.39384497e-04  1.58243774e-01
   6.81192757e-02  1.11914011e-01  1.82576392e-01  9.61386895e-02
   2.19382328e-01]
 [            nan             nan             nan             nan
              nan             nan             nan             nan
              nan             nan             nan  2.38654467e-02
   1.14755299e-01  1.28928541e-02  1.29478414e-01  3.45866053e-02
   7.93710291e-02]
 [            nan             nan             nan             nan
              nan             nan             nan             nan
              nan             nan             nan             nan
   4.18183701e-02  7.60876399e-02  2.09454005e-01  9.06865101e-02
   1.42475896e-01]
 [            nan             nan             nan             nan
              nan             nan             nan             nan
              nan             nan             nan             nan
              nan -1.43615144e-02  1.28988464e-01 -1.04759596e-02
   6.14628043e-02]
 [            nan             nan             nan             nan
              nan             nan             nan             nan
              nan             nan             nan             nan
              nan             nan -3.37476847e-02  7.78422469e-03
  -6.59274438e-02]
 [            nan             nan             nan             nan
              nan             nan             nan             nan
              nan             nan             nan             nan
              nan             nan             nan -7.95667774e-02
  -1.71467533e-02]
 [            nan             nan             nan             nan
              nan             nan             nan             nan
              nan             nan             nan             nan
              nan             nan             nan             nan
  -1.56923347e-01]
 [            nan             nan             nan             nan
              nan             nan             nan             nan
              nan             nan             nan             nan
              nan             nan             nan             nan
              nan]]
S2_conf:[[       nan 0.029299   0.02859948 0.03094331 0.03185815 0.03377068
  0.0285977  0.034772   0.0332436  0.03276431 0.03037951 0.02805057
  0.03553176 0.03439678 0.03036084 0.03743744 0.03062531]
 [       nan        nan 0.0304723  0.03358208 0.03249965 0.03099374
  0.02713401 0.02961049 0.03218062 0.03426486 0.03364317 0.02907797
  0.03076969 0.03165037 0.03269496 0.03465527 0.03076576]
 [       nan        nan        nan 0.02651007 0.03005072 0.02991215
  0.02556139 0.02993019 0.03346584 0.03314091 0.03372705 0.03516828
  0.03598051 0.03598633 0.03697398 0.03691517 0.03385258]
 [       nan        nan        nan        nan 0.02579688 0.027833
  0.02584063 0.02669243 0.02898978 0.02618331 0.0317579  0.02927584
  0.0289927  0.02680142 0.02866699 0.03239952 0.03036725]
 [       nan        nan        nan        nan        nan 0.03078189
  0.03097674 0.0304761  0.03300812 0.03058591 0.0304451  0.02890913
  0.0330619  0.03415821 0.03040402 0.03325902 0.0309202 ]
 [       nan        nan        nan        nan        nan        nan
  0.02542751 0.02942997 0.03189957 0.02943114 0.03172787 0.0339432
  0.03552857 0.03743814 0.03704303 0.03789756 0.03419094]
 [       nan        nan        nan        nan        nan        nan
         nan 0.02747582 0.03110406 0.02810782 0.03062839 0.03435817
  0.03174654 0.03567027 0.03170098 0.03353458 0.03009378]
 [       nan        nan        nan        nan        nan        nan
         nan        nan 0.02621328 0.03094047 0.02728295 0.03342494
  0.02964545 0.03015031 0.03212505 0.03392267 0.03077236]
 [       nan        nan        nan        nan        nan        nan
         nan        nan        nan 0.03056624 0.03224528 0.03763873
  0.03494539 0.03680637 0.03546113 0.03714777 0.03587275]
 [       nan        nan        nan        nan        nan        nan
         nan        nan        nan        nan 0.02838047 0.03351795
  0.03221788 0.03281927 0.03015866 0.02914193 0.03244504]
 [       nan        nan        nan        nan        nan        nan
         nan        nan        nan        nan        nan 0.03050652
  0.03563149 0.03074889 0.0312064  0.02888543 0.02768465]
 [       nan        nan        nan        nan        nan        nan
         nan        nan        nan        nan        nan        nan
  0.0316634  0.03303001 0.03344347 0.02905068 0.02952   ]
 [       nan        nan        nan        nan        nan        nan
         nan        nan        nan        nan        nan        nan
         nan 0.03280465 0.03162641 0.03007972 0.03106657]
 [       nan        nan        nan        nan        nan        nan
         nan        nan        nan        nan        nan        nan
         nan        nan 0.03166194 0.03710698 0.03074787]
 [       nan        nan        nan        nan        nan        nan
         nan        nan        nan        nan        nan        nan
         nan        nan        nan 0.02499187 0.03000028]
 [       nan        nan        nan        nan        nan        nan
         nan        nan        nan        nan        nan        nan
         nan        nan        nan        nan 0.02411861]
 [       nan        nan        nan        nan        nan        nan
         nan        nan        nan        nan        nan        nan
         nan        nan        nan        nan        nan]]
