S1:[ 0.04197642  0.01820398 -0.02079498  0.05818989  0.04393148  0.12736819
  0.13964277  0.09836714  0.20700672  0.22812525  0.14536766  0.20298426
  0.22352247  0.17329305  0.24276707  0.30899047  0.24826248]
S1_conf:[0.01056389 0.00857982 0.01536325 0.01679956 0.0145943  0.0201538
 0.02272915 0.01955805 0.02568449 0.02393867 0.02162464 0.02689417
 0.02622678 0.02560988 0.02459634 0.02653945 0.02911721]
ST:[0.20722816 0.19166164 0.3700845  0.32740701 0.29474991 0.54226288
 0.48784634 0.43224083 0.60967702 0.60495956 0.49564451 0.62120917
 0.68499329 0.6455371  0.69709767 0.8036433  0.8392125 ]
ST_conf:[0.01417557 0.01403717 0.01867131 0.01516259 0.01484074 0.02019165
 0.01794458 0.01700293 0.01945519 0.01835066 0.01423067 0.01980014
 0.01889962 0.0202369  0.01909308 0.01704101 0.01695755]
S2:[[        nan  0.28076684  0.49704305  0.38430683  0.37772631  0.42558783
   0.42462607  0.44960308  0.35784195  0.36852533  0.41868391  0.42899277
   0.4733324   0.60995388  0.56120406  0.51777409  0.6599541 ]
 [        nan         nan  0.36647598  0.28085103  0.26130614  0.33792484
   0.33869636  0.3687858   0.33913492  0.39138331  0.47197469  0.45927852
   0.4793732   0.61016401  0.57954292  0.53145989  0.65950758]
 [        nan         nan         nan  0.37218911  0.37172344  0.46458097
   0.44040261  0.46057034  0.53520015  0.54924061  0.60409277  0.60256171
   0.60837142  0.72878915  0.6995574   0.63691115  0.77169033]
 [        nan         nan         nan         nan  0.23897829  0.33276889
   0.28679994  0.30723446  0.32976979  0.32026355  0.38673153  0.34511663
   0.35645408  0.37422232  0.37247971  0.37129539  0.5182708 ]
 [        nan         nan         nan         nan         nan  0.19284569
   0.1738233   0.18130531  0.23259201  0.22483311  0.29642191  0.31693141
   0.36979678  0.41803992  0.39330493  0.36790984  0.50904021]
 [        nan         nan         nan         nan         nan         nan
   0.14294203  0.16949638  0.23706972  0.20427257  0.26589687  0.39030556
   0.4048251   0.42738638  0.41383729  0.37416796  0.50494013]
 [        nan         nan         nan         nan         nan         nan
          nan  0.10302552  0.17150284  0.1170079   0.17892987  0.25155984
   0.2427485   0.27678092  0.22321548  0.18897298  0.21714684]
 [        nan         nan         nan         nan         nan         nan
          nan         nan  0.05894171  0.03135484  0.08033121  0.18156522
   0.17446824  0.21366175  0.2219867   0.22948918  0.28793292]
 [        nan         nan         nan         nan         nan         nan
          nan         nan         nan -0.02485984  0.04315781  0.16054003
   0.12838298  0.1576433   0.27007174  0.23909454  0.27200066]
 [        nan         nan         nan         nan         nan         nan
          nan         nan         nan         nan -0.03135552  0.08702081
   0.03291247  0.06244804  0.12312113  0.06878309  0.11318907]
 [        nan         nan         nan         nan         nan         nan
          nan         nan         nan         nan         nan  0.01494682
  -0.0120466   0.00452925  0.09374152  0.04116634  0.09068496]
 [        nan         nan         nan         nan         nan         nan
          nan         nan         nan         nan         nan         nan
  -0.01699293  0.01869737  0.12405323  0.04640906  0.08600385]
 [        nan         nan         nan         nan         nan         nan
          nan         nan         nan         nan         nan         nan
          nan -0.05496414  0.051387   -0.04820459 -0.00833324]
 [        nan         nan         nan         nan         nan         nan
          nan         nan         nan         nan         nan         nan
          nan         nan -0.05329779 -0.12576601 -0.09885117]
 [        nan         nan         nan         nan         nan         nan
          nan         nan         nan         nan         nan         nan
          nan         nan         nan -0.14256792 -0.09653863]
 [        nan         nan         nan         nan         nan         nan
          nan         nan         nan         nan         nan         nan
          nan         nan         nan         nan -0.21568382]
 [        nan         nan         nan         nan         nan         nan
          nan         nan         nan         nan         nan         nan
          nan         nan         nan         nan         nan]]
S2_conf:[[       nan 0.03135938 0.03129514 0.02638476 0.02973139 0.0322227
  0.03179937 0.03353073 0.03154689 0.03206401 0.03080774 0.03307648
  0.03305471 0.03330776 0.03208044 0.03327382 0.03793621]
 [       nan        nan 0.03127754 0.02734117 0.0316014  0.0312972
  0.03099852 0.03328721 0.02990716 0.02895166 0.02817651 0.03064538
  0.03017676 0.03090811 0.02781121 0.03018113 0.03358286]
 [       nan        nan        nan 0.03188541 0.03524367 0.03617442
  0.03518472 0.03693071 0.035167   0.03547092 0.03431265 0.03568074
  0.03711828 0.03778398 0.03704291 0.03828922 0.04183537]
 [       nan        nan        nan        nan 0.03085829 0.03144978
  0.02901892 0.03042439 0.03241691 0.03261178 0.03155523 0.03415722
  0.03322623 0.03195193 0.03443839 0.03276802 0.03749251]
 [       nan        nan        nan        nan        nan 0.03145267
  0.03032987 0.03235048 0.03127462 0.03169809 0.03106657 0.03229381
  0.03143351 0.0303783  0.0321218  0.03062077 0.03521626]
 [       nan        nan        nan        nan        nan        nan
  0.03581487 0.03744651 0.03735583 0.03690688 0.0363719  0.0398741
  0.03969268 0.03891863 0.03894124 0.03873098 0.04363637]
 [       nan        nan        nan        nan        nan        nan
         nan 0.03687534 0.03730628 0.03615988 0.03594961 0.03996961
  0.03962765 0.03862753 0.03720759 0.03891075 0.03969551]
 [       nan        nan        nan        nan        nan        nan
         nan        nan 0.0318616  0.03162157 0.03205334 0.03524977
  0.03582007 0.03473194 0.033207   0.03477373 0.0359547 ]
 [       nan        nan        nan        nan        nan        nan
         nan        nan        nan 0.03788686 0.03864505 0.04172563
  0.04173506 0.0412572  0.04161967 0.04292766 0.0435971 ]
 [       nan        nan        nan        nan        nan        nan
         nan        nan        nan        nan 0.03041767 0.03414891
  0.0334383  0.03411854 0.035327   0.03554832 0.03588581]
 [       nan        nan        nan        nan        nan        nan
         nan        nan        nan        nan        nan 0.03083323
  0.03056029 0.03160631 0.03137462 0.03188348 0.03259453]
 [       nan        nan        nan        nan        nan        nan
         nan        nan        nan        nan        nan        nan
  0.03728684 0.03823093 0.03730644 0.03769348 0.03913688]
 [       nan        nan        nan        nan        nan        nan
         nan        nan        nan        nan        nan        nan
         nan 0.03206682 0.03247459 0.03170762 0.03349262]
 [       nan        nan        nan        nan        nan        nan
         nan        nan        nan        nan        nan        nan
         nan        nan 0.0312047  0.03086531 0.03331196]
 [       nan        nan        nan        nan        nan        nan
         nan        nan        nan        nan        nan        nan
         nan        nan        nan 0.02908943 0.03014268]
 [       nan        nan        nan        nan        nan        nan
         nan        nan        nan        nan        nan        nan
         nan        nan        nan        nan 0.03245038]
 [       nan        nan        nan        nan        nan        nan
         nan        nan        nan        nan        nan        nan
         nan        nan        nan        nan        nan]]
