S1:[ 0.0077905  -0.02350387  0.02890784  0.0527848   0.05167479  0.12949085
  0.11495223  0.12120182  0.08994345  0.28414699  0.19380284  0.133042
  0.34058377  0.23601363  0.17293127  0.42474232  0.30858997]
S1_conf:[0.02654733 0.01642836 0.03038403 0.03777396 0.03304989 0.03943587
 0.04417802 0.04272255 0.0537979  0.06357882 0.05612549 0.05732858
 0.06336399 0.06252105 0.04959676 0.0583306  0.06167681]
ST:[0.26853363 0.16730838 0.39680401 0.43165466 0.32719296 0.54838807
 0.54736558 0.47240482 0.58395924 0.6448268  0.53723322 0.54447526
 0.78725017 0.71071474 0.70507592 0.90727799 0.861538  ]
ST_conf:[0.04547757 0.03682675 0.05048466 0.05696461 0.04572687 0.05236291
 0.05416203 0.05657895 0.05496797 0.05232877 0.05798858 0.05473942
 0.06583155 0.07030648 0.05305233 0.05866988 0.06876443]
S2:[[        nan  0.42974245  0.39777764  0.58088834  0.48169343  0.45784193
   0.65561915  0.54277936  0.45782375  0.41168198  0.40386247  0.45058311
   0.33133764  0.5082915   0.56199638  0.38227077  0.59472723]
 [        nan         nan  0.29413859  0.45026854  0.35708409  0.31394428
   0.49515155  0.40408256  0.49969889  0.51786769  0.50747152  0.55011961
   0.41060483  0.62602164  0.62572409  0.45917894  0.6787143 ]
 [        nan         nan         nan  0.47338392  0.37223348  0.34105712
   0.5595204   0.43240315  0.55422581  0.54556588  0.5248141   0.57597887
   0.43648252  0.65504988  0.68109989  0.52164736  0.74581728]
 [        nan         nan         nan         nan  0.30944768  0.2518616
   0.47349902  0.36692396  0.45212295  0.44643163  0.42494328  0.36971167
   0.30584247  0.31665002  0.36527155  0.2018554   0.39045945]
 [        nan         nan         nan         nan         nan  0.11868243
   0.3133439   0.2127661   0.2788331   0.25564261  0.25669528  0.38206789
   0.3817764   0.39068168  0.43529352  0.25157631  0.47865363]
 [        nan         nan         nan         nan         nan         nan
   0.31032693  0.20180485  0.27982005  0.29534168  0.25888213  0.4104038
   0.38344701  0.38189507  0.43502444  0.25132662  0.48155382]
 [        nan         nan         nan         nan         nan         nan
          nan  0.1776929   0.22931414  0.247406    0.23209953  0.347032
   0.32298099  0.3207092   0.26744691  0.15904224  0.18171445]
 [        nan         nan         nan         nan         nan         nan
          nan         nan  0.08850594  0.07951708  0.07029345  0.16611399
   0.12534824  0.14482295  0.27215211  0.22737044  0.24812151]
 [        nan         nan         nan         nan         nan         nan
          nan         nan         nan  0.18635003  0.16905473  0.27682405
   0.27331558  0.25674139  0.41027734  0.33875227  0.34906222]
 [        nan         nan         nan         nan         nan         nan
          nan         nan         nan         nan -0.0596722   0.02049502
   0.0204059   0.02442262  0.14134683  0.07277678  0.08235791]
 [        nan         nan         nan         nan         nan         nan
          nan         nan         nan         nan         nan -0.02737677
  -0.05470381 -0.04474103  0.0530364  -0.03224337 -0.00091682]
 [        nan         nan         nan         nan         nan         nan
          nan         nan         nan         nan         nan         nan
   0.08156876  0.08356134  0.19330229  0.14527848  0.14055682]
 [        nan         nan         nan         nan         nan         nan
          nan         nan         nan         nan         nan         nan
          nan -0.16252346 -0.07911646 -0.12394392 -0.10812023]
 [        nan         nan         nan         nan         nan         nan
          nan         nan         nan         nan         nan         nan
          nan         nan -0.1093042  -0.18113216 -0.15931315]
 [        nan         nan         nan         nan         nan         nan
          nan         nan         nan         nan         nan         nan
          nan         nan         nan -0.04255243 -0.02869866]
 [        nan         nan         nan         nan         nan         nan
          nan         nan         nan         nan         nan         nan
          nan         nan         nan         nan -0.31949464]
 [        nan         nan         nan         nan         nan         nan
          nan         nan         nan         nan         nan         nan
          nan         nan         nan         nan         nan]]
S2_conf:[[       nan 0.05395819 0.05233869 0.05411566 0.05837898 0.05610436
  0.0590774  0.05914432 0.07701525 0.08539051 0.08327338 0.07422174
  0.08023576 0.08351054 0.07982614 0.09265429 0.08275044]
 [       nan        nan 0.05114217 0.05267265 0.05497085 0.05120104
  0.05765742 0.056903   0.05037212 0.05115363 0.05026086 0.04728334
  0.05972817 0.0508409  0.04796673 0.06660516 0.05141284]
 [       nan        nan        nan 0.06343751 0.06584785 0.06677011
  0.06763435 0.06786515 0.06536666 0.06734918 0.06637591 0.06477119
  0.06186403 0.06344618 0.05847799 0.07161806 0.05992696]
 [       nan        nan        nan        nan 0.05978793 0.05880322
  0.05980576 0.06118816 0.0569116  0.05935726 0.05904372 0.07780698
  0.08296041 0.08476011 0.08474799 0.08737794 0.09091008]
 [       nan        nan        nan        nan        nan 0.05783035
  0.06002125 0.05962227 0.05944528 0.06235001 0.06148304 0.05863198
  0.05711627 0.05861727 0.05968351 0.06934725 0.06203242]
 [       nan        nan        nan        nan        nan        nan
  0.07108631 0.07153709 0.06793501 0.06979852 0.068929   0.06283721
  0.06356122 0.06516281 0.06538768 0.0658099  0.06472573]
 [       nan        nan        nan        nan        nan        nan
         nan 0.06940308 0.06244231 0.06304337 0.06432933 0.06078499
  0.06114593 0.06149423 0.06885239 0.07380054 0.07597987]
 [       nan        nan        nan        nan        nan        nan
         nan        nan 0.05923391 0.06007224 0.06026587 0.05847379
  0.05901106 0.05960871 0.05965577 0.06336428 0.06392577]
 [       nan        nan        nan        nan        nan        nan
         nan        nan        nan 0.07378644 0.07518806 0.07150598
  0.07387226 0.0717475  0.0688121  0.07658053 0.07730115]
 [       nan        nan        nan        nan        nan        nan
         nan        nan        nan        nan 0.07557163 0.0710105
  0.07212899 0.07103981 0.06704082 0.07185957 0.07406502]
 [       nan        nan        nan        nan        nan        nan
         nan        nan        nan        nan        nan 0.07713021
  0.07974053 0.0781755  0.07122673 0.07776696 0.08022385]
 [       nan        nan        nan        nan        nan        nan
         nan        nan        nan        nan        nan        nan
  0.07784846 0.07709037 0.07183216 0.0804592  0.07951861]
 [       nan        nan        nan        nan        nan        nan
         nan        nan        nan        nan        nan        nan
         nan 0.0717223  0.07124742 0.07434434 0.07591177]
 [       nan        nan        nan        nan        nan        nan
         nan        nan        nan        nan        nan        nan
         nan        nan 0.07639447 0.08279606 0.08409288]
 [       nan        nan        nan        nan        nan        nan
         nan        nan        nan        nan        nan        nan
         nan        nan        nan 0.06310686 0.06516955]
 [       nan        nan        nan        nan        nan        nan
         nan        nan        nan        nan        nan        nan
         nan        nan        nan        nan 0.06562737]
 [       nan        nan        nan        nan        nan        nan
         nan        nan        nan        nan        nan        nan
         nan        nan        nan        nan        nan]]
