S1:[-0.09112214 -0.07377297  0.00455247 -0.12062281 -0.10971644 -0.10623037
 -0.14671883 -0.1420845  -0.10073874 -0.12715575 -0.16219675 -0.11169592
 -0.10053693 -0.16106214 -0.14464147 -0.14451467 -0.17344018]
S1_conf:[0.02052907 0.01500667 0.03045344 0.03007564 0.02222372 0.02926197
 0.02857539 0.02363624 0.03349166 0.03094537 0.02623322 0.0309884
 0.03513112 0.03128807 0.03184765 0.03668859 0.03197574]
ST:[0.21846102 0.20141063 0.47786933 0.52537455 0.37404871 0.6270718
 0.59489949 0.45937499 0.63704585 0.63659851 0.46801951 0.65321779
 0.79310806 0.64443422 0.84758515 0.94262196 0.83708697]
ST_conf:[0.02079199 0.02044304 0.02859464 0.03751534 0.02660025 0.03271658
 0.0304222  0.02688053 0.03070644 0.03144356 0.02671081 0.03981054
 0.04231119 0.03847154 0.03922209 0.03778023 0.03690165]
S2:[[       nan 0.01051099 0.15363644 0.31370187 0.25150473 0.4590869
  0.49322769 0.424865   0.47169727 0.45213885 0.46100414 0.49085662
  0.46237384 0.56012789 0.67241936 0.67582197 0.74301416]
 [       nan        nan 0.01229736 0.12894493 0.06433529 0.27415208
  0.31280089 0.24645969 0.42615366 0.4319739  0.43351709 0.4764155
  0.46393724 0.5413666  0.579222   0.66963251 0.72093367]
 [       nan        nan        nan 0.14019793 0.08428396 0.28556119
  0.34722881 0.26467362 0.4581431  0.455854   0.44942026 0.47572409
  0.47096643 0.54987996 0.5945149  0.62464644 0.67373686]
 [       nan        nan        nan        nan 0.07438609 0.29114653
  0.36666991 0.31049933 0.48110044 0.50177519 0.47241816 0.50885528
  0.45236488 0.48670042 0.55145045 0.53439321 0.59987274]
 [       nan        nan        nan        nan        nan 0.15626101
  0.18834243 0.12975253 0.30260266 0.32781391 0.30043843 0.46974455
  0.43863201 0.46564213 0.54343706 0.54241607 0.58755287]
 [       nan        nan        nan        nan        nan        nan
  0.27482806 0.22500462 0.38889572 0.43769189 0.39376702 0.57693708
  0.53775658 0.55682462 0.6180126  0.62468164 0.67132758]
 [       nan        nan        nan        nan        nan        nan
         nan 0.13218345 0.31194715 0.37408984 0.35686079 0.51821815
  0.50080777 0.49712758 0.56744861 0.52081621 0.52443485]
 [       nan        nan        nan        nan        nan        nan
         nan        nan 0.18349535 0.20221118 0.18254996 0.34605609
  0.33327115 0.33160646 0.53474589 0.51358106 0.50974202]
 [       nan        nan        nan        nan        nan        nan
         nan        nan        nan 0.25093643 0.24006242 0.39471109
  0.40550894 0.38728241 0.60428886 0.5750618  0.56327387]
 [       nan        nan        nan        nan        nan        nan
         nan        nan        nan        nan 0.13438206 0.30569152
  0.32974301 0.33805782 0.53242358 0.52578375 0.49124816]
 [       nan        nan        nan        nan        nan        nan
         nan        nan        nan        nan        nan 0.21507864
  0.19575276 0.20175176 0.39844407 0.39623368 0.3637314 ]
 [       nan        nan        nan        nan        nan        nan
         nan        nan        nan        nan        nan        nan
  0.23502923 0.24989271 0.43776842 0.45892743 0.41014176]
 [       nan        nan        nan        nan        nan        nan
         nan        nan        nan        nan        nan        nan
         nan 0.10682603 0.31131337 0.3459356  0.32342225]
 [       nan        nan        nan        nan        nan        nan
         nan        nan        nan        nan        nan        nan
         nan        nan 0.24616067 0.23740206 0.21258792]
 [       nan        nan        nan        nan        nan        nan
         nan        nan        nan        nan        nan        nan
         nan        nan        nan 0.31054153 0.29453864]
 [       nan        nan        nan        nan        nan        nan
         nan        nan        nan        nan        nan        nan
         nan        nan        nan        nan 0.16180604]
 [       nan        nan        nan        nan        nan        nan
         nan        nan        nan        nan        nan        nan
         nan        nan        nan        nan        nan]]
S2_conf:[[       nan 0.03812123 0.0496351  0.04474077 0.04373311 0.04915315
  0.04820013 0.04727717 0.05825196 0.04732881 0.04606334 0.05666721
  0.05222456 0.04527238 0.04751279 0.04562663 0.04117466]
 [       nan        nan 0.0538309  0.04560988 0.04272351 0.05123216
  0.04695814 0.04703312 0.05716226 0.04472673 0.04302238 0.05180593
  0.04454368 0.03938178 0.04107385 0.03974836 0.03646184]
 [       nan        nan        nan 0.05775188 0.05481712 0.06016543
  0.05180891 0.05623237 0.06611915 0.05614581 0.05532559 0.05957735
  0.06061422 0.05520113 0.05414807 0.05261123 0.04926571]
 [       nan        nan        nan        nan 0.04896452 0.04707065
  0.0424984  0.04801649 0.04399821 0.04476656 0.0440328  0.05648971
  0.04612421 0.04570069 0.05774    0.04825136 0.04385535]
 [       nan        nan        nan        nan        nan 0.04773138
  0.04229616 0.04487614 0.04130537 0.04251006 0.04109756 0.05566541
  0.0441234  0.04445175 0.05419508 0.04060145 0.038089  ]
 [       nan        nan        nan        nan        nan        nan
  0.04813574 0.049583   0.04671841 0.04716757 0.04645034 0.05713881
  0.04592937 0.04568263 0.05567727 0.04430576 0.04327302]
 [       nan        nan        nan        nan        nan        nan
         nan 0.04162198 0.039439   0.03916605 0.03933108 0.03659992
  0.03688584 0.03712983 0.0476403  0.03780028 0.03778853]
 [       nan        nan        nan        nan        nan        nan
         nan        nan 0.03509031 0.03463314 0.03469101 0.03710249
  0.03744275 0.03682467 0.04415008 0.03252205 0.03253393]
 [       nan        nan        nan        nan        nan        nan
         nan        nan        nan 0.04886804 0.04939054 0.04985537
  0.04979426 0.04959762 0.05556463 0.04640759 0.04568343]
 [       nan        nan        nan        nan        nan        nan
         nan        nan        nan        nan 0.04182456 0.04222627
  0.04386182 0.04409776 0.03663571 0.03850903 0.03766483]
 [       nan        nan        nan        nan        nan        nan
         nan        nan        nan        nan        nan 0.04460674
  0.04428221 0.04444899 0.04021189 0.0399097  0.03946408]
 [       nan        nan        nan        nan        nan        nan
         nan        nan        nan        nan        nan        nan
  0.04588397 0.04614648 0.04052832 0.04163739 0.04023412]
 [       nan        nan        nan        nan        nan        nan
         nan        nan        nan        nan        nan        nan
         nan 0.04552349 0.03918648 0.04049035 0.04193254]
 [       nan        nan        nan        nan        nan        nan
         nan        nan        nan        nan        nan        nan
         nan        nan 0.03990047 0.03925533 0.03997189]
 [       nan        nan        nan        nan        nan        nan
         nan        nan        nan        nan        nan        nan
         nan        nan        nan 0.04489564 0.04385424]
 [       nan        nan        nan        nan        nan        nan
         nan        nan        nan        nan        nan        nan
         nan        nan        nan        nan 0.03867859]
 [       nan        nan        nan        nan        nan        nan
         nan        nan        nan        nan        nan        nan
         nan        nan        nan        nan        nan]]
