% Model:              Onedradial_solutes_zeroconc_diff.mph
% Version:            COMSOL 5.5.0.306
% Date:               Apr 17 2020, 18:02
% Dimension:          1
% Nodes:              1741
% Expressions:        1
% Description:        Liniengraph
% R                       Height
0                         -100
3.333333333333348E-4      -100
6.666666666666661E-4      -100
0.0010000000000000009     -100
0.0013333333333333357     -100
0.001666666666666667      -100
0.0020000000000000018     -100
0.0023333333333333366     -100
0.002666666666666668      -100
0.0030000000000000027     -100
0.0033333333333333375     -100
0.0036666666666666688     -100
0.0040000000000000036     -100
0.004333333333333338      -100
0.00466666666666667       -100
0.0050000000000000044     -100
0.005333333333333339      -100
0.0056666666666666705     -100
0.006000000000000005      -100
0.00633333333333334       -100
0.006666666666666671      -100
0.007000000000000006      -100
0.007333333333333341      -100
0.007666666666666672      -100
0.008000000000000004      -100
0.008333333333333342      -100
0.008666666666666677      -100
0.009000000000000011      -100
0.009333333333333346      -100
0.009666666666666674      -100
0.010000000000000005      -100
0.010333333333333344      -100
0.010666666666666675      -100
0.011000000000000006      -100
0.011333333333333338      -100
0.011666666666666676      -100
0.012000000000000007      -100
0.012333333333333339      -100
0.012666666666666677      -100
0.013000000000000008      -100
0.013333333333333346      -100
0.013666666666666678      -100
0.014000000000000009      -100
0.01433333333333334       -100
0.014666666666666672      -100
0.015000000000000003      -100
0.015333333333333341      -100
0.015666666666666666      -100
0.016000000000000004      -100
0.016333333333333342      -100
0.016666666666666673      -100
0.017000000000000005      -100
0.017333333333333343      -100
0.017666666666666674      -100
0.018000000000000006      -100
0.018333333333333344      -100
0.018666666666666668      -100
0.019000000000000006      -100
0.019333333333333345      -100
0.019666666666666676      -100
0.020000000000000007      -100
0.020333333333333346      -100
0.02066666666666667       -100
0.021                     -100
0.021333333333333333      -100
0.021666666666666664      -100
0.021999999999999995      -100
0.022333333333333334      -100
0.022666666666666665      -100
0.022999999999999996      -100
0.023333333333333334      -100
0.02366666666666666       -100
0.023999999999999997      -100
0.024333333333333335      -100
0.02466666666666666       -100
0.02499999999999999       -100
0.02533333333333333       -100
0.02566666666666666       -100
0.025999999999999992      -100
0.026333333333333323      -100
0.026666666666666655      -100
0.026999999999999986      -100
0.027333333333333324      -100
0.02766666666666665       -100
0.027999999999999987      -100
0.028333333333333325      -100
0.02866666666666665       -100
0.028999999999999988      -100
0.029333333333333326      -100
0.02966666666666665       -100
0.02999999999999998       -100
0.030333333333333313      -100
0.030666666666666644      -100
0.030999999999999975      -100
0.03133333333333331       -100
0.03166666666666664       -100
0.03199999999999997       -100
0.03233333333333331       -100
0.032666666666666636      -100
0.032999999999999974      -100
0.03333333333333331       -100
0.033666666666666636      -100
0.033999999999999975      -100
0.034333333333333306      -100
0.03466666666666663       -100
0.03499999999999996       -100
0.0353333333333333        -100
0.035666666666666624      -100
0.03599999999999996       -100
0.0363333333333333        -100
0.03666666666666663       -100
0.036999999999999963      -100
0.0373333333333333        -100
0.037666666666666626      -100
0.037999999999999964      -100
0.038333333333333296      -100
0.03866666666666663       -100
0.03899999999999995       -100
0.03933333333333329       -100
0.039666666666666614      -100
0.03999999999999995       -100
0.040333333333333284      -100
0.040666666666666615      -100
0.04099999999999994       -100
0.04133333333333328       -100
0.0416666666666666        -100
0.04199999999999994       -100
0.04233333333333327       -100
0.0426666666666666        -100
0.04299999999999993       -100
0.043333333333333265      -100
0.04366666666666659       -100
0.04399999999999993       -100
0.044333333333333266      -100
0.04466666666666659       -100
0.044999999999999915      -100
0.04533333333333325       -100
0.04566666666666658       -100
0.045999999999999916      -100
0.04633333333333324       -100
0.04666666666666658       -100
0.0469999999999999        -100
0.04733333333333324       -100
0.047666666666666566      -100
0.047999999999999904      -100
0.04833333333333324       -100
0.048666666666666566      -100
0.04899999999999989       -100
0.04933333333333323       -100
0.049666666666666553      -100
0.04999999999999989       -100
0.050333333333333216      -100
0.050666666666666554      -100
0.05099999999999988       -100
0.05133333333333322       -100
0.05166666666666654       -100
0.05199999999999988       -100
0.05233333333333322       -100
0.05266666666666654       -100
0.05299999999999987       -100
0.053333333333333205      -100
0.05366666666666653       -100
0.05399999999999987       -100
0.05433333333333319       -100
0.05466666666666653       -100
0.054999999999999855      -100
0.05533333333333319       -100
0.05566666666666652       -100
0.05599999999999984       -100
0.05633333333333318       -100
0.05666666666666652       -100
0.05699999999999984       -100
0.05733333333333318       -100
0.057666666666666505      -100
0.05799999999999983       -100
0.05833333333333317       -100
0.05866666666666649       -100
0.05899999999999983       -100
0.05933333333333317       -100
0.05966666666666649       -100
0.05999999999999982       -100
0.060333333333333156      -100
0.060666666666666494      -100
0.06099999999999982       -100
0.061333333333333157      -100
0.06166666666666648       -100
0.061999999999999805      -100
0.062333333333333144      -100
0.06266666666666647       -100
0.0629999999999998        -100
0.06333333333333314       -100
0.06366666666666647       -100
0.0639999999999998        -100
0.06433333333333313       -100
0.06466666666666647       -100
0.0649999999999998        -100
0.06533333333333313       -100
0.06566666666666646       -100
0.06599999999999978       -100
0.06633333333333312       -100
0.06666666666666644       -100
0.06699999999999978       -100
0.06733333333333312       -100
0.06766666666666644       -100
0.06799999999999977       -100
0.06833333333333311       -100
0.06866666666666645       -100
0.06899999999999977       -100
0.06933333333333311       -100
0.06966666666666643       -100
0.06999999999999976       -100
0.0703333333333331        -100
0.07066666666666642       -100
0.07099999999999976       -100
0.0713333333333331        -100
0.07166666666666642       -100
0.07199999999999974       -100
0.07233333333333308       -100
0.07266666666666642       -100
0.07299999999999976       -100
0.0733333333333331        -100
0.07366666666666642       -100
0.07399999999999975       -100
0.0743333333333331        -100
0.07466666666666642       -100
0.07499999999999976       -100
0.0753333333333331        -100
0.07566666666666642       -100
0.07599999999999976       -100
0.0763333333333331        -100
0.07666666666666642       -100
0.07699999999999976       -100
0.0773333333333331        -100
0.07766666666666643       -100
0.07799999999999976       -100
0.0783333333333331        -100
0.07866666666666643       -100
0.07899999999999975       -100
0.0793333333333331        -100
0.07966666666666643       -100
0.07999999999999977       -100
0.08033333333333312       -100
0.08066666666666646       -100
0.08099999999999978       -100
0.08133333333333312       -100
0.08166666666666643       -100
0.08199999999999977       -100
0.0823333333333331        -100
0.08266666666666643       -100
0.08299999999999978       -100
0.0833333333333331        -100
0.08366666666666643       -100
0.08399999999999977       -100
0.08433333333333311       -100
0.08466666666666645       -100
0.08499999999999978       -100
0.08533333333333312       -100
0.08566666666666645       -100
0.08599999999999978       -100
0.08633333333333312       -100
0.08666666666666646       -100
0.08699999999999979       -100
0.08733333333333314       -100
0.08766666666666646       -100
0.08799999999999979       -100
0.08833333333333312       -100
0.08866666666666645       -100
0.08899999999999979       -100
0.08933333333333313       -100
0.08966666666666646       -100
0.08999999999999979       -100
0.09033333333333314       -100
0.09066666666666647       -100
0.09099999999999979       -100
0.09133333333333313       -100
0.09166666666666645       -100
0.09199999999999979       -100
0.09233333333333313       -100
0.09266666666666647       -100
0.09299999999999979       -100
0.09333333333333314       -100
0.09366666666666647       -100
0.09399999999999979       -100
0.09433333333333313       -100
0.09466666666666645       -100
0.09499999999999979       -100
0.09533333333333313       -100
0.09566666666666647       -100
0.09599999999999981       -100
0.09633333333333315       -100
0.09666666666666647       -100
0.0969999999999998        -100
0.09733333333333315       -100
0.09766666666666647       -100
0.09799999999999981       -100
0.09833333333333315       -100
0.09866666666666647       -100
0.0989999999999998        -100
0.09933333333333315       -100
0.09966666666666647       -100
0.09999999999999981       -100
0.10033333333333315       -100
0.10066666666666647       -100
0.10099999999999981       -100
0.10133333333333315       -100
0.10166666666666647       -100
0.10199999999999981       -100
0.10233333333333315       -100
0.10266666666666648       -100
0.10299999999999981       -100
0.10333333333333315       -100
0.10366666666666648       -100
0.1039999999999998        -100
0.10433333333333314       -100
0.10466666666666648       -100
0.10499999999999982       -100
0.10533333333333315       -100
0.10566666666666648       -100
0.10599999999999983       -100
0.10633333333333318       -100
0.10666666666666651       -100
0.10699999999999983       -100
0.10733333333333318       -100
0.10766666666666651       -100
0.10799999999999983       -100
0.10833333333333318       -100
0.10866666666666648       -100
0.10899999999999983       -100
0.10933333333333319       -100
0.10966666666666651       -100
0.10999999999999983       -100
0.11033333333333319       -100
0.11066666666666651       -100
0.11099999999999983       -100
0.11133333333333319       -100
0.11166666666666648       -100
0.11199999999999984       -100
0.11233333333333319       -100
0.11266666666666651       -100
0.11299999999999984       -100
0.11333333333333319       -100
0.11366666666666651       -100
0.11399999999999984       -100
0.11433333333333319       -100
0.11466666666666649       -100
0.11499999999999984       -100
0.11533333333333319       -100
0.11566666666666651       -100
0.11599999999999984       -100
0.11633333333333319       -100
0.11666666666666652       -100
0.11699999999999984       -100
0.11733333333333319       -100
0.11766666666666649       -100
0.11799999999999984       -100
0.1183333333333332        -100
0.11866666666666652       -100
0.11899999999999984       -100
0.1193333333333332        -100
0.11966666666666652       -100
0.11999999999999984       -100
0.1203333333333332        -100
0.12066666666666649       -100
0.12099999999999984       -100
0.1213333333333332        -100
0.12166666666666652       -100
0.12199999999999984       -100
0.1223333333333332        -100
0.12266666666666652       -100
0.12299999999999985       -100
0.1233333333333332        -100
0.12366666666666655       -100
0.12399999999999987       -100
0.1243333333333332        -100
0.12466666666666652       -100
0.12499999999999985       -100
0.12533333333333319       -100
0.1256666666666665        -100
0.12599999999999983       -100
0.1263333333333332        -100
0.12666666666666648       -100
0.12699999999999984       -100
0.1273333333333332        -100
0.1276666666666665        -100
0.12799999999999986       -100
0.1283333333333332        -100
0.12866666666666654       -100
0.12899999999999986       -100
0.1293333333333332        -100
0.1296666666666665        -100
0.12999999999999984       -100
0.1303333333333332        -100
0.13066666666666651       -100
0.13099999999999984       -100
0.1313333333333332        -100
0.13166666666666652       -100
0.13199999999999987       -100
0.1323333333333332        -100
0.13266666666666654       -100
0.13299999999999987       -100
0.13333333333333322       -100
0.13366666666666654       -100
0.13399999999999987       -100
0.1343333333333332        -100
0.13466666666666652       -100
0.13499999999999984       -100
0.1353333333333332        -100
0.1356666666666665        -100
0.13599999999999984       -100
0.1363333333333332        -100
0.13666666666666652       -100
0.13699999999999987       -100
0.1373333333333332        -100
0.13766666666666655       -100
0.13799999999999987       -100
0.13833333333333322       -100
0.13866666666666655       -100
0.13899999999999987       -100
0.1393333333333332        -100
0.13966666666666652       -100
0.13999999999999985       -100
0.1403333333333332        -100
0.14066666666666652       -100
0.14099999999999988       -100
0.14133333333333323       -100
0.14166666666666655       -100
0.14199999999999988       -100
0.14233333333333323       -100
0.14266666666666655       -100
0.14299999999999988       -100
0.1433333333333332        -100
0.14366666666666655       -100
0.14399999999999988       -100
0.14433333333333323       -100
0.14466666666666655       -100
0.14499999999999988       -100
0.14533333333333323       -100
0.14566666666666656       -100
0.14599999999999988       -100
0.1463333333333332        -100
0.14666666666666656       -100
0.14699999999999988       -100
0.14733333333333323       -100
0.14766666666666656       -100
0.14799999999999988       -100
0.14833333333333323       -100
0.14866666666666656       -100
0.1489999999999999        -100
0.14933333333333326       -100
0.14966666666666656       -100
0.14999999999999988       -100
0.15033333333333324       -100
0.15066666666666656       -100
0.15099999999999988       -100
0.15133333333333324       -100
0.15166666666666656       -100
0.15199999999999989       -100
0.15233333333333324       -100
0.15266666666666656       -100
0.1529999999999999        -100
0.15333333333333327       -100
0.1536666666666666        -100
0.15399999999999991       -100
0.15433333333333324       -100
0.15466666666666656       -100
0.1549999999999999        -100
0.1553333333333332        -100
0.15566666666666656       -100
0.1559999999999999        -100
0.15633333333333324       -100
0.15666666666666657       -100
0.15699999999999992       -100
0.15733333333333327       -100
0.15766666666666657       -100
0.15799999999999992       -100
0.15833333333333327       -100
0.1586666666666666        -100
0.15899999999999992       -100
0.15933333333333327       -100
0.15966666666666657       -100
0.1599999999999999        -100
0.16033333333333324       -100
0.16066666666666657       -100
0.16099999999999992       -100
0.16133333333333327       -100
0.1616666666666666        -100
0.16199999999999992       -100
0.16233333333333327       -100
0.1626666666666666        -100
0.16299999999999992       -100
0.16333333333333327       -100
0.16366666666666657       -100
0.16399999999999992       -100
0.16433333333333328       -100
0.1646666666666666        -100
0.16499999999999992       -100
0.16533333333333328       -100
0.1656666666666666        -100
0.16599999999999993       -100
0.16633333333333328       -100
0.16666666666666657       -100
0.16699999999999993       -100
0.16733333333333328       -100
0.1676666666666666        -100
0.16799999999999993       -100
0.16833333333333328       -100
0.16866666666666658       -100
0.16899999999999993       -100
0.16933333333333328       -100
0.16966666666666658       -100
0.16999999999999993       -100
0.17033333333333328       -100
0.1706666666666666        -100
0.17099999999999993       -100
0.17133333333333328       -100
0.17166666666666658       -100
0.17199999999999993       -100
0.17233333333333328       -100
0.17266666666666658       -100
0.17299999999999993       -100
0.17333333333333328       -100
0.1736666666666666        -100
0.17399999999999996       -100
0.17433333333333328       -100
0.17466666666666658       -100
0.17499999999999993       -100
0.17533333333333329       -100
0.17566666666666658       -100
0.17599999999999993       -100
0.1763333333333333        -100
0.1766666666666666        -100
0.17699999999999994       -100
0.1773333333333333        -100
0.17766666666666664       -100
0.17799999999999996       -100
0.17833333333333332       -100
0.17866666666666664       -100
0.17899999999999996       -100
0.17933333333333332       -100
0.17966666666666664       -100
0.17999999999999994       -100
0.1803333333333333        -100
0.1806666666666666        -100
0.18099999999999994       -100
0.1813333333333333        -100
0.1816666666666666        -100
0.18199999999999994       -100
0.1823333333333333        -100
0.18266666666666662       -100
0.18299999999999997       -100
0.1833333333333333        -100
0.18366666666666664       -100
0.18399999999999997       -100
0.1843333333333333        -100
0.18466666666666662       -100
0.18499999999999994       -100
0.1853333333333333        -100
0.18566666666666662       -100
0.18599999999999994       -100
0.1863333333333333        -100
0.18666666666666665       -100
0.18699999999999997       -100
0.18733333333333332       -100
0.18766666666666665       -100
0.18799999999999997       -100
0.18833333333333332       -100
0.18866666666666665       -100
0.18899999999999997       -100
0.1893333333333333        -100
0.1896666666666666        -100
0.18999999999999995       -100
0.1903333333333333        -100
0.19066666666666665       -100
0.19099999999999998       -100
0.19133333333333333       -100
0.19166666666666665       -100
0.19199999999999998       -100
0.1923333333333333        -100
0.19266666666666665       -100
0.19299999999999998       -100
0.19333333333333333       -100
0.19366666666666665       -100
0.19399999999999998       -100
0.19433333333333333       -100
0.19466666666666665       -100
0.19499999999999998       -100
0.1953333333333333        -100
0.19566666666666666       -100
0.19599999999999998       -100
0.19633333333333333       -100
0.19666666666666666       -100
0.19699999999999998       -100
0.19733333333333333       -100
0.19766666666666666       -100
0.19799999999999998       -100
0.19833333333333333       -100
0.19866666666666666       -100
0.199                     -100
0.19933333333333336       -100
0.19966666666666666       -100
0.19999999999999998       -100
0.20033333333333334       -100
0.20066666666666666       -100
0.20099999999999998       -100
0.2013333333333333        -100
0.20166666666666666       -100
0.20199999999999999       -100
0.20233333333333334       -100
0.20266666666666666       -100
0.203                     -100
0.20333333333333337       -100
0.20366666666666666       -100
0.20400000000000001       -100
0.20433333333333337       -100
0.20466666666666666       -100
0.205                     -100
0.20533333333333334       -100
0.20566666666666666       -100
0.206                     -100
0.20633333333333337       -100
0.20666666666666667       -100
0.20700000000000002       -100
0.20733333333333337       -100
0.2076666666666667        -100
0.20800000000000002       -100
0.20833333333333337       -100
0.20866666666666667       -100
0.20900000000000002       -100
0.20933333333333334       -100
0.20966666666666667       -100
0.21                      -100
0.21033333333333332       -100
0.21066666666666667       -100
0.211                     -100
0.21133333333333335       -100
0.21166666666666667       -100
0.21200000000000002       -100
0.21233333333333337       -100
0.21266666666666667       -100
0.21300000000000002       -100
0.21333333333333337       -100
0.2136666666666667        -100
0.21400000000000002       -100
0.21433333333333338       -100
0.21466666666666667       -100
0.215                     -100
0.21533333333333338       -100
0.21566666666666667       -100
0.21600000000000003       -100
0.21633333333333338       -100
0.2166666666666667        -100
0.21700000000000003       -100
0.21733333333333338       -100
0.21766666666666667       -100
0.21800000000000003       -100
0.21833333333333335       -100
0.21866666666666668       -100
0.219                     -100
0.21933333333333335       -100
0.21966666666666668       -100
0.22000000000000003       -100
0.22033333333333338       -100
0.22066666666666668       -100
0.22100000000000003       -100
0.22133333333333338       -100
0.22166666666666668       -100
0.22200000000000003       -100
0.22233333333333338       -100
0.2226666666666667        -100
0.22300000000000003       -100
0.22333333333333338       -100
0.22366666666666668       -100
0.22400000000000003       -100
0.22433333333333338       -100
0.22466666666666668       -100
0.22500000000000003       -100
0.22533333333333339       -100
0.2256666666666667        -100
0.22600000000000003       -100
0.2263333333333334        -100
0.22666666666666668       -100
0.22700000000000004       -100
0.2273333333333334        -100
0.22766666666666674       -100
0.22800000000000006       -100
0.22833333333333342       -100
0.22866666666666674       -100
0.22900000000000004       -100
0.2293333333333334        -100
0.22966666666666669       -100
0.23000000000000004       -100
0.2303333333333334        -100
0.2306666666666667        -100
0.23100000000000004       -100
0.2313333333333334        -100
0.2316666666666667        -100
0.23200000000000004       -100
0.2323333333333334        -100
0.2326666666666667        -100
0.23300000000000004       -100
0.2333333333333334        -100
0.2336666666666667        -100
0.23400000000000004       -100
0.2343333333333334        -100
0.2346666666666667        -100
0.23500000000000004       -100
0.2353333333333334        -100
0.2356666666666667        -100
0.23600000000000004       -100
0.2363333333333334        -100
0.2366666666666667        -100
0.23700000000000004       -100
0.2373333333333334        -100
0.23766666666666675       -100
0.2380000000000001        -100
0.2383333333333334        -100
0.2386666666666667        -100
0.23900000000000005       -100
0.2393333333333334        -100
0.2396666666666667        -100
0.24000000000000005       -100
0.2403333333333334        -100
0.2406666666666667        -100
0.24100000000000005       -100
0.2413333333333334        -100
0.2416666666666667        -100
0.24200000000000005       -100
0.2423333333333334        -100
0.24266666666666675       -100
0.2430000000000001        -100
0.2433333333333334        -100
0.24366666666666675       -100
0.24400000000000005       -100
0.2443333333333334        -100
0.24466666666666675       -100
0.2450000000000001        -100
0.24533333333333346       -100
0.24566666666666676       -100
0.24600000000000005       -100
0.2463333333333334        -100
0.2466666666666667        -100
0.24700000000000005       -100
0.2473333333333334        -100
0.24766666666666676       -100
0.2480000000000001        -100
0.24833333333333346       -100
0.24866666666666676       -100
0.24900000000000005       -100
0.2493333333333334        -100
0.24966666666666676       -100
0.2500000000000001        -100
0.25033333333333346       -100
0.2506666666666668        -100
0.2510000000000001        -100
0.25133333333333346       -100
0.25166666666666676       -100
0.25200000000000006       -100
0.2523333333333334        -100
0.25266666666666676       -100
0.2530000000000001        -100
0.2533333333333334        -100
0.2536666666666667        -100
0.25400000000000006       -100
0.2543333333333334        -100
0.25466666666666676       -100
0.2550000000000001        -100
0.25533333333333347       -100
0.25566666666666676       -100
0.2560000000000001        -100
0.2563333333333334        -100
0.2566666666666667        -100
0.25700000000000006       -100
0.2573333333333334        -100
0.25766666666666677       -100
0.2580000000000001        -100
0.2583333333333334        -100
0.25866666666666677       -100
0.25900000000000006       -100
0.2593333333333334        -100
0.25966666666666677       -100
0.2600000000000001        -100
0.26033333333333347       -100
0.26066666666666677       -100
0.2610000000000001        -100
0.2613333333333334        -100
0.26166666666666677       -100
0.26200000000000007       -100
0.2623333333333334        -100
0.26266666666666677       -100
0.2630000000000001        -100
0.2633333333333335        -100
0.26366666666666677       -100
0.2640000000000001        -100
0.2643333333333335        -100
0.26466666666666677       -100
0.2650000000000001        -100
0.2653333333333335        -100
0.26566666666666683       -100
0.2660000000000001        -100
0.2663333333333335        -100
0.2666666666666668        -100
0.26700000000000007       -100
0.2673333333333334        -100
0.2676666666666668        -100
0.2680000000000001        -100
0.2683333333333335        -100
0.26866666666666683       -100
0.26900000000000013       -100
0.2693333333333335        -100
0.2696666666666668        -100
0.27000000000000013       -100
0.2703333333333335        -100
0.2706666666666668        -100
0.27100000000000013       -100
0.2713333333333335        -100
0.27166666666666683       -100
0.27200000000000013       -100
0.2723333333333335        -100
0.2726666666666668        -100
0.27300000000000013       -100
0.2733333333333335        -100
0.2736666666666668        -100
0.27400000000000013       -100
0.2743333333333335        -100
0.27466666666666684       -100
0.27500000000000013       -100
0.2753333333333335        -100
0.2756666666666668        -100
0.27600000000000013       -100
0.2763333333333335        -100
0.2766666666666668        -100
0.27700000000000014       -100
0.2773333333333335        -100
0.27766666666666684       -100
0.27800000000000014       -100
0.2783333333333335        -100
0.2786666666666668        -100
0.27900000000000014       -100
0.2793333333333335        -100
0.27966666666666684       -100
0.2800000000000002        -100
0.28033333333333355       -100
0.28066666666666684       -100
0.28100000000000014       -100
0.2813333333333335        -100
0.2816666666666668        -100
0.28200000000000014       -100
0.2823333333333335        -100
0.2826666666666668        -100
0.28300000000000014       -100
0.2833333333333335        -100
0.28366666666666684       -100
0.28400000000000014       -100
0.28433333333333355       -100
0.28466666666666685       -100
0.2850000000000002        -100
0.28533333333333355       -100
0.28566666666666685       -100
0.28600000000000014       -100
0.2863333333333335        -100
0.28666666666666685       -100
0.28700000000000014       -100
0.2873333333333335        -100
0.2876666666666668        -100
0.28800000000000014       -100
0.2883333333333335        -100
0.2886666666666668        -100
0.28900000000000015       -100
0.2893333333333335        -100
0.28966666666666685       -100
0.2900000000000002        -100
0.29033333333333355       -100
0.29066666666666685       -100
0.2910000000000002        -100
0.29133333333333356       -100
0.2916666666666669        -100
0.29200000000000026       -100
0.29233333333333367       -100
0.29266666666666696       -100
0.2930000000000003        -100
0.29333333333333367       -100
0.29366666666666696       -100
0.2940000000000003        -100
0.29433333333333367       -100
0.294666666666667         -100
0.2950000000000004        -100
0.2953333333333337        -100
0.2956666666666671        -100
0.2960000000000004        -100
0.2963333333333337        -100
0.2966666666666671        -100
0.29700000000000043       -100
0.2973333333333338        -100
0.29766666666666713       -100
0.2980000000000005        -100
0.29833333333333384       -100
0.2986666666666672        -100
0.2990000000000005        -100
0.2993333333333339        -100
0.2996666666666672        -100
0.30000000000000054       -100
0.3003333333333339        -100
0.3006666666666672        -100
0.30100000000000054       -100
0.3013333333333339        -100
0.30166666666666725       -100
0.3020000000000006        -100
0.302333333333334         -100
0.3026666666666673        -100
0.30300000000000066       -100
0.303333333333334         -100
0.3036666666666673        -100
0.30400000000000066       -100
0.304333333333334         -100
0.30466666666666736       -100
0.3050000000000007        -100
0.30533333333333407       -100
0.3056666666666674        -100
0.3060000000000007        -100
0.3063333333333341        -100
0.3066666666666674        -100
0.3070000000000008        -100
0.3073333333333341        -100
0.3076666666666675        -100
0.30800000000000083       -100
0.3083333333333342        -100
0.3086666666666675        -100
0.30900000000000083       -100
0.30933333333333424       -100
0.30966666666666753       -100
0.3100000000000009        -100
0.31033333333333424       -100
0.31066666666666753       -100
0.3110000000000009        -100
0.31133333333333424       -100
0.3116666666666676        -100
0.31200000000000094       -100
0.3123333333333343        -100
0.31266666666666765       -100
0.313000000000001         -100
0.31333333333333435       -100
0.31366666666666765       -100
0.314000000000001         -100
0.31433333333333435       -100
0.3146666666666677        -100
0.31500000000000106       -100
0.3153333333333344        -100
0.3156666666666677        -100
0.31600000000000106       -100
0.31633333333333447       -100
0.31666666666666776       -100
0.3170000000000011        -100
0.31733333333333447       -100
0.3176666666666678        -100
0.31800000000000117       -100
0.3183333333333345        -100
0.3186666666666679        -100
0.31900000000000117       -100
0.3193333333333345        -100
0.3196666666666679        -100
0.32000000000000123       -100
0.3203333333333346        -100
0.3206666666666679        -100
0.32100000000000123       -100
0.3213333333333346        -100
0.32166666666666793       -100
0.3220000000000013        -100
0.3223333333333347        -100
0.322666666666668         -100
0.32300000000000134       -100
0.3233333333333347        -100
0.323666666666668         -100
0.32400000000000134       -100
0.3243333333333347        -100
0.32466666666666805       -100
0.3250000000000014        -100
0.32533333333333475       -100
0.3256666666666681        -100
0.3260000000000014        -100
0.32633333333333475       -100
0.3266666666666681        -100
0.32700000000000146       -100
0.3273333333333348        -100
0.32766666666666816       -100
0.3280000000000015        -100
0.32833333333333486       -100
0.3286666666666682        -100
0.3290000000000015        -100
0.3293333333333349        -100
0.3296666666666682        -100
0.33000000000000157       -100
0.3303333333333349        -100
0.3306666666666682        -100
0.33100000000000157       -100
0.3313333333333349        -100
0.3316666666666683        -100
0.3320000000000016        -100
0.33233333333333503       -100
0.33266666666666833       -100
0.3330000000000017        -100
0.33333333333333504       -100
0.33366666666666833       -100
0.3340000000000017        -100
0.33433333333333504       -100
0.3346666666666684        -100
0.33500000000000174       -100
0.3353333333333351        -100
0.33566666666666845       -100
0.33600000000000174       -100
0.33633333333333515       -100
0.33666666666666845       -100
0.3370000000000018        -100
0.33733333333333515       -100
0.3376666666666685        -100
0.33800000000000185       -100
0.3383333333333352        -100
0.3386666666666685        -100
0.33900000000000186       -100
0.33933333333333526       -100
0.33966666666666856       -100
0.3400000000000019        -100
0.34033333333333526       -100
0.34066666666666856       -100
0.3410000000000019        -100
0.34133333333333526       -100
0.3416666666666686        -100
0.34200000000000197       -100
0.3423333333333353        -100
0.3426666666666687        -100
0.343000000000002         -100
0.3433333333333354        -100
0.3436666666666687        -100
0.344000000000002         -100
0.3443333333333354        -100
0.34466666666666873       -100
0.3450000000000021        -100
0.34533333333333543       -100
0.34566666666666873       -100
0.3460000000000021        -100
0.3463333333333355        -100
0.3466666666666688        -100
0.34700000000000214       -100
0.3473333333333355        -100
0.34766666666666884       -100
0.3480000000000022        -100
0.34833333333333555       -100
0.3486666666666689        -100
0.3490000000000022        -100
0.34933333333333555       -100
0.3496666666666689        -100
0.35000000000000225       -100
0.3503333333333356        -100
0.3506666666666689        -100
0.35100000000000225       -100
0.3513333333333356        -100
0.35166666666666896       -100
0.3520000000000023        -100
0.3523333333333357        -100
0.352666666666669         -100
0.35300000000000237       -100
0.3533333333333357        -100
0.353666666666669         -100
0.35400000000000237       -100
0.3543333333333357        -100
0.3546666666666691        -100
0.3550000000000024        -100
0.3553333333333358        -100
0.3556666666666691        -100
0.3560000000000024        -100
0.3563333333333358        -100
0.35666666666666913       -100
0.3570000000000025        -100
0.35733333333333583       -100
0.35766666666666913       -100
0.35800000000000254       -100
0.3583333333333359        -100
0.35866666666666924       -100
0.35900000000000254       -100
0.35933333333333595       -100
0.35966666666666924       -100
0.3600000000000026        -100
0.36033333333333595       -100
0.36066666666666924       -100
0.3610000000000026        -100
0.36133333333333595       -100
0.3616666666666693        -100
0.36200000000000265       -100
0.36233333333333606       -100
0.36266666666666936       -100
0.3630000000000027        -100
0.36333333333333606       -100
0.36366666666666936       -100
0.3640000000000027        -100
0.36433333333333606       -100
0.36466666666666936       -100
0.36500000000000277       -100
0.3653333333333361        -100
0.36566666666666947       -100
0.36600000000000277       -100
0.3663333333333362        -100
0.36666666666666947       -100
0.3670000000000028        -100
0.36733333333333623       -100
0.3676666666666696        -100
0.3680000000000029        -100
0.3683333333333363        -100
0.3686666666666696        -100
0.3690000000000029        -100
0.3693333333333363        -100
0.3696666666666696        -100
0.37000000000000294       -100
0.3703333333333363        -100
0.3706666666666696        -100
0.37100000000000294       -100
0.3713333333333363        -100
0.3716666666666696        -100
0.372000000000003         -100
0.37233333333333635       -100
0.3726666666666697        -100
0.37300000000000305       -100
0.3733333333333364        -100
0.3736666666666697        -100
0.37400000000000305       -100
0.37433333333333646       -100
0.3746666666666698        -100
0.3750000000000031        -100
0.3753333333333365        -100
0.3756666666666698        -100
0.3760000000000031        -100
0.3763333333333365        -100
0.3766666666666698        -100
0.37700000000000317       -100
0.3773333333333365        -100
0.37766666666666987       -100
0.3780000000000032        -100
0.3783333333333366        -100
0.37866666666666987       -100
0.3790000000000032        -100
0.3793333333333366        -100
0.3796666666666699        -100
0.3800000000000033        -100
0.38033333333333663       -100
0.38066666666666993       -100
0.3810000000000033        -100
0.3813333333333367        -100
0.38166666666667004       -100
0.38200000000000334       -100
0.38233333333333674       -100
0.38266666666667004       -100
0.3830000000000034        -100
0.38333333333333675       -100
0.38366666666667004       -100
0.3840000000000034        -100
0.38433333333333675       -100
0.3846666666666701        -100
0.38500000000000345       -100
0.3853333333333368        -100
0.3856666666666701        -100
0.38600000000000345       -100
0.3863333333333368        -100
0.38666666666667016       -100
0.3870000000000035        -100
0.38733333333333686       -100
0.38766666666667016       -100
0.38800000000000356       -100
0.3883333333333369        -100
0.38866666666667027       -100
0.38900000000000357       -100
0.389333333333337         -100
0.38966666666667027       -100
0.3900000000000036        -100
0.390333333333337         -100
0.39066666666667027       -100
0.3910000000000036        -100
0.391333333333337         -100
0.3916666666666703        -100
0.3920000000000037        -100
0.3923333333333371        -100
0.3926666666666704        -100
0.39300000000000374       -100
0.3933333333333371        -100
0.3936666666666704        -100
0.39400000000000374       -100
0.3943333333333371        -100
0.3946666666666704        -100
0.3950000000000038        -100
0.39533333333333714       -100
0.3956666666666705        -100
0.3960000000000038        -100
0.3963333333333372        -100
0.3966666666666705        -100
0.39700000000000385       -100
0.39733333333333726       -100
0.3976666666666706        -100
0.3980000000000039        -100
0.3983333333333373        -100
0.3986666666666706        -100
0.3990000000000039        -100
0.3993333333333373        -100
0.3996666666666706        -100
0.40000000000000396       -100
0.4003333333333373        -100
0.4006666666666706        -100
0.40100000000000396       -100
0.4013333333333373        -100
0.4016666666666706        -100
0.402000000000004         -100
0.4023333333333374        -100
0.4026666666666707        -100
0.4030000000000041        -100
0.40333333333333743       -100
0.4036666666666707        -100
0.4040000000000041        -100
0.4043333333333375        -100
0.40466666666667084       -100
0.40500000000000413       -100
0.40533333333333754       -100
0.40566666666667084       -100
0.40600000000000414       -100
0.40633333333333754       -100
0.40666666666667084       -100
0.4070000000000042        -100
0.40733333333333754       -100
0.4076666666666709        -100
0.40800000000000425       -100
0.4083333333333376        -100
0.4086666666666709        -100
0.40900000000000425       -100
0.4093333333333376        -100
0.40966666666667095       -100
0.4100000000000043        -100
0.41033333333333766       -100
0.41066666666667095       -100
0.4110000000000043        -100
0.4113333333333377        -100
0.41166666666667107       -100
0.41200000000000436       -100
0.41233333333333777       -100
0.41266666666667107       -100
0.4130000000000044        -100
0.41333333333333777       -100
0.41366666666667107       -100
0.4140000000000044        -100
0.41433333333333777       -100
0.4146666666666711        -100
0.4150000000000045        -100
0.41533333333333783       -100
0.4156666666666711        -100
0.4160000000000045        -100
0.41633333333333783       -100
0.4166666666666712        -100
0.41700000000000453       -100
0.4173333333333379        -100
0.4176666666666712        -100
0.4180000000000046        -100
0.41833333333333794       -100
0.4186666666666713        -100
0.4190000000000046        -100
0.419333333333338         -100
0.4196666666666713        -100
0.42000000000000465       -100
0.420333333333338         -100
0.4206666666666713        -100
0.42100000000000465       -100
0.421333333333338         -100
0.42166666666667135       -100
0.4220000000000047        -100
0.4223333333333381        -100
0.4226666666666714        -100
0.42300000000000476       -100
0.4233333333333381        -100
0.4236666666666714        -100
0.42400000000000476       -100
0.4243333333333381        -100
0.4246666666666714        -100
0.4250000000000048        -100
0.42533333333333817       -100
0.4256666666666715        -100
0.4260000000000048        -100
0.4263333333333382        -100
0.4266666666666715        -100
0.4270000000000049        -100
0.4273333333333383        -100
0.42766666666667164       -100
0.42800000000000493       -100
0.42833333333333834       -100
0.42866666666667164       -100
0.42900000000000493       -100
0.42933333333333834       -100
0.42966666666667164       -100
0.430000000000005         -100
0.43033333333333834       -100
0.43066666666667164       -100
0.431000000000005         -100
0.43133333333333834       -100
0.43166666666667164       -100
0.43200000000000505       -100
0.4323333333333384        -100
0.43266666666667175       -100
0.4330000000000051        -100
0.43333333333333846       -100
0.43366666666667175       -100
0.4340000000000051        -100
0.43433333333333846       -100
0.43466666666667175       -100
0.4350000000000051        -100
0.43533333333333846       -100
0.43566666666667175       -100
0.4360000000000051        -100
0.43633333333333846       -100
0.43666666666667175       -100
0.43700000000000516       -100
0.4373333333333385        -100
0.43766666666667187       -100
0.4380000000000052        -100
0.43833333333333857       -100
0.43866666666667187       -100
0.4390000000000052        -100
0.4393333333333386        -100
0.439666666666672         -100
0.4400000000000053        -100
0.4403333333333387        -100
0.440666666666672         -100
0.4410000000000053        -100
0.4413333333333387        -100
0.441666666666672         -100
0.44200000000000533       -100
0.4423333333333387        -100
0.44266666666667204       -100
0.4430000000000054        -100
0.44333333333333874       -100
0.44366666666667204       -100
0.4440000000000054        -100
0.44433333333333874       -100
0.4446666666666721        -100
0.44500000000000545       -100
0.4453333333333388        -100
0.4456666666666721        -100
0.44600000000000545       -100
0.44633333333333886       -100
0.4466666666666722        -100
0.4470000000000055        -100
0.4473333333333389        -100
0.4476666666666722        -100
0.44800000000000556       -100
0.4483333333333389        -100
0.4486666666666722        -100
0.44900000000000556       -100
0.4493333333333389        -100
0.44966666666667227       -100
0.4500000000000056        -100
0.45033333333333897       -100
0.45066666666667227       -100
0.4510000000000056        -100
0.45133333333333897       -100
0.4516666666666723        -100
0.4520000000000057        -100
0.452333333333339         -100
0.4526666666666723        -100
0.45300000000000573       -100
0.4533333333333391        -100
0.45366666666667244       -100
0.45400000000000573       -100
0.45433333333333914       -100
0.45466666666667244       -100
0.4550000000000058        -100
0.45533333333333914       -100
0.45566666666667244       -100
0.4560000000000058        -100
0.45633333333333914       -100
0.4566666666666725        -100
0.45700000000000585       -100
0.45733333333333925       -100
0.45766666666667255       -100
0.4580000000000059        -100
0.45833333333333925       -100
0.45866666666667255       -100
0.4590000000000059        -100
0.45933333333333926       -100
0.45966666666667255       -100
0.46000000000000596       -100
0.4603333333333393        -100
0.46066666666667266       -100
0.46100000000000596       -100
0.46133333333333937       -100
0.46166666666667266       -100
0.462000000000006         -100
0.4623333333333394        -100
0.4626666666666728        -100
0.4630000000000061        -100
0.4633333333333395        -100
0.4636666666666728        -100
0.4640000000000061        -100
0.4643333333333395        -100
0.4646666666666728        -100
0.46500000000000613       -100
0.4653333333333395        -100
0.4656666666666728        -100
0.46600000000000613       -100
0.4663333333333395        -100
0.4666666666666728        -100
0.4670000000000062        -100
0.46733333333333954       -100
0.4676666666666729        -100
0.46800000000000624       -100
0.4683333333333396        -100
0.4686666666666729        -100
0.46900000000000625       -100
0.46933333333333965       -100
0.469666666666673         -100
0.4700000000000063        -100
0.4703333333333397        -100
0.470666666666673         -100
0.4710000000000063        -100
0.4713333333333397        -100
0.471666666666673         -100
0.47200000000000636       -100
0.4723333333333397        -100
0.47266666666667306       -100
0.4730000000000064        -100
0.47333333333333977       -100
0.47366666666667306       -100
0.4740000000000064        -100
0.47433333333333977       -100
0.4746666666666731        -100
0.4750000000000065        -100
0.4753333333333398        -100
0.4756666666666731        -100
0.4760000000000065        -100
0.4763333333333399        -100
0.47666666666667323       -100
0.47700000000000653       -100
0.47733333333333994       -100
0.47766666666667323       -100
0.4780000000000066        -100
0.47833333333333994       -100
0.47866666666667324       -100
0.4790000000000066        -100
0.47933333333333994       -100
0.4796666666666733        -100
0.48000000000000664       -100
0.48033333333333994       -100
0.48066666666667324       -100
0.48100000000000664       -100
0.48133333333334005       -100
0.48166666666667335       -100
0.48200000000000665       -100
0.48233333333334005       -100
0.48266666666667335       -100
0.48300000000000676       -100
0.48333333333334005       -100
0.48366666666667346       -100
0.48400000000000676       -100
0.48433333333334017       -100
0.48466666666667346       -100
0.48500000000000676       -100
0.48533333333334017       -100
0.4856666666666736        -100
0.48600000000000687       -100
0.4863333333333403        -100
0.4866666666666736        -100
0.48700000000000687       -100
0.4873333333333403        -100
0.4876666666666736        -100
0.4880000000000069        -100
0.4883333333333403        -100
0.4886666666666736        -100
0.489000000000007         -100
0.4893333333333403        -100
0.4896666666666736        -100
0.490000000000007         -100
0.4903333333333404        -100
0.4906666666666737        -100
0.491000000000007         -100
0.4913333333333404        -100
0.4916666666666737        -100
0.492000000000007         -100
0.4923333333333404        -100
0.4926666666666737        -100
0.4930000000000071        -100
0.4933333333333405        -100
0.4936666666666738        -100
0.4940000000000071        -100
0.4943333333333404        -100
0.4946666666666737        -100
0.4950000000000071        -100
0.4953333333333405        -100
0.4956666666666738        -100
0.4960000000000072        -100
0.4963333333333406        -100
0.4966666666666739        -100
0.4970000000000072        -100
0.4973333333333405        -100
0.4976666666666739        -100
0.4980000000000072        -100
0.4983333333333406        -100
0.4986666666666739        -100
0.4990000000000073        -100
0.49933333333334073       -100
0.49966666666667403       -100
0.5000000000000073        -100
0.5003333333333407        -100
0.500666666666674         -100
0.5010000000000073        -100
0.5013333333333407        -100
0.501666666666674         -100
0.5020000000000073        -100
0.5023333333333407        -100
0.502666666666674         -100
0.5030000000000074        -100
0.5033333333333407        -100
0.503666666666674         -100
0.5040000000000074        -100
0.5043333333333408        -100
0.5046666666666741        -100
0.5050000000000074        -100
0.5053333333333409        -100
0.5056666666666741        -100
0.5060000000000076        -100
0.5063333333333409        -100
0.5066666666666743        -100
0.5070000000000076        -100
0.507333333333341         -100
0.5076666666666743        -100
0.5080000000000076        -100
0.508333333333341         -100
0.5086666666666744        -100
0.5090000000000077        -100
0.5093333333333411        -100
0.5096666666666744        -100
0.5100000000000077        -100
0.5103333333333411        -100
0.5106666666666744        -100
0.5110000000000077        -100
0.511333333333341         -100
0.5116666666666744        -100
0.5120000000000077        -100
0.5123333333333411        -100
0.5126666666666744        -100
0.5130000000000078        -100
0.5133333333333412        -100
0.5136666666666745        -100
0.5140000000000078        -100
0.5143333333333412        -100
0.5146666666666745        -100
0.5150000000000078        -100
0.5153333333333412        -100
0.5156666666666745        -100
0.5160000000000079        -100
0.5163333333333413        -100
0.5166666666666746        -100
0.5170000000000079        -100
0.5173333333333412        -100
0.5176666666666745        -100
0.5180000000000079        -100
0.5183333333333413        -100
0.5186666666666746        -100
0.519000000000008         -100
0.5193333333333414        -100
0.5196666666666747        -100
0.520000000000008         -100
0.5203333333333413        -100
0.5206666666666747        -100
0.521000000000008         -100
0.5213333333333414        -100
0.5216666666666747        -100
0.522000000000008         -100
0.5223333333333414        -100
0.5226666666666748        -100
0.5230000000000081        -100
0.5233333333333415        -100
0.5236666666666748        -100
0.5240000000000081        -100
0.5243333333333415        -100
0.5246666666666748        -100
0.5250000000000081        -100
0.5253333333333415        -100
0.5256666666666748        -100
0.5260000000000082        -100
0.5263333333333415        -100
0.5266666666666748        -100
0.5270000000000082        -100
0.5273333333333416        -100
0.5276666666666749        -100
0.5280000000000082        -100
0.5283333333333416        -100
0.528666666666675         -100
0.5290000000000084        -100
0.5293333333333416        -100
0.5296666666666751        -100
0.5300000000000084        -100
0.5303333333333418        -100
0.5306666666666751        -100
0.5310000000000084        -100
0.5313333333333417        -100
0.531666666666675         -100
0.5320000000000084        -100
0.5323333333333418        -100
0.5326666666666751        -100
0.5330000000000085        -100
0.5333333333333419        -100
0.5336666666666752        -100
0.5340000000000085        -100
0.5343333333333418        -100
0.5346666666666752        -100
0.5350000000000085        -100
0.5353333333333419        -100
0.5356666666666752        -100
0.5360000000000086        -100
0.536333333333342         -100
0.5366666666666753        -100
0.5370000000000086        -100
0.537333333333342         -100
0.5376666666666753        -100
0.5380000000000086        -100
0.538333333333342         -100
0.5386666666666753        -100
0.5390000000000087        -100
0.5393333333333421        -100
0.5396666666666754        -100
0.5400000000000087        -100
0.540333333333342         -100
0.5406666666666753        -100
0.5410000000000087        -100
0.5413333333333421        -100
0.5416666666666754        -100
0.5420000000000087        -100
0.5423333333333421        -100
0.5426666666666754        -100
0.5430000000000088        -100
0.5433333333333421        -100
0.5436666666666755        -100
0.5440000000000088        -100
0.5443333333333422        -100
0.5446666666666755        -100
0.5450000000000088        -100
0.5453333333333422        -100
0.5456666666666756        -100
0.5460000000000089        -100
0.5463333333333423        -100
0.5466666666666756        -100
0.5470000000000089        -100
0.5473333333333423        -100
0.5476666666666756        -100
0.5480000000000089        -100
0.5483333333333423        -100
0.5486666666666756        -100
0.549000000000009         -100
0.5493333333333423        -100
0.5496666666666756        -100
0.550000000000009         -100
0.5503333333333424        -100
0.5506666666666757        -100
0.551000000000009         -100
0.5513333333333424        -100
0.5516666666666757        -100
0.552000000000009         -100
0.5523333333333424        -100
0.5526666666666757        -100
0.5530000000000092        -100
0.5533333333333426        -100
0.5536666666666759        -100
0.5540000000000092        -100
0.5543333333333424        -100
0.5546666666666757        -100
0.5550000000000092        -100
0.5553333333333426        -100
0.5556666666666759        -100
0.5560000000000093        -100
0.5563333333333427        -100
0.556666666666676         -100
0.5570000000000093        -100
0.5573333333333426        -100
0.557666666666676         -100
0.5580000000000093        -100
0.5583333333333427        -100
0.558666666666676         -100
0.5590000000000094        -100
0.5593333333333428        -100
0.5596666666666761        -100
0.5600000000000094        -100
0.5603333333333428        -100
0.5606666666666761        -100
0.5610000000000094        -100
0.5613333333333428        -100
0.5616666666666761        -100
0.5620000000000094        -100
0.5623333333333428        -100
0.5626666666666761        -100
0.5630000000000095        -100
0.5633333333333428        -100
0.5636666666666761        -100
0.5640000000000095        -100
0.5643333333333429        -100
0.5646666666666762        -100
0.5650000000000095        -100
0.5653333333333429        -100
0.5656666666666762        -100
0.5660000000000096        -100
0.5663333333333429        -100
0.5666666666666763        -100
0.5670000000000096        -100
0.567333333333343         -100
0.5676666666666763        -100
0.5680000000000096        -100
0.568333333333343         -100
0.5686666666666764        -100
0.5690000000000097        -100
0.5693333333333431        -100
0.5696666666666764        -100
0.5700000000000097        -100
0.5703333333333431        -100
0.5706666666666764        -100
0.5710000000000097        -100
0.571333333333343         -100
0.5716666666666764        -100
0.5720000000000097        -100
0.5723333333333431        -100
0.5726666666666764        -100
0.5730000000000098        -100
0.5733333333333432        -100
0.5736666666666765        -100
0.5740000000000098        -100
0.5743333333333432        -100
0.5746666666666765        -100
0.5750000000000098        -100
0.5753333333333432        -100
0.5756666666666765        -100
0.57600000000001          -100
0.5763333333333434        -100
0.5766666666666767        -100
0.57700000000001          -100
0.5773333333333432        -100
0.5776666666666765        -100
0.57800000000001          -100
0.5783333333333434        -100
0.5786666666666767        -100
0.5790000000000101        -100
0.57933333333334          -100
0.57966666666667          -100
0.58                      -100
