% Model:              Onedradial_solutes_zeroconc.mph
% Version:            COMSOL 5.5.0.306
% Date:               Apr 20 2020, 16:15
% Dimension:          1
% Nodes:              1741
% Expressions:        1
% Description:        Liniengraph
% R                       Height
0                         -14995.957462997063
3.333333333333348E-4      -13848.53188474642
6.666666666666661E-4      -12928.962141358523
0.0010000000000000009     -12237.248232833374
0.0013333333333333357     -11663.375853972422
0.001666666666666667      -11170.413243160532
0.0020000000000000018     -10758.360400397709
0.0023333333333333366     -10399.153750948533
0.002666666666666668      -10079.322563779317
0.0030000000000000027     -9798.866838890064
0.0033333333333333375     -9547.130177238929
0.0036666666666666688     -9318.005583921064
0.0040000000000000036     -9111.493058936476
0.004333333333333338      -8922.57374901186
0.00466666666666667       -8748.045264609013
0.0050000000000000044     -8587.907605727933
0.005333333333333339      -8439.452426770953
0.0056666666666666705     -8300.821836821124
0.006000000000000005      -8172.015835878448
0.00633333333333334       -8051.428824460073
0.006666666666666671      -7937.900355026439
0.007000000000000006      -7831.430427577549
0.007333333333333341      -7730.999277841881
0.007666666666666672      -7635.84021249623
0.008000000000000004      -7545.953231540602
0.008333333333333342      -7460.655598801956
0.008666666666666677      -7379.417915196261
0.009000000000000011      -7302.2401807235165
0.009333333333333346      -7228.645870422204
0.009666666666666674      -7158.256195831561
0.010000000000000005      -7091.071156951588
0.010333333333333344      -7026.746750006812
0.010666666666666675      -6965.003893036679
0.011000000000000006      -6905.842586041193
0.011333333333333338      -6849.007472361115
0.011666666666666676      -6794.287823726209
0.012000000000000007      -6741.683640136479
0.012333333333333339      -6691.000873937771
0.012666666666666677      -6642.077056256057
0.013000000000000008      -6594.9121870913405
0.013333333333333346      -6549.355832379214
0.013666666666666678      -6505.280462835312
0.014000000000000009      -6462.686078459635
0.01433333333333334       -6421.454028581707
0.014666666666666672      -6381.482635406076
0.015000000000000003      -6342.771898932748
0.015333333333333341      -6305.226819899409
0.015666666666666666      -6268.765213795614
0.016000000000000004      -6233.387080621365
0.016333333333333342      -6199.015345915637
0.016666666666666673      -6165.582771410007
0.017000000000000005      -6133.089357104479
0.017333333333333343      -6101.471834183715
0.017666666666666674      -6070.67459517307
0.018000000000000006      -6040.697640072549
0.018333333333333344      -6011.488486685361
0.018666666666666668      -5983.00069884174
0.019000000000000006      -5955.234276541684
0.019333333333333345      -5928.145274188314
0.019666666666666676      -5901.694574009614
0.020000000000000007      -5875.882176005585
0.020333333333333346      -5850.670968958065
0.02066666666666667       -5826.027738016503
0.021                     -5801.952483180906
0.021333333333333333      -5778.413622287853
0.021666666666666664      -5755.38274839158
0.021999999999999995      -5732.859861492088
0.022333333333333334      -5710.817895167088
0.022666666666666665      -5689.232393506195
0.022999999999999996      -5668.103356509413
0.023333333333333334      -5647.40743803567
0.02366666666666666       -5627.123455639211
0.023999999999999997      -5607.25140932004
0.024333333333333335      -5587.771042366147
0.02466666666666666       -5568.663904835912
0.02499999999999999       -5549.929996729335
0.02533333333333333       -5531.551645742463
0.02566666666666666       -5513.512698710421
0.025999999999999992      -5495.813155633208
0.026333333333333323      -5478.437520818707
0.026666666666666655      -5461.371584034165
0.026999999999999986      -5444.6153452795825
0.027333333333333324      -5428.155153544659
0.02766666666666665       -5411.978451997662
0.027999999999999987      -5396.085240638591
0.028333333333333325      -5380.463440952744
0.02866666666666665       -5365.101910930442
0.028999999999999988      -5350.000650571686
0.029333333333333326      -5335.148929118939
0.02966666666666665       -5320.536821498864
0.02999999999999998       -5306.164327711461
0.030333333333333313      -5292.0218779992165
0.030666666666666644      -5278.100599085071
0.030999999999999975      -5264.400490969027
0.03133333333333331       -5250.912988764799
0.03166666666666664       -5237.630132386362
0.03199999999999997       -5224.551921833718
0.03233333333333331       -5211.670665832505
0.032666666666666636      -5198.979200527282
0.032999999999999974      -5186.477525918052
0.03333333333333331       -5174.158713407406
0.033666666666666636      -5162.016296175074
0.033999999999999975      -5150.050274221057
0.034333333333333306      -5138.254387400853
0.03466666666666663       -5126.622781399361
0.03499999999999996       -5115.155456216586
0.0353333333333333        -5103.8467397557115
0.035666666666666624      -5092.691317849907
0.03599999999999996       -5081.68919049917
0.0363333333333333        -5070.835204737555
0.03666666666666663       -5060.124524346828
0.036999999999999963      -5049.557149326991
0.0373333333333333        -5039.128386526132
0.037666666666666626      -5028.8338239911845
0.037999999999999964      -5018.67346172215
0.038333333333333296      -5008.643015125052
0.03866666666666663       -4998.738450001866
0.03899999999999995       -4988.959766352594
0.03933333333333329       -4979.3030436842455
0.039666666666666614      -4969.764585112989
0.03999999999999995       -4960.344390638826
0.040333333333333284      -4951.038865172395
0.040666666666666615      -4941.844613859186
0.04099999999999994       -4932.761636699198
0.04133333333333328       -4923.786630208959
0.0416666666666666        -4914.91647067652
0.04199999999999994       -4906.15115810188
0.04233333333333327       -4897.487650993177
0.0426666666666666        -4888.923069659939
0.04299999999999993       -4880.457414102164
0.043333333333333265      -4872.087878791622
0.04366666666666659       -4863.811804173581
0.04399999999999993       -4855.629190248043
0.044333333333333266      -4847.537444507164
0.04466666666666659       -4839.53410643604
0.044999999999999915      -4831.619176034672
0.04533333333333325       -4823.790253534663
0.04566666666666658       -4816.045058778515
0.045999999999999916      -4808.383591766226
0.04633333333333324       -4800.803627493371
0.04666666666666658       -4793.30304957145
0.0469999999999999        -4785.881858000462
0.04733333333333324       -4778.537986567012
0.047666666666666566      -4771.269467886029
0.047999999999999904      -4764.076301957513
0.04833333333333324       -4756.956567130595
0.048666666666666566      -4749.908431849192
0.04899999999999989       -4742.931896113305
0.04933333333333323       -4736.025170130057
0.049666666666666553      -4729.186546390664
0.04999999999999989       -4722.416024895128
0.050333333333333216      -4715.711936339291
0.050666666666666554      -4709.072686702212
0.05099999999999988       -4702.498275983898
0.05133333333333322       -4695.9871451722565
0.05166666666666654       -4689.53780425023
0.05199999999999988       -4683.150253217818
0.05233333333333322       -4676.82303419099
0.05266666666666654       -4670.554752621238
0.05299999999999987       -4664.345408508564
0.053333333333333205      -4658.193636844471
0.05366666666666653       -4652.098130852241
0.05399999999999987       -4646.058890531876
0.05433333333333319       -4640.074636304295
0.05466666666666653       -4634.144142211028
0.054999999999999855      -4628.267408252077
0.05533333333333319       -4622.443233546773
0.05566666666666652       -4616.670466661301
0.05599999999999984       -4610.949107595662
0.05633333333333318       -4605.278028071953
0.05666666666666652       -4599.6561454748135
0.05699999999999984       -4594.083459804246
0.05733333333333318       -4588.55890985546
0.057666666666666505      -4583.081476648989
0.05799999999999983       -4577.651160184836
0.05833333333333317       -4572.266961306486
0.05866666666666649       -4566.927919955867
0.05899999999999983       -4561.6340361329785
0.05933333333333317       -4556.384368156282
0.05966666666666649       -4551.178010593486
0.05999999999999982       -4546.014963444593
0.060333333333333156      -4540.89433833401
0.060666666666666494      -4535.815280535348
0.06099999999999982       -4530.777790048612
0.061333333333333157      -4525.781027997972
0.06166666666666648       -4520.824186780605
0.061999999999999805      -4515.907266396509
0.062333333333333144      -4511.02947398975
0.06266666666666647       -4506.190045802464
0.0629999999999998        -4501.388981834654
0.06333333333333314       -4496.625532063945
0.06366666666666647       -4491.898973572763
0.0639999999999998        -4487.209306361112
0.06433333333333313       -4482.555820318822
0.06466666666666647       -4477.937830611285
0.0649999999999998        -4473.355337238501
0.06533333333333313       -4468.807667320364
0.06566666666666646       -4464.294171571447
0.06599999999999978       -4459.814849991754
0.06633333333333312       -4455.369064465767
0.06666666666666644       -4450.956198926004
0.06699999999999978       -4446.576253372464
0.06733333333333312       -4442.228622184864
0.06766666666666644       -4437.91272036618
0.06799999999999977       -4433.6285479164135
0.06833333333333311       -4429.375529619234
0.06866666666666645       -4425.153109567447
0.06899999999999977       -4420.961287761054
0.06933333333333311       -4416.799517458153
0.06966666666666643       -4412.667270012584
0.06999999999999976       -4408.5645454243495
0.0703333333333331        -4404.49082364373
0.07066666666666642       -4400.445601595045
0.07099999999999976       -4396.428879278298
0.0713333333333331        -4392.440161687834
0.07166666666666642       -4388.478969753993
0.07199999999999974       -4384.545303476778
0.07233333333333308       -4380.638691368914
0.07266666666666642       -4376.758676917472
0.07299999999999976       -4372.905260122456
0.0733333333333331        -4369.077991601118
0.07366666666666642       -4365.276436053213
0.07399999999999975       -4361.50059347874
0.0743333333333331        -4357.750035287908
0.07466666666666642       -4354.024346145505
0.07499999999999976       -4350.323526051535
0.0753333333333331        -4346.647165991321
0.07566666666666642       -4342.994869435344
0.07599999999999976       -4339.366636383607
0.0763333333333331        -4335.762076264458
0.07666666666666642       -4332.18081027587
0.07699999999999976       -4328.622838417843
0.0773333333333331        -4325.087787508553
0.07766666666666643       -4321.575295469634
0.07799999999999976       -4318.085362301082
0.0783333333333331        -4314.617631230105
0.07866666666666643       -4311.171755966683
0.07899999999999975       -4307.747736510821
0.0793333333333331        -4304.345231584603
0.07966666666666643       -4300.963909813987
0.07999999999999977       -4297.603771198976
0.08033333333333312       -4294.26448910381
0.08066666666666646       -4290.945746256142
0.08099999999999978       -4287.647542655975
0.08133333333333312       -4284.369565513405
0.08166666666666643       -4281.111510897113
0.08199999999999977       -4277.873378807093
0.0823333333333331        -4274.6548695552765
0.08266666666666643       -4271.455691840112
0.08299999999999978       -4268.275845661599
0.0833333333333331        -4265.115043737626
0.08366666666666643       -4261.973006730872
0.08399999999999977       -4258.849734641336
0.08433333333333311       -4255.744951941557
0.08466666666666645       -4252.65839063517
0.08499999999999978       -4249.590050722174
0.08533333333333312       -4246.539667819721
0.08566666666666645       -4243.506984688315
0.08599999999999978       -4240.492001327958
0.08633333333333312       -4237.494463928421
0.08666666666666646       -4234.514125459291
0.08699999999999979       -4231.550985920569
0.08733333333333314       -4228.604801538217
0.08766666666666646       -4225.67533497668
0.08799999999999979       -4222.762586235957
0.08833333333333312       -4219.866321074525
0.08866666666666645       -4216.986311368793
0.08899999999999979       -4214.1225571187615
0.08933333333333313       -4211.274833142214
0.08966666666666646       -4208.442920073618
0.08999999999999979       -4205.626817912973
0.09033333333333314       -4202.826310092595
0.09066666666666647       -4200.041185578042
0.09099999999999979       -4197.271444369313
0.09133333333333313       -4194.51687809482
0.09166666666666645       -4191.777283649411
0.09199999999999979       -4189.052661033093
0.09233333333333313       -4186.34280967636
0.09266666666666647       -4183.647534024999
0.09299999999999979       -4180.966834079011
0.09333333333333314       -4178.300516699918
0.09366666666666647       -4175.648393527809
0.09399999999999979       -4173.010464562685
0.09433333333333313       -4170.386543747348
0.09466666666666645       -4167.776449579906
0.09499999999999979       -4165.180182060362
0.09533333333333313       -4162.597561882863
0.09566666666666647       -4160.0284140862705
0.09599999999999981       -4157.472738670586
0.09633333333333315       -4154.930362770017
0.09666666666666647       -4152.4011176645645
0.0969999999999998        -4149.885003354228
0.09733333333333315       -4147.381853119246
0.09766666666666647       -4144.891504197826
0.09799999999999981       -4142.41395658997
0.09833333333333315       -4139.949049444188
0.09866666666666647       -4137.496625689347
0.0989999999999998        -4135.056685325448
0.09933333333333315       -4132.629073106671
0.09966666666666647       -4130.213637399566
0.09999999999999981       -4127.810378204137
0.10033333333333315       -4125.419145631808
0.10066666666666647       -4123.039793247433
0.10099999999999981       -4120.672321051016
0.10133333333333315       -4118.316584276132
0.10166666666666647       -4115.972441459266
0.10199999999999981       -4113.639892600419
0.10233333333333315       -4111.318797832635
0.10266666666666648       -4109.009020449355
0.10299999999999981       -4106.7105604505805
0.10333333333333315       -4104.423282657924
0.10366666666666648       -4102.147054918228
0.1039999999999998        -4099.881877231495
0.10433333333333314       -4097.627618907925
0.10466666666666648       -4095.38415215481
0.10499999999999982       -4093.15147697215
0.10533333333333315       -4090.929466969072
0.10566666666666648       -4088.7179985302378
0.10599999999999983       -4086.5170716556486
0.10633333333333318       -4084.326564073382
0.10666666666666651       -4082.146356171661
0.10699999999999983       -4079.976447950487
0.10733333333333318       -4077.816721086064
0.10766666666666651       -4075.667059805121
0.10799999999999983       -4073.52746410766
0.10833333333333318       -4071.397819455701
0.10866666666666648       -4069.2780137576756
0.10899999999999983       -4067.168047013586
0.10933333333333319       -4065.067808317053
0.10966666666666651       -4062.9771891091304
0.10999999999999983       -4060.8961893898177
0.11033333333333319       -4058.824701737737
0.11066666666666651       -4056.7626209847917
0.11099999999999983       -4054.709947130982
0.11133333333333319       -4052.666576100461
0.11166666666666648       -4050.6324059811045
0.11199999999999984       -4048.6074367729116
0.11233333333333319       -4046.5915676128675
0.11266666666666651       -4044.584699716412
0.11299999999999984       -4042.586833083548
0.11333333333333319       -4040.597869937773
0.11366666666666651       -4038.617714499819
0.11399999999999984       -4036.6463667696867
0.11433333333333319       -4034.683731937062
0.11466666666666649       -4032.7297171114924
0.11499999999999984       -4030.7843222929796
0.11533333333333319       -4028.8474555227294
0.11566666666666651       -4026.9190266881114
0.11599999999999984       -4024.999035789127
0.11633333333333319       -4023.0873936092225
0.11666666666666652       -4021.1840127077253
0.11699999999999984       -4019.288893084635
0.11733333333333319       -4017.4019481614387
0.11766666666666649       -4015.523093068438
0.11799999999999984       -4013.6523278056343
0.1183333333333332        -4011.7895683331412
0.11866666666666652       -4009.9347322558774
0.11899999999999984       -4008.0878195738464
0.1193333333333332        -4006.248748690933
0.11966666666666652       -4004.4174395946816
0.11999999999999984       -4002.5938922850924
0.1203333333333332        -4000.7780275191917
0.12066666666666649       -3998.9697675793636
0.12099999999999984       -3997.169112465608
0.1213333333333332        -3995.3759852015664
0.12166666666666652       -3993.590310280529
0.12199999999999984       -3991.812087702497
0.1223333333333332        -3990.0412426750786
0.12266666666666652       -3988.277701822262
0.12299999999999985       -3986.5214651440488
0.1233333333333332        -3984.7724599529797
0.12366666666666655       -3983.0306149270777
0.12399999999999987       -3981.295930066344
0.1243333333333332        -3979.5683347127306
0.12466666666666652       -3977.847759524925
0.12499999999999985       -3976.134204502929
0.12533333333333319       -3974.4276009458495
0.1256666666666665        -3972.7278814228857
0.12599999999999983       -3971.0350459340393
0.1263333333333332        -3969.349027666387
0.12666666666666648       -3967.6697610325177
0.12699999999999984       -3965.997246032433
0.1273333333333332        -3964.3314176749827
0.1276666666666665        -3962.6722121518605
0.12799999999999986       -3961.019629463066
0.1283333333333332        -3959.3736063758793
0.12866666666666654       -3957.7340807994833
0.12899999999999986       -3956.1010527338794
0.1293333333333332        -3954.474460644055
0.1296666666666665        -3952.8542440977376
0.12999999999999984       -3951.240403094928
0.1303333333333332        -3949.6328777401363
0.13066666666666651       -3948.0316092030835
0.13099999999999984       -3946.436597483773
0.1313333333333332        -3944.847784270521
0.13166666666666652       -3943.265112280824
0.13199999999999987       -3941.688581514682
0.1323333333333332        -3940.11813519078
0.13266666666666654       -3938.5537175224144
0.13299999999999987       -3936.9953285095876
0.13333333333333322       -3935.4429128500487
0.13366666666666654       -3933.896416203065
0.13399999999999987       -3932.3558385686383
0.1343333333333332        -3930.821126074413
0.13466666666666652       -3929.292225777766
0.13499999999999984       -3927.7691376786966
0.1353333333333332        -3926.2518092875503
0.1356666666666665        -3924.740189013889
0.13599999999999984       -3923.234276857714
0.1363333333333332        -3921.734021666754
0.13666666666666652       -3920.2393731586617
0.13699999999999987       -3918.75033133344
0.1373333333333332        -3917.266846332695
0.13766666666666655       -3915.7888691398184
0.13799999999999987       -3914.3163997548095
0.13833333333333322       -3912.8493895713586
0.13866666666666655       -3911.3877907979136
0.13899999999999987       -3909.931603434475
0.1393333333333332        -3908.480780086669
0.13966666666666652       -3907.0352741488773
0.13999999999999985       -3905.5950856210998
0.1403333333333332        -3904.160168282308
0.14066666666666652       -3902.730476675243
0.14099999999999988       -3901.3060107999067
0.14133333333333323       -3899.8867255714945
0.14166666666666655       -3898.472576644978
0.14199999999999988       -3897.063564020357
0.14233333333333323       -3895.659643713375
0.14266666666666655       -3894.260772456464
0.14299999999999988       -3892.8669502496264
0.1433333333333332        -3891.47813417483
0.14366666666666655       -3890.0942820085256
0.14399999999999988       -3888.715393750716
0.14433333333333323       -3887.3414275165846
0.14466666666666655       -3885.9723420944047
0.14499999999999988       -3884.6081374841774
0.14533333333333323       -3883.248772802531
0.14566666666666656       -3881.8942078185833
0.14599999999999988       -3880.5444425323367
0.1463333333333332        -3879.1994370312477
0.14666666666666656       -3877.8591520354607
0.14699999999999988       -3876.523587544975
0.14733333333333323       -3875.1927045886255
0.14766666666666656       -3873.866464808849
0.14799999999999988       -3872.5448682056467
0.14833333333333323       -3871.2278767208754
0.14866666666666656       -3869.915452891564
0.1489999999999999        -3868.6075967177153
0.14933333333333326       -3867.3042710268637
0.14966666666666656       -3866.005439223989
0.14999999999999988       -3864.7111013090903
0.15033333333333324       -3863.42122096903
0.15066666666666656       -3862.1357624510256
0.15099999999999988       -3860.854725755079
0.15133333333333324       -3859.57807540199
0.15166666666666656       -3858.305776456461
0.15199999999999989       -3857.037828918492
0.15233333333333324       -3855.774198118322
0.15266666666666656       -3854.5148499142256
0.1529999999999999        -3853.259784306202
0.15333333333333327       -3852.008967410362
0.1536666666666666        -3850.7623658554994
0.15399999999999991       -3849.5199796416136
0.15433333333333324       -3848.2817756478885
0.15466666666666656       -3847.0477212514243
0.1549999999999999        -3845.817816452222
0.1553333333333332        -3844.5920288705497
0.15566666666666656       -3843.3703266103644
0.1559999999999999        -3842.152709671666
0.15633333333333324       -3840.939146394637
0.15666666666666657       -3839.729605589373
0.15699999999999992       -3838.5240872558734
0.15733333333333327       -3837.3225604337576
0.15766666666666657       -3836.1249946192647
0.15799999999999992       -3834.9313898123937
0.15833333333333327       -3833.7417157324417
0.1586666666666666        -3832.555942542498
0.15899999999999992       -3831.3740702425634
0.15933333333333327       -3830.1960692125394
0.15966666666666657       -3829.021910263721
0.1599999999999999        -3827.8515933961094
0.16033333333333324       -3826.6850896317615
0.16066666666666657       -3825.522370412177
0.16099999999999992       -3824.3634357373585
0.16133333333333327       -3823.2082572537197
0.1616666666666666        -3822.056807015558
0.16199999999999992       -3820.9090850228754
0.16233333333333327       -3819.7650635292393
0.1626666666666666        -3818.6247151849293
0.16299999999999992       -3817.4880399899453
0.16333333333333327       -3816.3550107883807
0.16366666666666657       -3815.2256008102377
0.16399999999999992       -3814.0998100555184
0.16433333333333328       -3812.9776119427706
0.1646666666666666        -3811.858980265992
0.16499999999999992       -3810.743915025185
0.16533333333333328       -3809.6323901977935
0.1656666666666666        -3808.524380126632
0.16599999999999993       -3807.4198848117016
0.16633333333333328       -3806.318878774326
0.16666666666666657       -3805.221336891413
0.16699999999999993       -3804.127259162965
0.16733333333333328       -3803.036620639626
0.1676666666666666        -3801.9493967181875
0.16799999999999993       -3800.865587398651
0.16833333333333328       -3799.78516824693
0.16866666666666658       -3798.7081151659286
0.16899999999999993       -3797.6344281556485
0.16933333333333328       -3796.5640832836557
0.16966666666666658       -3795.4970569456373
0.16999999999999993       -3794.4333491415955
0.17033333333333328       -3793.372936427575
0.1706666666666666        -3792.3157956791606
0.17099999999999993       -3791.2619268963517
0.17133333333333328       -3790.211307110919
0.17166666666666658       -3789.163913665846
0.17199999999999993       -3788.1197465611344
0.17233333333333328       -3787.0787832919204
0.17266666666666658       -3786.041001656523
0.17299999999999993       -3785.0064016549422
0.17333333333333328       -3783.9749612337127
0.1736666666666666        -3782.9466586347685
0.17399999999999996       -3781.9214938581094
0.17433333333333328       -3780.899445290088
0.17466666666666658       -3779.8804916049176
0.17499999999999993       -3778.864632802601
0.17533333333333329       -3777.851847698072
0.17566666666666658       -3776.8421153868344
0.17599999999999993       -3775.8354358688885
0.1763333333333333        -3774.831788376892
0.1766666666666666        -3773.831152416975
0.17699999999999994       -3772.8335279891367
0.1773333333333333        -3771.8388947332064
0.17766666666666664       -3770.8472325556427
0.17799999999999996       -3769.8585414564454
0.17833333333333332       -3768.8728014723893
0.17866666666666664       -3767.88999290024
0.17899999999999996       -3766.9101157399978
0.17933333333333332       -3765.9331504154966
0.17966666666666664       -3764.959077604096
0.17999999999999994       -3763.987897305796
0.1803333333333333        -3763.019590321885
0.1806666666666666        -3762.0541377009104
0.18099999999999994       -3761.0915394428735
0.1813333333333333        -3760.131776717214
0.1816666666666666        -3759.1748309345267
0.18199999999999994       -3758.2207020948135
0.1823333333333333        -3757.2693717266156
0.18266666666666662       -3756.320821593753
0.18299999999999997       -3755.3750516962277
0.1833333333333333        -3754.4320439128833
0.18366666666666664       -3753.491780352187
0.18399999999999997       -3752.5542610141415
0.1843333333333333        -3751.6194681194343
0.18466666666666662       -3750.687384112796
0.18499999999999994       -3749.758008994225
0.1853333333333333        -3748.8313253179967
0.18566666666666662       -3747.907315857043
0.18599999999999994       -3746.9859806113636
0.1863333333333333        -3746.0673024607936
0.18666666666666665       -3745.1512644986037
0.18699999999999997       -3744.2378667247935
0.18733333333333332       -3743.327092336989
0.18766666666666665       -3742.4189247411814
0.18799999999999997       -3741.5133639373707
0.18833333333333332       -3740.610393433416
0.18866666666666665       -3739.7099969406236
0.18899999999999997       -3738.812174458994
0.1893333333333333        -3737.9169097992985
0.1896666666666666        -3737.0241869709603
0.18999999999999995       -3736.1340059739796
0.1903333333333333        -3735.246350914907
0.19066666666666665       -3734.361206094315
0.19099999999999998       -3733.478571512204
0.19133333333333333       -3732.5984315639757
0.19166666666666665       -3731.720770834558
0.19199999999999998       -3730.845589323953
0.1923333333333333        -3729.972871709728
0.19266666666666665       -3729.1026028545575
0.19299999999999998       -3728.234782758443
0.19333333333333333       -3727.3693963745545
0.19366666666666665       -3726.506428836932
0.19399999999999998       -3725.6458801455765
0.19433333333333333       -3724.787735522931
0.19466666666666665       -3723.9319803681565
0.19499999999999998       -3723.0786146812547
0.1953333333333333        -3722.227623947763
0.19566666666666666       -3721.3789938259238
0.19599999999999998       -3720.53272431574
0.19633333333333333       -3719.6888011598517
0.19666666666666666       -3718.847210269684
0.19699999999999998       -3718.0079516452374
0.19733333333333333       -3717.171011280437
0.19766666666666666       -3716.3363753341746
0.19799999999999998       -3715.504043806451
0.19833333333333333       -3714.674002936792
0.19866666666666666       -3713.846239125982
0.199                     -3713.020752374022
0.19933333333333336       -3712.197529160553
0.19966666666666666       -3711.376556122839
0.19999999999999998       -3710.557833260877
0.20033333333333334       -3709.7413472890357
0.20066666666666666       -3708.927085075811
0.20099999999999998       -3708.115046621206
0.2013333333333333        -3707.3052188690667
0.20166666666666666       -3706.49758891403
0.20199999999999999       -3705.6921567560967
0.20233333333333334       -3704.8889095635454
0.20266666666666666       -3704.087834652121
0.203                     -3703.2889320218237
0.20333333333333337       -3702.4921890604555
0.20366666666666666       -3701.6975933000217
0.20400000000000001       -3700.9051447405227
0.20433333333333337       -3700.1148309844402
0.20466666666666666       -3699.326639775333
0.205                     -3698.540571113204
0.20533333333333334       -3697.7566128105586
0.20566666666666666       -3696.974752817909
0.206                     -3696.1949911352567
0.20633333333333337       -3695.4173157805576
0.20666666666666667       -3694.6417149068116
0.20700000000000002       -3693.8681885140204
0.20733333333333337       -3693.0967248211728
0.2076666666666667        -3692.3273121794
0.20800000000000002       -3691.559950588703
0.20833333333333337       -3690.794628464762
0.20866666666666667       -3690.031334352601
0.20900000000000002       -3689.2700682522204
0.20933333333333334       -3688.510818771821
0.20966666666666667       -3687.753574646178
0.21                      -3686.9983358752925
0.21033333333333332       -3686.2450912557615
0.21066666666666667       -3685.4938297081035
0.211                     -3684.744551232321
0.21133333333333335       -3683.997244809432
0.21166666666666667       -3683.251899541766
0.21200000000000002       -3682.5085154293242
0.21233333333333337       -3681.76708163368
0.21266666666666667       -3681.027587435139
0.21300000000000002       -3680.290032833703
0.21333333333333337       -3679.5544071676895
0.2136666666666667        -3678.820699891697
0.21400000000000002       -3678.088911005727
0.21433333333333338       -3677.3590300211495
0.21466666666666667       -3676.631046563212
0.215                     -3675.9049606319163
0.21533333333333338       -3675.180761908108
0.21566666666666667       -3674.458440184137
0.21600000000000003       -3673.737995460005
0.21633333333333338       -3673.0194175825286
0.2166666666666667        -3672.3026965077283
0.21700000000000003       -3671.5878322356057
0.21733333333333338       -3670.874814775517
0.21766666666666667       -3670.163634243803
0.21800000000000003       -3669.4542906404636
0.21833333333333335       -3668.746774134067
0.21866666666666668       -3668.04107499799
0.219                     -3667.337193232232
0.21933333333333335       -3666.6351191613458
0.21966666666666668       -3665.934843212545
0.22000000000000003       -3665.23636538583
0.22033333333333338       -3664.5396761585516
0.22066666666666668       -3663.844766108658
0.22100000000000003       -3663.151635236149
0.22133333333333338       -3662.4602741680974
0.22166666666666668       -3661.7706736301443
0.22200000000000003       -3661.082833622288
0.22233333333333338       -3660.396744918308
0.2226666666666667        -3659.712398388571
0.22300000000000003       -3659.0297940330793
0.22333333333333338       -3658.348922769376
0.22366666666666668       -3657.6697756096833
0.22400000000000003       -3656.992352554002
0.22433333333333338       -3656.3166446607706
0.22466666666666668       -3655.6426430812326
0.22500000000000003       -3654.9703478153892
0.22533333333333339       -3654.2997500597835
0.2256666666666667        -3653.6308411019386
0.22600000000000003       -3652.9636209418545
0.2263333333333334        -3652.2980809114442
0.22666666666666668       -3651.6342124318257
0.22700000000000004       -3650.972015502999
0.2273333333333334        -3650.3114815895906
0.22766666666666674       -3649.65260224368
0.22800000000000006       -3648.9953774652695
0.22833333333333342       -3648.3397988491
0.22866666666666674       -3647.6858580756752
0.22900000000000004       -3647.0335551449944
0.2293333333333334        -3646.3828817793665
0.22966666666666669       -3645.733829785206
0.23000000000000004       -3645.086399162514
0.2303333333333334        -3644.440581758714
0.2306666666666667        -3643.796369503693
0.23100000000000004       -3643.1537623974505
0.2313333333333334        -3642.512752410086
0.2316666666666667        -3641.8733315925947
0.23200000000000004       -3641.2354999449776
0.2323333333333334        -3640.599249557662
0.2326666666666667        -3639.964572600403
0.23300000000000004       -3639.331469073202
0.2333333333333334        -3638.699931184505
0.2336666666666667        -3638.069951220583
0.23400000000000004       -3637.441529181437
0.2343333333333334        -3636.814657391265
0.2346666666666667        -3636.1893282506344
0.23500000000000004       -3635.565541759547
0.2353333333333334        -3634.943290355782
0.2356666666666667        -3634.3225665520104
0.23600000000000004       -3633.7033703482334
0.2363333333333334        -3633.0856942936534
0.2366666666666667        -3632.469531010966
0.23700000000000004       -3631.854880500172
0.2373333333333334        -3631.241735419774
0.23766666666666675       -3630.630088500418
0.2380000000000001        -3630.019939742104
0.2383333333333334        -3629.411281910613
0.2386666666666667        -3628.8041078425117
0.23900000000000005       -3628.198417537802
0.2393333333333334        -3627.59420386753
0.2396666666666667        -3626.991459772214
0.24000000000000005       -3626.390185251855
0.2403333333333334        -3625.7903732808086
0.2406666666666667        -3625.1920169016194
0.24100000000000005       -3624.595116114289
0.2413333333333334        -3623.9996639945807
0.2416666666666667        -3623.405653685165
0.24200000000000005       -3622.813085186043
0.2423333333333334        -3622.2219516725017
0.24266666666666675       -3621.6322463855163
0.2430000000000001        -3621.043969325088
0.2433333333333334        -3620.457113764208
0.24366666666666675       -3619.871673040349
0.24400000000000005       -3619.2876471535114
0.2443333333333334        -3618.705029472594
0.24466666666666675       -3618.123813429813
0.2450000000000001        -3617.5439990251675
0.24533333333333346       -3616.9655797217088
0.24566666666666676       -3616.3885490446846
0.24600000000000005       -3615.8129069940956
0.2463333333333334        -3615.238647125449
0.2466666666666667        -3614.665763055322
0.24700000000000005       -3614.094254783714
0.2473333333333334        -3613.5241159569323
0.24766666666666676       -3612.955340281234
0.2480000000000001        -3612.3879277566207
0.24833333333333346       -3611.8218721185503
0.24866666666666676       -3611.257167161366
0.24900000000000005       -3610.6938128850693
0.2493333333333334        -3610.131803112666
0.24966666666666676       -3609.5711317250148
0.2500000000000001        -3609.0117987221165
0.25033333333333346       -3608.453798012974
0.2506666666666668        -3607.897123563406
0.2510000000000001        -3607.3417753734134
0.25133333333333346       -3606.7877474364686
0.25166666666666676       -3606.2350338018514
0.25200000000000006       -3605.6836344695635
0.2523333333333334        -3605.133543516044
0.25266666666666676       -3604.584755072568
0.2530000000000001        -3604.037269139135
0.2533333333333334        -3603.4910798736832
0.2536666666666667        -3602.9461814880356
0.25400000000000006       -3602.402573982193
0.2543333333333334        -3601.8602515941807
0.25466666666666676       -3601.3192086149506
0.2550000000000001        -3600.7794450445044
0.25533333333333347       -3600.240955199534
0.25566666666666676       -3599.703733448755
0.2560000000000001        -3599.1677797921675
0.2563333333333334        -3598.633088623767
0.2566666666666667        -3598.0996543886763
0.25700000000000006       -3597.5674770868986
0.2573333333333334        -3597.036551188396
0.25766666666666677       -3596.5068712133607
0.2580000000000001        -3595.978437161794
0.2583333333333334        -3595.4512435783176
0.25866666666666677       -3594.925285056912
0.25900000000000006       -3594.400561597576
0.2593333333333334        -3593.8770678183
0.25966666666666677       -3593.354798385581
0.2600000000000001        -3592.8337532994215
0.26033333333333347       -3592.3139272499034
0.26066666666666677       -3591.7953149748187
0.2610000000000001        -3591.2779164741687
0.2613333333333334        -3590.76172650892
0.26166666666666677       -3590.2467398869157
0.26200000000000007       -3589.7329566081553
0.2623333333333334        -3589.2203715032833
0.26266666666666677       -3588.7089794490216
0.2630000000000001        -3588.198780445372
0.2633333333333335        -3587.6897693914407
0.26366666666666677       -3587.181941231684
0.2640000000000001        -3586.6752959661044
0.2643333333333335        -3586.1698285611533
0.26466666666666677       -3585.6655340278317
0.2650000000000001        -3585.1624123661413
0.2653333333333335        -3584.660458608736
0.26566666666666683       -3584.1596678320902
0.2660000000000001        -3583.6600400362036
0.2663333333333335        -3583.161570318806
0.2666666666666668        -3582.664253820733
0.26700000000000007       -3582.1680905419853
0.2673333333333334        -3581.6730756443017
0.2676666666666668        -3581.179204331803
0.2680000000000001        -3580.6864766044914
0.2683333333333335        -3580.194887687044
0.26866666666666683       -3579.704432845822
0.26900000000000013       -3579.2151120808276
0.2693333333333335        -3578.726920678625
0.2696666666666668        -3578.239853966798
0.27000000000000013       -3577.753911945347
0.2703333333333335        -3577.269089961714
0.2706666666666668        -3576.7853834036787
0.27100000000000013       -3576.302792271243
0.2713333333333335        -3575.8213119717257
0.27166666666666683       -3575.3409379521136
0.27200000000000013       -3574.8616702124086
0.2723333333333335        -3574.3835042188334
0.2726666666666668        -3573.906435476621
0.27300000000000013       -3573.4304639857737
0.2733333333333335        -3572.955585270447
0.2736666666666668        -3572.481794893162
0.27400000000000013       -3572.0090928539203
0.2743333333333335        -3571.5374747338765
0.27466666666666684       -3571.0669361519267
0.27500000000000013       -3570.5974771080732
0.2753333333333335        -3570.1290932395277
0.2756666666666668        -3569.661780220651
0.27600000000000013       -3569.195538051443
0.2763333333333335        -3568.7303624242772
0.2766666666666668        -3568.266249068079
0.27700000000000014       -3567.80319798285
0.2773333333333335        -3567.3412049152407
0.27766666666666684       -3566.880265647873
0.27800000000000014       -3566.4203801807475
0.2783333333333335        -3565.9615443139005
0.2786666666666668        -3565.5037538828074
0.27900000000000014       -3565.047008887469
0.2793333333333335        -3564.591305180479
0.27966666666666684       -3564.136638649287
0.2800000000000002        -3563.6830092938935
0.28033333333333355       -3563.2304130186276
0.28066666666666684       -3562.7788457620964
0.28100000000000014       -3562.3283075243003
0.2813333333333335        -3561.878794260463
0.2816666666666668        -3561.4303019595586
0.28200000000000014       -3560.9828306215877
0.2823333333333335        -3560.5363762518546
0.2826666666666668        -3560.090934888911
0.28300000000000014       -3559.646506532757
0.2833333333333335        -3559.2030872380014
0.28366666666666684       -3558.760673091978
0.28400000000000014       -3558.3192640946877
0.28433333333333355       -3557.878856349281
0.28466666666666685       -3557.4394459911123
0.2850000000000002        -3557.001033020183
0.28533333333333355       -3556.563613587419
0.28566666666666685       -3556.1271838754465
0.28600000000000014       -3555.691743884267
0.2863333333333335        -3555.2572898118415
0.28666666666666685       -3554.8238178873403
0.28700000000000014       -3554.391328110763
0.2873333333333335        -3553.9598167263766
0.2876666666666668        -3553.529280009168
0.28800000000000014       -3553.0997179591373
0.2883333333333335        -3552.6711268661356
0.2886666666666668        -3552.243503050275
0.28900000000000015       -3551.8168465115564
0.2893333333333335        -3551.3911535847005
0.28966666666666685       -3550.966420634255
0.2900000000000002        -3550.5426476602197
0.29033333333333355       -3550.119831041517
0.29066666666666685       -3549.697967186426
0.2910000000000002        -3549.277056094948
0.29133333333333356       -3548.8570941895273
0.2916666666666669        -3548.438077921524
0.29200000000000026       -3548.0200072909383
0.29233333333333367       -3547.6028787630685
0.29266666666666696       -3547.1866888316968
0.2930000000000003        -3546.771437496823
0.29333333333333367       -3546.357121265957
0.29366666666666696       -3545.9437366746547
0.2940000000000003        -3545.5312837229185
0.29433333333333367       -3545.1197589598296
0.294666666666667         -3544.7091589620827
0.2950000000000004        -3544.299483729678
0.2953333333333337        -3543.8907298526524
0.2956666666666671        -3543.482893948226
0.2960000000000004        -3543.0759760164
0.2963333333333337        -3542.669972687531
0.2966666666666671        -3542.2648806187635
0.29700000000000043       -3541.860699810098
0.2973333333333338        -3541.4574269316095
0.29766666666666713       -3541.0550586797785
0.2980000000000005        -3540.653595054604
0.29833333333333384       -3540.2530327652917
0.2986666666666672        -3539.853368547054
0.2990000000000005        -3539.4546023998932
0.2993333333333339        -3539.0567310715683
0.2996666666666672        -3538.659751335449
0.30000000000000054       -3538.2636631915384
0.3003333333333339        -3537.8684634255746
0.3006666666666672        -3537.4741488485365
0.30100000000000054       -3537.0807194604236
0.3013333333333339        -3536.6881720843803
0.30166666666666725       -3536.2965035684438
0.3020000000000006        -3535.9057139126153
0.302333333333334         -3535.515799976896
0.3026666666666673        -3535.126758645825
0.30300000000000066       -3534.7385899194023
0.303333333333334         -3534.3512906939673
0.3036666666666673        -3533.964857890021
0.30400000000000066       -3533.5792915075644
0.304333333333334         -3533.194588478736
0.30466666666666736       -3532.810745759471
0.3050000000000007        -3532.427763349771
0.30533333333333407       -3532.045638217048
0.3056666666666674        -3531.6643673521735
0.3060000000000007        -3531.283950755149
0.3063333333333341        -3530.904385428133
0.3066666666666674        -3530.5256683964335
0.3070000000000008        -3530.1477996600497
0.3073333333333341        -3529.770776255407
0.3076666666666675        -3529.394595241725
0.30800000000000083       -3529.0192566190035
0.3083333333333342        -3528.6447574574404
0.3086666666666675        -3528.271094849685
0.30900000000000083       -3527.8982687957396
0.30933333333333424       -3527.5262763990822
0.30966666666666753       -3527.155114785321
0.3100000000000009        -3526.784783954456
0.31033333333333424       -3526.415281042763
0.31066666666666753       -3526.0466032083523
0.3110000000000009        -3525.6787504512254
0.31133333333333424       -3525.3117199399785
0.3116666666666676        -3524.9455088647433
0.31200000000000094       -3524.5801172255183
0.3123333333333343        -3524.2155422227847
0.31266666666666765       -3523.8517810782473
0.313000000000001         -3523.488833791907
0.31333333333333435       -3523.126697595657
0.31366666666666765       -3522.76536974232
0.314000000000001         -3522.404850231898
0.31433333333333435       -3522.0451363272723
0.3146666666666677        -3521.686225311949
0.31500000000000106       -3521.328117185928
0.3153333333333344        -3520.970809242628
0.3156666666666677        -3520.61429879581
0.31600000000000106       -3520.258585845474
0.31633333333333447       -3519.903667715145
0.31666666666666776       -3519.5495417484185
0.3170000000000011        -3519.1962079452946
0.31733333333333447       -3518.8436636589927
0.3176666666666678        -3518.491906262516
0.31800000000000117       -3518.140935755865
0.3183333333333345        -3517.7907495215336
0.3186666666666679        -3517.4413449615313
0.31900000000000117       -3517.092722075857
0.3193333333333345        -3516.7448782758743
0.3196666666666679        -3516.3978109921886
0.32000000000000123       -3516.0515202248007
0.3203333333333346        -3515.7060034135534
0.3206666666666679        -3515.361258017251
0.32100000000000123       -3515.0172840358946
0.3213333333333346        -3514.6740789373907
0.32166666666666793       -3514.331640208373
0.3220000000000013        -3513.9899678488437
0.3223333333333347        -3513.649059354393
0.322666666666668         -3513.308912239091
0.32300000000000134       -3512.9695265029386
0.3233333333333347        -3512.630899668835
0.323666666666668         -3512.293029277906
0.32400000000000134       -3511.9559153301543
0.3243333333333347        -3511.6195553754205
0.32466666666666805       -3511.283946981515
0.3250000000000014        -3510.9490901484382
0.32533333333333475       -3510.614982452597
0.3256666666666681        -3510.2816214881313
0.3260000000000014        -3509.9490072550425
0.32633333333333475       -3509.6171373559446
0.3266666666666681        -3509.286009410944
0.32700000000000146       -3508.9556234200427
0.3273333333333348        -3508.625977011705
0.32766666666666816       -3508.2970678316533
0.3280000000000015        -3507.9688958798906
0.32833333333333486       -3507.64145881039
0.3286666666666682        -3507.314754294142
0.3290000000000015        -3506.9887823311483
0.3293333333333349        -3506.6635406005385
0.3296666666666682        -3506.3390267982427
0.33000000000000157       -3506.015240924265
0.3303333333333349        -3505.6921806825394
0.3306666666666682        -3505.369843793605
0.33100000000000157       -3505.048230257462
0.3313333333333349        -3504.727337802552
0.3316666666666683        -3504.407164173666
0.3320000000000016        -3504.087709370804
0.33233333333333503       -3503.768971146575
0.33266666666666833       -3503.4509472697177
0.3330000000000017        -3503.1336377402326
0.33333333333333504       -3502.817040334566
0.33366666666666833       -3502.501152845093
0.3340000000000017        -3502.1859752718137
0.33433333333333504       -3501.8715054146874
0.3346666666666684        -3501.557741089414
0.33500000000000174       -3501.2446822959946
0.3353333333333351        -3500.932326857606
0.33566666666666845       -3500.620672612957
0.33600000000000174       -3500.3097195620476
0.33633333333333515       -3499.9994655509613
0.33666666666666845       -3499.6899084411116
0.3370000000000018        -3499.381048232499
0.33733333333333515       -3499.0728827938256
0.3376666666666685        -3498.7654100089017
0.33800000000000185       -3498.4586298777285
0.3383333333333352        -3498.1525402913253
0.3386666666666685        -3497.847139155625
0.33900000000000186       -3497.5424264706267
0.33933333333333526       -3497.2384001493574
0.33966666666666856       -3496.935058119587
0.3400000000000019        -3496.6324003813156
0.34033333333333526       -3496.3304248693075
0.34066666666666856       -3496.0291295328752
0.3410000000000019        -3495.72851437202
0.34133333333333526       -3495.428577342956
0.3416666666666686        -3495.1293164162616
0.34200000000000197       -3494.830731591938
0.3423333333333353        -3494.532820847382
0.3426666666666687        -3494.235582174164
0.343000000000002         -3493.939015572284
0.3433333333333354        -3493.6431190400317
0.3436666666666687        -3493.347890589703
0.344000000000002         -3493.053330221299
0.3443333333333354        -3492.759435953756
0.34466666666666873       -3492.4662058198164
0.3450000000000021        -3492.1736398194794
0.34533333333333543       -3491.881735992049
0.34566666666666873       -3491.590492390464
0.3460000000000021        -3491.299909014727
0.3463333333333355        -3491.0099839242525
0.3466666666666688        -3490.720715191919
0.34700000000000214       -3490.432102817728
0.3473333333333355        -3490.144144880941
0.34766666666666884       -3489.8568394741233
0.3480000000000022        -3489.5701865972746
0.34833333333333555       -3489.2841843492647
0.3486666666666689        -3488.998830842093
0.3490000000000022        -3488.7141260757594
0.34933333333333555       -3488.430068168482
0.3496666666666689        -3488.146655251455
0.35000000000000225       -3487.863887324679
0.3503333333333356        -3487.581762525481
0.3506666666666689        -3487.300279003994
0.35100000000000225       -3487.0194367602203
0.3513333333333356        -3486.7392339503713
0.35166666666666896       -3486.4596687432822
0.3520000000000023        -3486.1807411389545
0.3523333333333357        -3485.9024493122324
0.352666666666669         -3485.6247914504243
0.35300000000000237       -3485.347767553531
0.3533333333333357        -3485.0713758147995
0.353666666666669         -3484.7956144397867
0.35400000000000237       -3484.520483428493
0.3543333333333357        -3484.245980992326
0.3546666666666691        -3483.9721053548737
0.3550000000000024        -3483.698856516136
0.3553333333333358        -3483.426232705453
0.3556666666666691        -3483.154232164218
0.3560000000000024        -3482.882854892432
0.3563333333333358        -3482.612099137162
0.35666666666666913       -3482.341963157361
0.3570000000000025        -3482.0724469530282
0.35733333333333583       -3481.80354878875
0.35766666666666913       -3481.535266940835
0.35800000000000254       -3481.2676014092817
0.3583333333333359        -3481.000550475959
0.35866666666666924       -3480.734112434324
0.35900000000000254       -3480.4682872843778
0.35933333333333595       -3480.2030733250604
0.35966666666666924       -3479.9384688667633
0.3600000000000026        -3479.674473909487
0.36033333333333595       -3479.411086769049
0.36066666666666924       -3479.148305772564
0.3610000000000026        -3478.8861309200324
0.36133333333333595       -3478.624560543923
0.3616666666666693        -3478.363592987882
0.36200000000000265       -3478.1032282519095
0.36233333333333606       -3477.8434646849378
0.36266666666666936       -3477.5843006469354
0.3630000000000027        -3477.325736137904
0.36333333333333606       -3477.0677695230224
0.36366666666666936       -3476.810399178394
0.3640000000000027        -3476.5536251040203
0.36433333333333606       -3476.297445681143
0.36466666666666936       -3476.0418593017916
0.36500000000000277       -3475.786865965969
0.3653333333333361        -3475.532464070792
0.36566666666666947       -3475.2786520240275
0.36600000000000277       -3475.0254298256773
0.3663333333333362        -3474.772795888529
0.36666666666666947       -3474.5207486359095
0.3670000000000028        -3474.269288067819
0.36733333333333623       -3474.018412612534
0.3676666666666696        -3473.7681207087444
0.3680000000000029        -3473.5184123564513
0.3683333333333363        -3473.269285999232
0.3686666666666696        -3473.0207400909594
0.3690000000000029        -3472.7727746316345
0.3693333333333363        -3472.5253880799696
0.3696666666666696        -3472.2785789048266
0.37000000000000294       -3472.032347106206
0.3703333333333363        -3471.7866911577494
0.3706666666666696        -3471.5416095431624
0.37100000000000294       -3471.297102262446
0.3713333333333363        -3471.053167804004
0.3716666666666696        -3470.809804666182
0.372000000000003         -3470.5670128489814
0.37233333333333635       -3470.3247908553953
0.3726666666666697        -3470.0831371982517
0.37300000000000305       -3469.842051877553
0.3733333333333364        -3469.6015334107115
0.3736666666666697        -3469.361580324853
0.37400000000000305       -3469.122192619979
0.37433333333333646       -3468.8833688277573
0.3746666666666698        -3468.645107489448
0.3750000000000031        -3468.407408605053
0.3753333333333365        -3468.170270720326
0.3756666666666698        -3467.933692390495
0.3760000000000031        -3467.69767361556
0.3763333333333365        -3467.462212955195
0.3766666666666698        -3467.227308978442
0.37700000000000317       -3466.992961685303
0.3773333333333365        -3466.7591696491945
0.37766666666666987       -3466.5259314528134
0.3780000000000032        -3466.2932470961614
0.3783333333333366        -3466.0611151662592
0.37866666666666987       -3465.829534259285
0.3790000000000032        -3465.5985043752403
0.3793333333333366        -3465.3680241145894
0.3796666666666699        -3465.138092086842
0.3800000000000033        -3464.908708291998
0.38033333333333663       -3464.679871343811
0.38066666666666993       -3464.451579864972
0.3810000000000033        -3464.223833855481
0.3813333333333367        -3463.996631942215
0.38166666666667004       -3463.7699727609015
0.38200000000000334       -3463.5438563115404
0.38233333333333674       -3463.3182812339846
0.38266666666667004       -3463.09324617684
0.3830000000000034        -3462.868751140107
0.38333333333333675       -3462.644794776484
0.38366666666667004       -3462.421375747297
0.3840000000000034        -3462.198494052547
0.38433333333333675       -3461.9761483576176
0.3846666666666701        -3461.754337336428
0.38500000000000345       -3461.5330609889784
0.3853333333333368        -3461.3123179931827
0.3856666666666701        -3461.0921070354193
0.38600000000000345       -3460.8724281156897
0.3863333333333368        -3460.653279924302
0.38666666666667016       -3460.434661159929
0.3870000000000035        -3460.2165718225715
0.38733333333333686       -3459.9990106148084
0.38766666666667016       -3459.7819762474796
0.38800000000000356       -3459.565468720585
0.3883333333333369        -3459.3494867488153
0.38866666666667027       -3459.134029055041
0.38900000000000357       -3458.9190956392645
0.389333333333337         -3458.7046852281546
0.38966666666667027       -3458.490796556483
0.3900000000000036        -3458.277429624249
0.390333333333337         -3458.064583169976
0.39066666666667027       -3457.8522559401845
0.3910000000000036        -3457.6404479348753
0.391333333333337         -3457.429157904299
0.3916666666666703        -3457.2183846065977
0.3920000000000037        -3457.008128041775
0.3923333333333371        -3456.7983869716622
0.3926666666666704        -3456.5891601659127
0.39300000000000374       -3456.380447624526
0.3933333333333371        -3456.172248120777
0.3936666666666704        -3455.9645604357024
0.39400000000000374       -3455.7573845693023
0.3943333333333371        -3455.5507193061867
0.3946666666666704        -3455.3445634386258
0.3950000000000038        -3455.1389169666195
0.39533333333333714       -3454.9337786859924
0.3956666666666705        -3454.7291474001354
0.3960000000000038        -3454.5250231090517
0.3963333333333372        -3454.3214046196385
0.3966666666666705        -3454.1182907462885
0.39700000000000385       -3453.9156814890043
0.39733333333333726       -3453.7135756656426
0.3976666666666706        -3453.51197210148
0.3980000000000039        -3453.3108707965152
0.3983333333333373        -3453.110270579442
0.3986666666666706        -3452.9101702862995
0.3990000000000039        -3452.7105699170875
0.3993333333333373        -3452.5114683112256
0.3996666666666706        -3452.312864315385
0.40000000000000396       -3452.114757929565
0.4003333333333373        -3451.917148003797
0.4006666666666706        -3451.7200333952783
0.40100000000000396       -3451.5234141040096
0.4013333333333373        -3451.3272889905006
0.4016666666666706        -3451.131656922366
0.402000000000004         -3450.936517899605
0.4023333333333374        -3450.7418707931156
0.4026666666666707        -3450.5477144807987
0.4030000000000041        -3450.354048962653
0.40333333333333743       -3450.1608731198426
0.4036666666666707        -3449.9681858404583
0.4040000000000041        -3449.7759871245016
0.4043333333333375        -3449.5842758632775
0.40466666666667084       -3449.393050954968
0.40500000000000413       -3449.2023123995737
0.40533333333333754       -3449.012059098435
0.40566666666667084       -3448.822289959706
0.40600000000000414       -3448.6330049833864
0.40633333333333754       -3448.4442030807622
0.40666666666667084       -3448.255883169846
0.4070000000000042        -3448.0680452506385
0.40733333333333754       -3447.8806882442464
0.4076666666666709        -3447.693811078446
0.40800000000000425       -3447.5074137532374
0.4083333333333376        -3447.321495199459
0.4086666666666709        -3447.136054354538
0.40900000000000425       -3446.9510912184746
0.4093333333333376        -3446.766604731725
0.40966666666667095       -3446.5825938412727
0.4100000000000043        -3446.399058547118
0.41033333333333766       -3446.2159977992287
0.41066666666667095       -3446.033410554045
0.4110000000000043        -3445.851296811568
0.4113333333333377        -3445.669655531191
0.41166666666667107       -3445.488485678695
0.41200000000000436       -3445.3077872540803
0.41233333333333777       -3445.1275592260677
0.41266666666667107       -3444.947800569689
0.4130000000000044        -3444.7685112849454
0.41333333333333777       -3444.589690349774
0.41366666666667107       -3444.4113367483665
0.4140000000000044        -3444.2334504807236
0.41433333333333777       -3444.0560305339086
0.4146666666666711        -3443.8790759011717
0.4150000000000045        -3443.702586582515
0.41533333333333783       -3443.5265615740277
0.4156666666666711        -3443.350999877931
0.4160000000000045        -3443.1759014942236
0.41633333333333783       -3443.001265427929
0.4166666666666712        -3442.827090690144
0.41700000000000453       -3442.65337728087
0.4173333333333379        -3442.4801242139656
0.4176666666666712        -3442.3073305093117
0.4180000000000046        -3442.13499616691
0.41833333333333794       -3441.963120209372
0.4186666666666713        -3441.7917016652614
0.4190000000000046        -3441.6207405345776
0.419333333333338         -3441.4502358486097
0.4196666666666713        -3441.2801866445093
0.42000000000000465       -3441.1105929222763
0.420333333333338         -3440.9414537217676
0.4206666666666713        -3440.7727680886533
0.42100000000000465       -3440.6045360229336
0.421333333333338         -3440.436756572945
0.42166666666667135       -3440.2694287927848
0.4220000000000047        -3440.102552682452
0.4223333333333381        -3439.9361272986707
0.4226666666666714        -3439.770151703884
0.42300000000000476       -3439.6046258980937
0.4233333333333381        -3439.439548946329
0.4236666666666714        -3439.274919919288
0.42400000000000476       -3439.1107388169717
0.4243333333333381        -3438.947004712634
0.4246666666666714        -3438.7837166851455
0.4250000000000048        -3438.6208747345063
0.42533333333333817       -3438.4584779421107
0.4256666666666715        -3438.2965253949137
0.4260000000000048        -3438.1350170929177
0.4263333333333382        -3437.973952125573
0.4266666666666715        -3437.8133295878442
0.4270000000000049        -3437.653149479732
0.4273333333333383        -3437.4934108986663
0.42766666666667164       -3437.3341129475284
0.42800000000000493       -3437.1752556263186
0.42833333333333834       -3437.0168380403848
0.42866666666667164       -3436.858859300432
0.42900000000000493       -3436.701319406459
0.42933333333333834       -3436.5442174716372
0.42966666666667164       -3436.3875526144425
0.430000000000005         -3436.2313248348764
0.43033333333333834       -3436.075533253831
0.43066666666667164       -3435.9201769974793
0.431000000000005         -3435.765256065823
0.43133333333333834       -3435.6107695874225
0.43166666666667164       -3435.4567166960614
0.43200000000000505       -3435.303097391739
0.4323333333333384        -3435.149910810595
0.43266666666667175       -3434.997156093951
0.4330000000000051        -3434.8448332418093
0.43333333333333846       -3434.6929413978187
0.43366666666667175       -3434.541479710761
0.4340000000000051        -3434.390448180637
0.43433333333333846       -3434.239845958538
0.43466666666667175       -3434.0896722006282
0.4350000000000051        -3433.9399269069086
0.43533333333333846       -3433.7906092358353
0.43566666666667175       -3433.641718350877
0.4360000000000051        -3433.4932542520364
0.43633333333333846       -3433.34521610507
0.43666666666667175       -3433.1976030806863
0.43700000000000516       -3433.050415178886
0.4373333333333385        -3432.903651572633
0.43766666666667187       -3432.7573114398174
0.4380000000000052        -3432.61139478044
0.43833333333333857       -3432.4659007746095
0.43866666666667187       -3432.32082860732
0.4390000000000052        -3432.1761782785716
0.4393333333333386        -3432.031948975541
0.439666666666672         -3431.8881398902627
0.4400000000000053        -3431.7447510227385
0.4403333333333387        -3431.6017815671535
0.440666666666672         -3431.4592307224984
0.4410000000000053        -3431.3170984887743
0.4413333333333387        -3431.1753840671145
0.441666666666672         -3431.0340866634024
0.44200000000000533       -3430.8932062776394
0.4423333333333387        -3430.752742117825
0.44266666666667204       -3430.612693396679
0.4430000000000054        -3430.473060114202
0.44333333333333874       -3430.3338414852037
0.44366666666667204       -3430.1950367291593
0.4440000000000054        -3430.0566458460685
0.44433333333333874       -3429.91866805749
0.4446666666666721        -3429.7811025895912
0.44500000000000545       -3429.643949442374
0.4453333333333388        -3429.5072078440635
0.4456666666666721        -3429.3708770274743
0.44600000000000545       -3429.2349569926064
0.44633333333333886       -3429.099446974299
0.4466666666666722        -3428.964346211926
0.4470000000000055        -3428.8296547054892
0.4473333333333389        -3428.695371696387
0.4476666666666722        -3428.561496430494
0.44800000000000556       -3428.428028907811
0.4483333333333389        -3428.2949683762226
0.4486666666666722        -3428.1623140880492
0.44900000000000556       -3428.0300660432936
0.4493333333333389        -3427.8982234962605
0.44966666666667227       -3427.7667857056626
0.4500000000000056        -3427.635752671503
0.45033333333333897       -3427.505123654444
0.45066666666667227       -3427.3748979195248
0.4510000000000056        -3427.2450754667466
0.45133333333333897       -3427.1156555630823
0.4516666666666723        -3426.986637479824
0.4520000000000057        -3426.858021216973
0.452333333333339         -3426.729806047755
0.4526666666666723        -3426.601991249666
0.45300000000000573       -3426.474576822704
0.4533333333333391        -3426.347562046285
0.45366666666667244       -3426.220946204053
0.45400000000000573       -3426.0947292960086
0.45433333333333914       -3425.9689106076758
0.45466666666667244       -3425.8434894288002
0.4550000000000058        -3425.718465759382
0.45533333333333914       -3425.5938388910286
0.45566666666667244       -3425.4696081195043
0.4560000000000058        -3425.3457734448107
0.45633333333333914       -3425.222334164566
0.4566666666666725        -3425.0992895805175
0.45700000000000585       -3424.9766396926675
0.45733333333333925       -3424.854383804585
0.45766666666667255       -3424.7325212239466
0.4580000000000059        -3424.6110519507542
0.45833333333333925       -3424.4899752944666
0.45866666666667255       -3424.369290568637
0.4590000000000059        -3424.248997773267
0.45933333333333926       -3424.1290962236726
0.45966666666667255       -3424.009585239203
0.46000000000000596       -3423.890464819859
0.4603333333333393        -3423.771734286767
0.46066666666667266       -3423.6533929650227
0.46100000000000596       -3423.5354408546277
0.46133333333333937       -3423.417877282451
0.46166666666667266       -3423.3007015793014
0.462000000000006         -3423.183913745178
0.4623333333333394        -3423.0675131126254
0.4626666666666728        -3422.951499018114
0.4630000000000061        -3422.8358714616447
0.4633333333333395        -3422.72062978141
0.4636666666666728        -3422.6057733194643
0.4640000000000061        -3422.491302075808
0.4643333333333395        -3422.37721539422
0.4646666666666728        -3422.263512622316
0.46500000000000613       -3422.150193760097
0.4653333333333395        -3422.037258156866
0.4656666666666728        -3421.924705165742
0.46600000000000613       -3421.8125347867276
0.4663333333333395        -3421.700746374612
0.4666666666666728        -3421.5893392879675
0.4670000000000062        -3421.478313526794
0.46733333333333954       -3421.36766845131
0.4676666666666729        -3421.257403425489
0.46800000000000624       -3421.1475184493324
0.4683333333333396        -3421.038012888453
0.4686666666666729        -3420.928886112172
0.46900000000000625       -3420.820138120491
0.46933333333333965       -3420.711768284355
0.469666666666673         -3420.603775978399
0.4700000000000063        -3420.496161202622
0.4703333333333397        -3420.388923333262
0.470666666666673         -3420.2820617502016
0.4710000000000063        -3420.1755764534414
0.4713333333333397        -3420.0694668244646
0.471666666666673         -3419.9637322483677
0.47200000000000636       -3419.8583727251503
0.4723333333333397        -3419.753387641486
0.47266666666667306       -3419.648776387641
0.4730000000000064        -3419.544538963617
0.47333333333333977       -3419.4406747612275
0.47366666666667306       -3419.337183175869
0.4740000000000064        -3419.234064207542
0.47433333333333977       -3419.131317253151
0.4746666666666731        -3419.028941713172
0.4750000000000065        -3418.926937587605
0.4753333333333398        -3418.825304278429
0.4756666666666731        -3418.724041191131
0.4760000000000065        -3418.623148325713
0.4763333333333399        -3418.522625089173
0.47666666666667323       -3418.422470891977
0.47700000000000653       -3418.3226857341288
0.47733333333333994       -3418.223269027598
0.47766666666667323       -3418.124220187793
0.4780000000000066        -3418.025539214717
0.47833333333333994       -3417.9272255252667
0.47866666666667324       -3417.829278539747
0.4790000000000066        -3417.7316982581588
0.47933333333333994       -3417.634484102285
0.4796666666666733        -3417.537635497283
0.48000000000000664       -3417.4411524431525
0.48033333333333994       -3417.3450343665195
0.48066666666667324       -3417.24928069736
0.48100000000000664       -3417.1538914356747
0.48133333333334005       -3417.05886601288
0.48166666666667335       -3416.9642038637207
0.48200000000000665       -3416.8699049881984
0.48233333333334005       -3416.775968822498
0.48266666666667335       -3416.682394806085
0.48300000000000676       -3416.5891829389616
0.48333333333334005       -3416.4963326620323
0.48366666666667346       -3416.4038434194517
0.48400000000000676       -3416.3117152112213
0.48433333333334017       -3416.2199474829144
0.48466666666667346       -3416.128539683344
0.48500000000000676       -3416.0374918125112
0.48533333333334017       -3415.94680332062
0.4856666666666736        -3415.8564736610942
0.48600000000000687       -3415.7665028339347
0.4863333333333403        -3415.6768902939402
0.4866666666666736        -3415.587635499108
0.48700000000000687       -3415.4987384494393
0.4873333333333403        -3415.410198604281
0.4876666666666736        -3415.322015426168
0.4880000000000069        -3415.2341889151025
0.4883333333333403        -3415.1467185349534
0.4886666666666736        -3415.05960375274
0.489000000000007         -3414.9728445684623
0.4893333333333403        -3414.886440450475
0.4896666666666736        -3414.800390870252
0.490000000000007         -3414.7146958277954
0.4903333333333404        -3414.629354795898
0.4906666666666737        -3414.5443672504457
0.491000000000007         -3414.4597331914415
0.4913333333333404        -3414.3754520960883
0.4916666666666737        -3414.2915234446527
0.492000000000007         -3414.2079472371365
0.4923333333333404        -3414.1247229551027
0.4926666666666737        -3414.0418500831674
0.4930000000000071        -3413.9593286213317
0.4933333333333405        -3413.877158055493
0.4936666666666738        -3413.7953378745647
0.4940000000000071        -3413.7138680785474
0.4943333333333404        -3413.632748157648
0.4946666666666737        -3413.5519776050396
0.4950000000000071        -3413.471556420723
0.4953333333333405        -3413.391484099163
0.4956666666666738        -3413.31176013777
0.4960000000000072        -3413.2323845365468
0.4963333333333406        -3413.1533567941797
0.4966666666666739        -3413.0746764122796
0.4970000000000072        -3412.996343390846
0.4973333333333405        -3412.9183572327547
0.4976666666666739        -3412.8407174437834
0.4980000000000072        -3412.763424023932
0.4983333333333406        -3412.6864764802267
0.4986666666666739        -3412.6098743225825
0.4990000000000073        -3412.5336175510015
0.49933333333334073       -3412.457705676622
0.49966666666667403       -3412.3821382134556
0.5000000000000073        -3412.3069151615036
0.5003333333333407        -3412.2320360359913
0.500666666666674         -3412.157500354997
0.5010000000000073        -3412.0833081185215
0.5013333333333407        -3412.0094588458433
0.501666666666674         -3411.9359520590715
0.5020000000000073        -3411.862787758208
0.5023333333333407        -3411.7899654665375
0.502666666666674         -3411.7174847101755
0.5030000000000074        -3411.645345489124
0.5033333333333407        -3411.5735473306627
0.503666666666674         -3411.5020897648606
0.5040000000000074        -3411.4309727917193
0.5043333333333408        -3411.360195942485
0.5046666666666741        -3411.2897587511493
0.5050000000000074        -3411.219661217713
0.5053333333333409        -3411.1499028773446
0.5056666666666741        -3411.0804832679446
0.5060000000000076        -3411.0114023895144
0.5063333333333409        -3410.9426597811016
0.5066666666666743        -3410.8742549844806
0.5070000000000076        -3410.806187999652
0.507333333333341         -3410.738458369533
0.5076666666666743        -3410.671065639727
0.5080000000000076        -3410.604009810236
0.508333333333341         -3410.5372904278083
0.5086666666666744        -3410.4709070418558
0.5090000000000077        -3410.40485965238
0.5093333333333411        -3410.3391478099184
0.5096666666666744        -3410.2737710676693
0.5100000000000077        -3410.208729425634
0.5103333333333411        -3410.1440224381245
0.5106666666666744        -3410.079649662072
0.5110000000000077        -3410.015611097478
0.511333333333341         -3409.9519063024045
0.5116666666666744        -3409.8885348374965
0.5120000000000077        -3409.8254967027547
0.5123333333333411        -3409.7627914599416
0.5126666666666744        -3409.700418673401
0.5130000000000078        -3409.6383783431374
0.5133333333333412        -3409.576670034576
0.5136666666666745        -3409.515293315736
0.5140000000000078        -3409.4542481866165
0.5143333333333412        -3409.3935342162936
0.5146666666666745        -3409.333150976409
0.5150000000000078        -3409.2730984669647
0.5153333333333412        -3409.2133762606686
0.5156666666666745        -3409.1539839327584
0.5160000000000079        -3409.0949214832344
0.5163333333333413        -3409.036188488395
0.5166666666666746        -3408.977784527058
0.5170000000000079        -3408.919709599225
0.5173333333333412        -3408.861963284753
0.5176666666666745        -3408.8045451660128
0.5180000000000079        -3408.7474552430053
0.5183333333333413        -3408.6906930991263
0.5186666666666746        -3408.634258320254
0.519000000000008         -3408.5781509063913
0.5193333333333414        -3408.522370444455
0.5196666666666747        -3408.466916523813
0.520000000000008         -3408.411789144464
0.5203333333333413        -3408.3569878968096
0.5206666666666747        -3408.302512373686
0.521000000000008         -3408.2483625750942
0.5213333333333414        -3408.194538094871
0.5216666666666747        -3408.1410385293093
0.522000000000008         -3408.0878638784106
0.5223333333333414        -3408.0350137394475
0.5226666666666748        -3407.982487712109
0.5230000000000081        -3407.930285796398
0.5233333333333415        -3407.8784075929925
0.5236666666666748        -3407.8268527049754
0.5240000000000081        -3407.775621132348
0.5243333333333415        -3407.7247124791616
0.5246666666666748        -3407.6741263518593
0.5250000000000081        -3407.6238627504404
0.5253333333333415        -3407.57392128231
0.5256666666666748        -3407.524301557248
0.5260000000000082        -3407.4750035752554
0.5263333333333415        -3407.4260269470697
0.5266666666666748        -3407.3773712857674
0.5270000000000082        -3407.329036591349
0.5273333333333416        -3407.281022477862
0.5276666666666749        -3407.2333285616633
0.5280000000000082        -3407.1859548427547
0.5283333333333416        -3407.1389009384575
0.528666666666675         -3407.0921664683956
0.5290000000000084        -3407.045751432569
0.5293333333333416        -3406.9996554515465
0.5296666666666751        -3406.953878148188
0.5300000000000084        -3406.9084195224927
0.5303333333333418        -3406.8632791982614
0.5306666666666751        -3406.818456801566
0.5310000000000084        -3406.773952332409
0.5313333333333417        -3406.7297654177833
0.531666666666675         -3406.685895686954
0.5320000000000084        -3406.6423431399235
0.5323333333333418        -3406.5991074068716
0.5326666666666751        -3406.556188120222
0.5330000000000085        -3406.513585279977
0.5333333333333419        -3406.4712985194637
0.5336666666666752        -3406.429327474259
0.5340000000000085        -3406.387672144363
0.5343333333333418        -3406.346332166232
0.5346666666666752        -3406.3053071785635
0.5350000000000085        -3406.264597181358
0.5353333333333419        -3406.2242018141833
0.5356666666666752        -3406.184120718827
0.5360000000000086        -3406.144353895291
0.536333333333342         -3406.1049009862377
0.5366666666666753        -3406.065761636518
0.5370000000000086        -3406.026935846133
0.537333333333342         -3405.988423260815
0.5376666666666753        -3405.950223528462
0.5380000000000086        -3405.912336649076
0.538333333333342         -3405.8747622714363
0.5386666666666753        -3405.8375000464625
0.5390000000000087        -3405.800549974155
0.5393333333333421        -3405.763911706314
0.5396666666666754        -3405.7275848968707
0.5400000000000087        -3405.6915695458274
0.540333333333342         -3405.6558653079755
0.5406666666666753        -3405.6204718402314
0.5410000000000087        -3405.585389142597
0.5413333333333421        -3405.550616872844
0.5416666666666754        -3405.516154690852
0.5420000000000087        -3405.4820025966224
0.5423333333333421        -3405.448160250879
0.5426666666666754        -3405.4146273164433
0.5430000000000088        -3405.3814037933175
0.5433333333333421        -3405.3484893451614
0.5436666666666755        -3405.3158836377165
0.5440000000000088        -3405.2835866709834
0.5443333333333422        -3405.2515981115366
0.5446666666666755        -3405.2199176280196
0.5450000000000088        -3405.188545220434
0.5453333333333422        -3405.1574805582413
0.5456666666666756        -3405.126723312967
0.5460000000000089        -3405.0962734846134
0.5463333333333423        -3405.066130745518
0.5466666666666756        -3405.0362947700564
0.5470000000000089        -3405.006765558231
0.5473333333333423        -3404.977542785233
0.5476666666666756        -3404.948626128285
0.5480000000000089        -3404.920015587388
0.5483333333333423        -3404.891710840555
0.5486666666666756        -3404.8637115678353
0.549000000000009         -3404.836017769231
0.5493333333333423        -3404.808629125561
0.5496666666666756        -3404.781545319677
0.550000000000009         -3404.7547663515807
0.5503333333333424        -3404.7282919048903
0.5506666666666757        -3404.7021216652274
0.551000000000009         -3404.676255632594
0.5513333333333424        -3404.650693493389
0.5516666666666757        -3404.625434935989
0.552000000000009         -3404.600479960394
0.5523333333333424        -3404.575828255763
0.5526666666666757        -3404.5514795132117
0.5530000000000092        -3404.5274337327405
0.5533333333333426        -3404.503690606239
0.5536666666666759        -3404.4802498275494
0.5540000000000092        -3404.457111396673
0.5543333333333424        -3404.434275008211
0.5546666666666757        -3404.4117403587143
0.5550000000000092        -3404.3895074481834
0.5553333333333426        -3404.3675759739062
0.5556666666666759        -3404.345945635134
0.5560000000000093        -3404.324616431866
0.5563333333333427        -3404.3035880640678
0.556666666666676         -3404.2828602336444
0.5570000000000093        -3404.2624329406003
0.5573333333333426        -3404.242305887574
0.557666666666676         -3404.2224787791147
0.5580000000000093        -3404.202951615222
0.5583333333333427        -3404.1837241011813
0.558666666666676         -3404.164795944169
0.5590000000000094        -3404.1461671441866
0.5593333333333428        -3404.127837409144
0.5596666666666761        -3404.109806448833
0.5600000000000094        -3404.0920742632547
0.5603333333333428        -3404.074640562921
0.5606666666666761        -3404.057505060222
0.5610000000000094        -3404.0406677551578
0.5613333333333428        -3404.024128360843
0.5616666666666761        -3404.007886592229
0.5620000000000094        -3403.991942449318
0.5623333333333428        -3403.976295647802
0.5626666666666761        -3403.9609459051976
0.5630000000000095        -3403.9458932215057
0.5633333333333428        -3403.9311373149617
0.5636666666666761        -3403.916677905638
0.5640000000000095        -3403.902514993538
0.5643333333333429        -3403.8886482994203
0.5646666666666762        -3403.8750775458966
0.5650000000000095        -3403.861802732966
0.5653333333333429        -3403.848823583923
0.5656666666666762        -3403.8361398238694
0.5660000000000096        -3403.8237514528064
0.5663333333333429        -3403.811658196537
0.5666666666666763        -3403.7998597826636
0.5670000000000096        -3403.7883562111874
0.567333333333343         -3403.777147210397
0.5676666666666763        -3403.766232510372
0.5680000000000096        -3403.755612111113
0.568333333333343         -3403.7452857433773
0.5686666666666764        -3403.735253139708
0.5690000000000097        -3403.7255143001084
0.5693333333333431        -3403.7160689577922
0.5696666666666764        -3403.706916847753
0.5700000000000097        -3403.698057969991
0.5703333333333431        -3403.6894920601553
0.5706666666666764        -3403.6812188556664
0.5710000000000097        -3403.6732383565263
0.571333333333343         -3403.6655503008205
0.5716666666666764        -3403.658154428376
0.5720000000000097        -3403.651050739192
0.5723333333333431        -3403.6442389737676
0.5726666666666764        -3403.6377188743268
0.5730000000000098        -3403.63149044087
0.5733333333333432        -3403.625553416292
0.5736666666666765        -3403.619907545192
0.5740000000000098        -3403.614552827569
0.5743333333333432        -3403.6094890087043
0.5746666666666765        -3403.604715835568
0.5750000000000098        -3403.6002333081606
0.5753333333333432        -3403.596041174113
0.5756666666666765        -3403.592139182756
0.57600000000001          -3403.5885273340923
0.5763333333333434        -3403.5852053781027
0.5766666666666767        -3403.5821730664497
0.57700000000001          -3403.5794303991356
0.5773333333333432        -3403.576977128473
0.5776666666666765        -3403.574813008464
0.57800000000001          -3403.5729380391067
0.5783333333333434        -3403.5713519750243
0.5786666666666767        -3403.5700545725226
0.5790000000000101        -3403.569045831601
0.57933333333334          -3403.568325509199
0.57966666666667          -3403.5678933639106
0.58                      -3403.567749395737
