S1:[ 1.60930101e-04 -4.20822711e-05  8.45603341e-07  2.47206929e-04
  7.74177122e-03  1.50211687e-01  2.63845741e-02  9.44332051e-03
 -1.73863458e-03  1.41720862e-03 -1.59717242e-03  6.43812172e-04
  3.60070722e-02  1.17319234e-06  1.70573071e-04  1.99175845e-03]
S1_conf:[5.56746154e-04 1.22259557e-03 1.28867766e-06 3.38877967e-03
 2.33331914e-02 1.77467340e-01 4.73687416e-02 1.63206816e-02
 2.17751690e-03 2.43999780e-03 2.81882911e-03 3.62454719e-03
 2.87455869e-02 1.58579968e-06 7.46848587e-04 2.28173259e-03]
ST:[2.06209794e-03 1.27878454e-02 2.63349783e-09 9.08914235e-02
 4.15496043e-01 7.60131285e-01 3.43512016e-02 5.26563990e-01
 4.75032929e-02 7.81681291e-02 3.89753727e-03 7.72150310e-02
 5.59492913e-01 6.44387708e-09 4.50396747e-03 7.05099487e-02]
ST_conf:[2.17548210e-03 9.96520924e-03 1.79157295e-09 7.26203044e-02
 2.00462300e-01 3.36361482e-01 2.01432435e-02 3.35527247e-01
 2.61834085e-02 5.43480109e-02 2.55856861e-03 6.27211765e-02
 2.89993687e-01 3.88594663e-09 2.63905237e-03 5.68701734e-02]
S2:[[            nan -8.39358381e-04 -7.98489679e-04 -7.04242627e-04
   6.03258440e-05 -6.41704268e-03 -2.48683025e-03 -7.24655422e-04
  -7.94650771e-04 -7.81499095e-04 -6.84857502e-04 -8.63542975e-04
  -1.89245085e-03 -7.98465511e-04 -7.66845375e-04 -8.03007429e-04]
 [            nan             nan -1.31479364e-03 -1.27056532e-03
  -1.32743793e-03 -2.55405856e-03 -2.83033208e-03 -3.38609521e-04
  -1.07779070e-03 -1.10904472e-03 -1.24424880e-03 -1.17820062e-03
  -8.59451887e-04 -1.31475789e-03 -1.23692275e-03 -1.16305280e-03]
 [            nan             nan             nan -1.30739944e-06
  -1.38837760e-06 -1.10425637e-05 -3.34060473e-06 -1.32258976e-06
  -1.41147348e-06 -1.40133270e-06 -1.24824026e-06 -1.46339813e-06
  -3.70500925e-06 -1.36970615e-06 -1.35191528e-06 -1.38272476e-06]
 [            nan             nan             nan             nan
  -3.82226966e-03  4.59875098e-02  1.20972370e-02  6.89566717e-03
   2.71945787e-03  2.82437356e-03  2.02506375e-03  3.13418865e-03
   2.32194722e-05  2.67876515e-03  2.58233306e-03  2.89403581e-03]
 [            nan             nan             nan             nan
              nan  1.51283603e-01  1.65618253e-02  1.99779689e-02
   1.87175970e-03  2.97944499e-03 -6.12961549e-04  2.52542141e-03
   2.60039856e-02  8.60237466e-04  8.82989270e-04  2.57533314e-04]
 [            nan             nan             nan             nan
              nan             nan -1.52768307e-01 -1.30908594e-01
  -1.32186525e-01 -1.24304869e-01 -1.25924922e-01 -1.25088268e-01
  -1.18230231e-01 -1.26787774e-01 -1.26862971e-01 -1.22887799e-01]
 [            nan             nan             nan             nan
              nan             nan             nan -2.44252123e-02
  -2.59123601e-02 -2.65260792e-02 -2.58647165e-02 -2.65512922e-02
  -2.70826707e-02 -2.60015953e-02 -2.60093945e-02 -2.59140293e-02]
 [            nan             nan             nan             nan
              nan             nan             nan             nan
   4.84782925e-02  2.13499294e-02  3.40554005e-02  3.57181036e-02
   1.16248885e-01  3.26798015e-02  3.03373001e-02  1.39835394e-02]
 [            nan             nan             nan             nan
              nan             nan             nan             nan
              nan  3.18566200e-03  4.45446139e-03  3.09434916e-03
  -7.59945864e-05  4.48636842e-03  4.15140625e-03  3.53191235e-03]
 [            nan             nan             nan             nan
              nan             nan             nan             nan
              nan             nan  4.62055224e-04 -3.34448513e-04
   1.83449709e-03  4.62212868e-04  2.27676888e-04 -1.02462415e-04]
 [            nan             nan             nan             nan
              nan             nan             nan             nan
              nan             nan             nan  3.26434119e-03
   5.19723512e-03  3.15850215e-03  3.07474195e-03  3.16221107e-03]
 [            nan             nan             nan             nan
              nan             nan             nan             nan
              nan             nan             nan             nan
   2.80343235e-03  1.39348088e-03  1.36219055e-03  1.03576193e-03]
 [            nan             nan             nan             nan
              nan             nan             nan             nan
              nan             nan             nan             nan
              nan  2.48025560e-02  2.17570633e-02  5.13544530e-03]
 [            nan             nan             nan             nan
              nan             nan             nan             nan
              nan             nan             nan             nan
              nan             nan -2.10862843e-06 -2.12638601e-06]
 [            nan             nan             nan             nan
              nan             nan             nan             nan
              nan             nan             nan             nan
              nan             nan             nan -6.30492825e-04]
 [            nan             nan             nan             nan
              nan             nan             nan             nan
              nan             nan             nan             nan
              nan             nan             nan             nan]]
S2_conf:[[           nan 1.18123892e-03 1.13285555e-03 1.02035949e-03
  9.18719807e-04 1.32549558e-02 4.12562866e-03 1.24817846e-03
  1.11576236e-03 1.13941938e-03 9.90931340e-04 1.22718734e-03
  2.16106331e-03 1.13286252e-03 1.09996130e-03 1.13675124e-03]
 [           nan            nan 2.26445456e-03 2.14373841e-03
  2.27893040e-03 2.00365516e-02 4.25945601e-03 5.94276369e-03
  1.92920537e-03 1.98833107e-03 2.08019544e-03 2.10530326e-03
  2.89218137e-03 2.26436893e-03 2.15128322e-03 2.10332899e-03]
 [           nan            nan            nan 1.87535457e-06
  1.26218099e-06 1.62891591e-05 5.67425113e-06 1.97661483e-06
  2.08570846e-06 2.08837980e-06 1.82862413e-06 2.21504945e-06
  4.07772211e-06 2.03475861e-06 2.00108157e-06 2.08122707e-06]
 [           nan            nan            nan            nan
  6.85890333e-03 7.77362173e-02 2.56858069e-02 9.85860811e-03
  7.56102964e-03 7.51898729e-03 6.46206333e-03 8.09301803e-03
  1.68252266e-02 7.34051519e-03 7.21173795e-03 7.53767382e-03]
 [           nan            nan            nan            nan
             nan 1.57480072e-01 5.30429638e-02 4.06486464e-02
  2.67602687e-02 2.68439770e-02 2.55939755e-02 2.76498245e-02
  5.76044742e-02 2.66282036e-02 2.64108350e-02 2.70300596e-02]
 [           nan            nan            nan            nan
             nan            nan 2.34312850e-01 1.88894428e-01
  1.89968275e-01 1.92247414e-01 1.88545109e-01 1.93864440e-01
  2.11362356e-01 1.91125225e-01 1.90716857e-01 1.92240028e-01]
 [           nan            nan            nan            nan
             nan            nan            nan 5.11492035e-02
  5.02547355e-02 5.00732819e-02 4.93024347e-02 5.04843198e-02
  5.31180603e-02 4.99707095e-02 4.98658756e-02 5.02580204e-02]
 [           nan            nan            nan            nan
             nan            nan            nan            nan
  7.81184583e-02 3.54918534e-02 5.50049403e-02 5.91217851e-02
  1.15707401e-01 5.41264903e-02 5.29228480e-02 2.74427845e-02]
 [           nan            nan            nan            nan
             nan            nan            nan            nan
             nan 4.29663467e-03 6.10750960e-03 4.50435245e-03
  5.17904820e-03 6.56603267e-03 5.78665161e-03 4.88433288e-03]
 [           nan            nan            nan            nan
             nan            nan            nan            nan
             nan            nan 5.82516883e-03 5.02580069e-03
  2.03485803e-02 6.09833448e-03 5.66956308e-03 5.20703571e-03]
 [           nan            nan            nan            nan
             nan            nan            nan            nan
             nan            nan            nan 4.44991437e-03
  7.03187703e-03 4.23671267e-03 4.14315884e-03 4.23237147e-03]
 [           nan            nan            nan            nan
             nan            nan            nan            nan
             nan            nan            nan            nan
  1.76128859e-02 5.78596518e-03 5.65115488e-03 5.66368915e-03]
 [           nan            nan            nan            nan
             nan            nan            nan            nan
             nan            nan            nan            nan
             nan 6.88119413e-02 6.53829253e-02 4.57900481e-02]
 [           nan            nan            nan            nan
             nan            nan            nan            nan
             nan            nan            nan            nan
             nan            nan 2.27099288e-06 2.32459232e-06]
 [           nan            nan            nan            nan
             nan            nan            nan            nan
             nan            nan            nan            nan
             nan            nan            nan 1.82432295e-03]
 [           nan            nan            nan            nan
             nan            nan            nan            nan
             nan            nan            nan            nan
             nan            nan            nan            nan]]
