S1:[ 2.10046227e-03  2.22461446e-03  4.68450327e-06  7.25538708e-02
  1.54193366e-02  2.63250377e-02  2.34653634e-02  1.56113036e-01
  6.29113647e-02  1.69354031e-01 -1.24990529e-03  3.59421656e-02
  4.18046051e-02  9.94466294e-06  4.81752864e-03  9.93134068e-02]
S1_conf:[6.09493984e-03 9.43884680e-03 5.93417716e-06 9.22320191e-02
 9.73424051e-02 6.93702577e-02 4.25202655e-02 6.89163915e-02
 8.20973898e-02 2.29853778e-01 1.02946687e-02 3.21077341e-02
 4.16973342e-02 3.07001447e-05 1.90805485e-02 7.63681750e-02]
ST:[5.83127976e-04 5.41352063e-03 2.49496787e-09 1.60713330e-01
 2.07712305e-01 1.56046097e-01 4.93443036e-02 2.37392882e-01
 8.08978347e-02 2.36008208e-01 2.66950555e-03 9.07665133e-02
 8.26900076e-02 5.16924948e-08 1.17779933e-02 1.25745562e-01]
ST_conf:[3.45257728e-04 4.25778495e-03 1.48365066e-09 1.05722078e-01
 9.42174081e-02 7.13548733e-02 2.54214859e-02 1.08165130e-01
 3.29533816e-02 1.11706666e-01 1.23303675e-03 4.95295087e-02
 4.48439582e-02 3.77267548e-08 5.63604540e-03 6.35199030e-02]
S2:[[            nan -3.05476375e-03 -2.77887180e-03 -3.59420545e-03
  -2.86819088e-03 -2.95420044e-03 -1.65518757e-03 -5.57572885e-04
   2.40343390e-06 -9.23806281e-03 -2.45975268e-03 -2.65217205e-03
  -1.99036507e-03 -2.77931565e-03 -2.18744943e-03 -1.37709204e-03]
 [            nan             nan -4.17924752e-04 -3.51327955e-03
   5.91199363e-04 -7.08514832e-04  1.12154058e-03 -5.30841295e-04
   3.42571009e-04 -6.04480998e-03 -2.84683947e-04 -2.83361976e-03
   1.33703120e-03 -4.16398515e-04 -3.82357951e-05  8.88660263e-04]
 [            nan             nan             nan -5.39086707e-06
  -7.77278372e-06 -5.22927444e-06 -8.02915227e-06 -1.10585281e-05
  -2.75460882e-06 -1.33399064e-05 -7.87330311e-06 -7.33666260e-06
  -9.01432249e-06 -7.96983024e-06 -7.76698800e-06 -5.33028763e-06]
 [            nan             nan             nan             nan
  -1.57914779e-02 -3.05694545e-02 -1.89934809e-02 -5.08751743e-02
  -3.97107598e-02 -5.95795074e-02 -3.29494280e-02 -2.05504082e-02
  -3.77311086e-02 -3.43127667e-02 -3.26500626e-02 -3.35487018e-02]
 [            nan             nan             nan             nan
              nan  1.71734644e-01  2.20068513e-01  2.31056969e-01
   2.24311433e-01  3.43427918e-01  1.99591051e-01  2.30687391e-01
   2.10809555e-01  1.95670654e-01  2.02792061e-01  2.11797469e-01]
 [            nan             nan             nan             nan
              nan             nan  7.12155978e-02  6.27935264e-02
   6.96231052e-02  7.15804040e-02  6.18402011e-02  6.80079276e-02
   8.91080687e-02  6.27261636e-02  6.30713502e-02  5.02744901e-02]
 [            nan             nan             nan             nan
              nan             nan             nan -2.52952280e-02
  -3.38962996e-02  4.31505320e-02 -1.47399542e-02 -1.04060082e-02
  -1.52459707e-02 -1.09393092e-02 -1.54830649e-02 -1.35930429e-02]
 [            nan             nan             nan             nan
              nan             nan             nan             nan
  -2.94076150e-02 -7.54438531e-02 -2.08351144e-02 -3.00960477e-02
  -3.05388784e-02 -1.96744004e-02 -1.37246665e-02  2.38170131e-03]
 [            nan             nan             nan             nan
              nan             nan             nan             nan
              nan -6.58489854e-03 -4.65679864e-02 -4.37653660e-02
  -3.74475362e-02 -4.48327059e-02 -4.77608260e-02 -5.48644784e-02]
 [            nan             nan             nan             nan
              nan             nan             nan             nan
              nan             nan -1.24429355e-01 -1.27623791e-01
  -8.66747120e-02 -1.28177839e-01 -1.22579849e-01 -9.65059151e-02]
 [            nan             nan             nan             nan
              nan             nan             nan             nan
              nan             nan             nan  4.67673238e-03
   6.05803754e-03  5.35917947e-03  5.18427032e-03  3.35485600e-03]
 [            nan             nan             nan             nan
              nan             nan             nan             nan
              nan             nan             nan             nan
  -4.09735646e-03  2.26306866e-03  1.99237755e-03  1.62280276e-02]
 [            nan             nan             nan             nan
              nan             nan             nan             nan
              nan             nan             nan             nan
              nan -3.68017138e-02 -3.45620862e-02 -4.12236579e-02]
 [            nan             nan             nan             nan
              nan             nan             nan             nan
              nan             nan             nan             nan
              nan             nan -1.55015543e-05 -2.12508564e-05]
 [            nan             nan             nan             nan
              nan             nan             nan             nan
              nan             nan             nan             nan
              nan             nan             nan -1.99492504e-02]
 [            nan             nan             nan             nan
              nan             nan             nan             nan
              nan             nan             nan             nan
              nan             nan             nan             nan]]
S2_conf:[[           nan 9.85076611e-03 9.73314758e-03 1.21271304e-02
  7.52125424e-03 1.04023175e-02 9.56256231e-03 1.14443272e-02
  1.06246742e-02 1.69846855e-02 9.59804011e-03 1.03609063e-02
  1.01244265e-02 9.73376605e-03 9.72309237e-03 1.20624011e-02]
 [           nan            nan 1.24804337e-02 1.45771266e-02
  1.18255015e-02 1.22597944e-02 1.26803746e-02 1.56972786e-02
  1.22718813e-02 2.07876505e-02 1.23701127e-02 1.32728370e-02
  1.31005532e-02 1.24811344e-02 1.23138339e-02 1.54504439e-02]
 [           nan            nan            nan 7.51878131e-06
  8.42422571e-06 8.24527243e-06 7.90421529e-06 8.63853533e-06
  1.10427449e-05 1.05139164e-05 8.01553554e-06 8.73691282e-06
  8.18548554e-06 8.12009945e-06 8.11164179e-06 8.04548010e-06]
 [           nan            nan            nan            nan
  1.15857271e-01 1.31878116e-01 1.26870055e-01 1.34051982e-01
  1.20799608e-01 2.16301302e-01 1.25506074e-01 1.37597741e-01
  1.28670082e-01 1.27140557e-01 1.23928768e-01 1.43847265e-01]
 [           nan            nan            nan            nan
             nan 1.67138110e-01 1.67703134e-01 2.16175706e-01
  1.91057894e-01 3.84856165e-01 1.66355667e-01 1.87654680e-01
  1.79903568e-01 1.68074434e-01 1.63367531e-01 2.28322924e-01]
 [           nan            nan            nan            nan
             nan            nan 1.41045184e-01 1.47907546e-01
  1.69435913e-01 1.39771393e-01 1.39114251e-01 1.47039314e-01
  1.45154972e-01 1.38324646e-01 1.47450453e-01 1.70059019e-01]
 [           nan            nan            nan            nan
             nan            nan            nan 1.08049477e-01
  9.20243336e-02 1.83933061e-01 8.36623605e-02 9.54383405e-02
  9.12339822e-02 8.48736473e-02 8.19795866e-02 1.07252616e-01]
 [           nan            nan            nan            nan
             nan            nan            nan            nan
  1.53848473e-01 1.78928624e-01 1.35285713e-01 1.32465798e-01
  1.40701241e-01 1.35548077e-01 1.41298156e-01 1.77123690e-01]
 [           nan            nan            nan            nan
             nan            nan            nan            nan
             nan 1.52713782e-01 1.16816719e-01 1.21193706e-01
  1.22969341e-01 1.15940894e-01 1.16848720e-01 1.39675000e-01]
 [           nan            nan            nan            nan
             nan            nan            nan            nan
             nan            nan 2.92598704e-01 3.11239949e-01
  3.23680080e-01 2.97311857e-01 2.89768847e-01 3.25253112e-01]
 [           nan            nan            nan            nan
             nan            nan            nan            nan
             nan            nan            nan 1.29639053e-02
  1.30014132e-02 1.28066764e-02 1.24946451e-02 1.40275090e-02]
 [           nan            nan            nan            nan
             nan            nan            nan            nan
             nan            nan            nan            nan
  5.86324287e-02 6.42376121e-02 6.52547519e-02 8.09844912e-02]
 [           nan            nan            nan            nan
             nan            nan            nan            nan
             nan            nan            nan            nan
             nan 7.40627591e-02 7.42723285e-02 9.32724272e-02]
 [           nan            nan            nan            nan
             nan            nan            nan            nan
             nan            nan            nan            nan
             nan            nan 5.16082386e-05 6.54746891e-05]
 [           nan            nan            nan            nan
             nan            nan            nan            nan
             nan            nan            nan            nan
             nan            nan            nan 5.48050419e-02]
 [           nan            nan            nan            nan
             nan            nan            nan            nan
             nan            nan            nan            nan
             nan            nan            nan            nan]]
