S1:[ 3.87517313e-05  2.57499634e-03  1.32305256e-04  4.20094166e-02
 -1.58591484e-02  1.28864476e-01  1.69179632e-03 -5.95786413e-02
  1.27753822e-02  4.48651411e-02 -4.89896303e-03  6.37561094e-03
  2.72005952e-02 -7.17901637e-06 -3.15809293e-03 -1.46161660e-02]
S1_conf:[1.02497018e-04 6.13897078e-03 8.69397398e-04 1.02856817e-01
 3.50662379e-02 2.83316790e-01 6.75937377e-03 1.38132064e-01
 4.89708591e-02 1.09122884e-01 1.21431128e-02 1.94813918e-02
 5.66687065e-02 2.16303802e-05 7.98748388e-03 2.34464327e-02]
ST:[1.16529288e-05 4.69598746e-04 1.20784609e-03 1.27758536e-01
 2.53335258e-01 2.39933065e-01 5.13789123e-02 1.17421789e+00
 2.20285465e-01 9.34406653e-02 3.90310746e-03 2.55464350e-02
 3.40598050e-01 1.46098969e-08 2.96153251e-04 3.98471549e-01]
ST_conf:[1.91491264e-05 7.57277161e-04 1.82122925e-03 1.23920078e-01
 3.28974126e-01 2.98218659e-01 4.85278783e-02 1.63170517e+00
 3.06337706e-01 7.86856527e-02 5.01630001e-03 3.71090964e-02
 3.56223176e-01 2.44917423e-08 3.40806316e-04 4.81235676e-01]
S2:[[            nan -4.09008995e-05 -3.96291376e-05 -5.93131685e-05
  -3.75131372e-05 -2.35547834e-04 -4.05695910e-05 -1.45605910e-05
  -4.90281383e-05 -6.03259391e-05 -3.75038281e-05 -4.33451257e-05
  -5.22304096e-05 -3.97452209e-05 -3.82585666e-05 -3.57443796e-05]
 [            nan             nan -4.45184073e-03 -5.55189020e-03
  -4.10679135e-03 -4.00946637e-03 -4.50439833e-03 -3.06850997e-03
  -4.97710742e-03 -5.60848926e-03 -4.33306702e-03 -4.65951013e-03
  -5.06890495e-03 -4.45832809e-03 -4.37524586e-03 -4.23473957e-03]
 [            nan             nan             nan  3.87201297e-04
   3.15406470e-05  6.27242342e-04  1.33938538e-04 -2.21073189e-04
   2.48230221e-04  4.00885829e-04  9.25140243e-05  1.71441494e-04
   2.68017495e-04  1.22799668e-04  1.02712032e-04  6.87403988e-05]
 [            nan             nan             nan             nan
  -5.74015566e-02 -1.04284823e-01 -6.31708823e-02 -4.11557850e-02
  -7.01903748e-02 -7.95660779e-02 -6.06266984e-02 -6.54742146e-02
  -7.16053816e-02 -6.24867625e-02 -6.12530331e-02 -5.91665853e-02]
 [            nan             nan             nan             nan
              nan -2.63843614e-02  4.74672136e-02  5.22636248e-02
   5.12974112e-02  6.02669540e-02  4.33313517e-02  4.83377446e-02
   4.93936945e-02  4.49652705e-02  4.40135272e-02  4.15841125e-02]
 [            nan             nan             nan             nan
              nan             nan -1.58365485e-01  1.48417962e-01
  -1.72210156e-01 -1.89922983e-01 -1.52662826e-01 -1.62299120e-01
  -1.37050231e-01 -1.55927607e-01 -1.53301894e-01 -1.42340740e-01]
 [            nan             nan             nan             nan
              nan             nan             nan  3.39317242e-03
  -4.06247271e-03 -4.87621704e-03 -3.23241364e-03 -3.65314355e-03
  -4.36494929e-03 -3.39385396e-03 -3.28677503e-03 -3.10568621e-03]
 [            nan             nan             nan             nan
              nan             nan             nan             nan
   2.21173415e-01  2.81134599e-01  1.60010069e-01  1.91011777e-01
   2.56047507e-01  1.71905886e-01  1.64015717e-01  1.50672091e-01]
 [            nan             nan             nan             nan
              nan             nan             nan             nan
              nan -3.83303649e-02 -2.81846612e-02 -3.07814444e-02
  -3.40907499e-02 -2.91810855e-02 -2.85201846e-02 -2.74024880e-02]
 [            nan             nan             nan             nan
              nan             nan             nan             nan
              nan             nan -5.96598541e-02 -6.45516209e-02
  -7.04401169e-02 -6.15368978e-02 -6.02919063e-02 -5.81864124e-02]
 [            nan             nan             nan             nan
              nan             nan             nan             nan
              nan             nan             nan  7.51599575e-03
   8.44234632e-03  7.11839555e-03  6.95419842e-03  6.67651295e-03]
 [            nan             nan             nan             nan
              nan             nan             nan             nan
              nan             nan             nan             nan
  -1.36809353e-02 -1.08372630e-02 -1.04514703e-02 -9.79902892e-03]
 [            nan             nan             nan             nan
              nan             nan             nan             nan
              nan             nan             nan             nan
              nan -3.70233889e-02 -3.46823672e-02 -9.25082548e-03]
 [            nan             nan             nan             nan
              nan             nan             nan             nan
              nan             nan             nan             nan
              nan             nan  6.27750882e-06  6.17721569e-06]
 [            nan             nan             nan             nan
              nan             nan             nan             nan
              nan             nan             nan             nan
              nan             nan             nan  5.10395122e-03]
 [            nan             nan             nan             nan
              nan             nan             nan             nan
              nan             nan             nan             nan
              nan             nan             nan             nan]]
S2_conf:[[           nan 1.42883181e-04 1.40394627e-04 1.81689005e-04
  1.29696169e-04 5.62380646e-04 1.42231858e-04 1.01114896e-04
  1.59449623e-04 1.83938545e-04 1.36309066e-04 1.47750941e-04
  1.63087312e-04 1.40620458e-04 1.37749052e-04 1.33001266e-04]
 [           nan            nan 9.17150374e-03 1.19887555e-02
  8.29155654e-03 1.09935855e-02 9.30600656e-03 5.65137200e-03
  1.05162463e-02 1.21337967e-02 8.86759303e-03 9.70303219e-03
  1.07524123e-02 9.18810518e-03 8.97550951e-03 8.61605465e-03]
 [           nan            nan            nan 2.26492659e-03
  1.42121272e-03 2.24345935e-03 1.64717338e-03 8.80105488e-04
  1.92330009e-03 2.29881617e-03 1.54866590e-03 1.73715407e-03
  1.97785795e-03 1.62058761e-03 1.57282188e-03 1.49261892e-03]
 [           nan            nan            nan            nan
  1.39792475e-01 2.02565296e-01 1.54904103e-01 1.00444030e-01
  1.72906450e-01 1.96957366e-01 1.48380446e-01 1.60810780e-01
  1.76413514e-01 1.53149849e-01 1.49986390e-01 1.44636853e-01]
 [           nan            nan            nan            nan
             nan 2.47059355e-01 9.08817386e-02 9.13546276e-02
  1.05773636e-01 1.28871490e-01 8.32587544e-02 9.53148008e-02
  1.07713445e-01 8.76528244e-02 8.48423064e-02 7.94430999e-02]
 [           nan            nan            nan            nan
             nan            nan 3.26313498e-01 6.60026702e-01
  3.47054319e-01 3.76880744e-01 3.19217498e-01 3.32533889e-01
  3.18211708e-01 3.23957432e-01 3.20560582e-01 3.12398188e-01]
 [           nan            nan            nan            nan
             nan            nan            nan 1.42285262e-02
  1.45737194e-02 1.64551493e-02 1.27215892e-02 1.36502004e-02
  1.48357611e-02 1.30751572e-02 1.28402382e-02 1.24466798e-02]
 [           nan            nan            nan            nan
             nan            nan            nan            nan
  5.83519014e-01 7.36734717e-01 4.27775661e-01 5.06617060e-01
  6.34601483e-01 4.57997368e-01 4.37947168e-01 4.04086033e-01]
 [           nan            nan            nan            nan
             nan            nan            nan            nan
             nan 1.01652847e-01 7.57676147e-02 8.23830751e-02
  9.06943603e-02 7.83050263e-02 7.66218755e-02 7.37768094e-02]
 [           nan            nan            nan            nan
             nan            nan            nan            nan
             nan            nan 1.57125363e-01 1.69665722e-01
  1.85418788e-01 1.61936932e-01 1.58745498e-01 1.53348720e-01]
 [           nan            nan            nan            nan
             nan            nan            nan            nan
             nan            nan            nan 2.05122004e-02
  2.25847155e-02 1.94968928e-02 1.90777731e-02 1.83692258e-02]
 [           nan            nan            nan            nan
             nan            nan            nan            nan
             nan            nan            nan            nan
  4.31943918e-02 3.59529994e-02 3.49696065e-02 3.33074827e-02]
 [           nan            nan            nan            nan
             nan            nan            nan            nan
             nan            nan            nan            nan
             nan 1.67263611e-01 1.60675633e-01 1.60295309e-01]
 [           nan            nan            nan            nan
             nan            nan            nan            nan
             nan            nan            nan            nan
             nan            nan 2.44815002e-05 2.42249750e-05]
 [           nan            nan            nan            nan
             nan            nan            nan            nan
             nan            nan            nan            nan
             nan            nan            nan 1.34921577e-02]
 [           nan            nan            nan            nan
             nan            nan            nan            nan
             nan            nan            nan            nan
             nan            nan            nan            nan]]
