S1:[-2.70610757e-04  7.37000805e-03  9.17649710e-04  3.64505034e-02
 -8.39817927e-03  1.54387431e-01  1.38769884e-03 -3.88938955e-02
  7.17698507e-03  4.11349916e-02 -3.49212915e-03  5.18986921e-03
  2.12852065e-02 -2.97368759e-06 -5.70083208e-03 -1.10028914e-02]
S1_conf:[1.01786542e-03 1.30914952e-02 2.53317318e-03 7.25370198e-02
 2.51177219e-02 3.23582965e-01 5.78662991e-03 8.01750718e-02
 2.82557204e-02 7.69226622e-02 6.78536528e-03 1.43330484e-02
 2.76965741e-02 7.16130003e-06 1.10716231e-02 1.64795453e-02]
ST:[1.87627181e-03 7.23062465e-03 1.47817911e-02 1.25607282e-01
 3.58744204e-01 3.12222395e-01 6.13946132e-02 8.93344410e-01
 1.49931604e-01 1.15987721e-01 3.42650654e-03 3.43964042e-02
 4.18786218e-01 5.56216187e-09 1.85901377e-03 2.42656452e-01]
ST_conf:[1.69619162e-03 9.88379845e-03 2.07656993e-02 1.24848804e-01
 4.37670706e-01 2.97537654e-01 5.40990567e-02 8.88762982e-01
 2.57470840e-01 7.33519032e-02 4.00367503e-03 4.21872206e-02
 3.10128393e-01 7.33186387e-09 1.38144179e-03 3.62133498e-01]
S2:[[            nan  1.86592825e-04  1.47859057e-04  3.44466345e-04
   3.20287474e-04  3.89191834e-03  1.58384054e-04 -2.41513112e-05
   2.23795053e-04  3.59776715e-04  1.32469078e-04  1.86630260e-04
   3.33059769e-04  1.51136977e-04  1.21122564e-04  1.17718604e-04]
 [            nan             nan -1.25369833e-02 -1.53139276e-02
  -1.18656596e-02 -8.31724624e-03 -1.26815333e-02 -9.25772345e-03
  -1.36095276e-02 -1.55301761e-02 -1.23196103e-02 -1.30846002e-02
  -1.36038223e-02 -1.25832817e-02 -1.21593485e-02 -1.21112699e-02]
 [            nan             nan             nan  3.11054522e-04
  -6.69421987e-04  1.45924862e-03 -3.58175169e-04 -1.34355687e-03
  -1.22163458e-04  3.66019774e-04 -4.50029798e-04 -2.55587543e-04
  -1.74909719e-04 -3.83010798e-04 -4.90764540e-04 -5.02984982e-04]
 [            nan             nan             nan             nan
  -5.13472651e-02 -1.08756555e-01 -5.49944917e-02 -3.15891852e-02
  -6.00201527e-02 -7.04237652e-02 -5.30330336e-02 -5.71767685e-02
  -6.03845453e-02 -5.44612673e-02 -5.21649406e-02 -5.19045123e-02]
 [            nan             nan             nan             nan
              nan -2.15098312e-02  4.42306863e-02  6.10070490e-02
   4.15776552e-02  4.57055580e-02  4.09225863e-02  4.44164819e-02
   3.41292664e-02  4.09219784e-02  4.15777798e-02  3.76762789e-02]
 [            nan             nan             nan             nan
              nan             nan -1.58525662e-01  1.21588753e-01
  -1.54918394e-01 -1.80499332e-01 -1.54187819e-01 -1.59633377e-01
  -1.28747687e-01 -1.54767507e-01 -1.50382317e-01 -1.27325541e-01]
 [            nan             nan             nan             nan
              nan             nan             nan  5.70905992e-03
  -3.09823531e-03 -3.76800466e-03 -2.64841482e-03 -2.91518240e-03
  -3.26108862e-03 -2.74036241e-03 -2.59252826e-03 -2.57576227e-03]
 [            nan             nan             nan             nan
              nan             nan             nan             nan
   1.26845489e-01  1.70932248e-01  9.75152877e-02  1.14702339e-01
   1.71531293e-01  1.03436254e-01  9.37811816e-02  9.25770753e-02]
 [            nan             nan             nan             nan
              nan             nan             nan             nan
              nan -2.60502628e-02 -1.87524626e-02 -2.04913285e-02
  -2.20059834e-02 -1.93518028e-02 -1.83881784e-02 -1.82788929e-02]
 [            nan             nan             nan             nan
              nan             nan             nan             nan
              nan             nan -5.49605140e-02 -5.91801345e-02
  -5.96524657e-02 -5.64149034e-02 -5.40765232e-02 -5.38113256e-02]
 [            nan             nan             nan             nan
              nan             nan             nan             nan
              nan             nan             nan  5.37997695e-03
   5.97111661e-03  5.11528520e-03  4.89145223e-03  4.86606714e-03]
 [            nan             nan             nan             nan
              nan             nan             nan             nan
              nan             nan             nan             nan
  -1.10377391e-02 -9.31844923e-03 -8.63146648e-03 -8.55355520e-03]
 [            nan             nan             nan             nan
              nan             nan             nan             nan
              nan             nan             nan             nan
              nan  2.59689372e-03  5.58885941e-03  3.03125222e-02]
 [            nan             nan             nan             nan
              nan             nan             nan             nan
              nan             nan             nan             nan
              nan             nan  3.16422699e-06  3.13534487e-06]
 [            nan             nan             nan             nan
              nan             nan             nan             nan
              nan             nan             nan             nan
              nan             nan             nan  1.01289000e-02]
 [            nan             nan             nan             nan
              nan             nan             nan             nan
              nan             nan             nan             nan
              nan             nan             nan             nan]]
S2_conf:[[           nan 1.51428613e-03 1.45906672e-03 1.75800465e-03
  1.51150964e-03 8.72672808e-03 1.47344697e-03 1.13794584e-03
  1.56921501e-03 1.78294248e-03 1.43773546e-03 1.51434050e-03
  1.59629831e-03 1.46365633e-03 1.42224467e-03 1.41763763e-03]
 [           nan            nan 1.92787786e-02 2.48794241e-02
  1.79721326e-02 2.55930459e-02 1.95697242e-02 1.35679830e-02
  2.14390978e-02 2.53164105e-02 1.88415187e-02 2.03812459e-02
  2.14501761e-02 1.93719385e-02 1.85192847e-02 1.84226392e-02]
 [           nan            nan            nan 5.12993826e-03
  3.60862501e-03 6.16280872e-03 3.94636169e-03 2.77206474e-03
  4.35183053e-03 5.23099127e-03 3.79293182e-03 4.12052418e-03
  4.34872206e-03 3.90442757e-03 3.72596857e-03 3.70600456e-03]
 [           nan            nan            nan            nan
  1.00378532e-01 1.64140757e-01 1.09049232e-01 7.82581558e-02
  1.19241933e-01 1.40350889e-01 1.05074956e-01 1.13475542e-01
  1.19325639e-01 1.07969980e-01 1.03315579e-01 1.02787803e-01]
 [           nan            nan            nan            nan
             nan 2.02677849e-01 5.62352470e-02 1.02054771e-01
  5.53432379e-02 6.81034233e-02 5.14772871e-02 5.69938215e-02
  5.42309552e-02 5.25800147e-02 5.31996211e-02 4.97883378e-02]
 [           nan            nan            nan            nan
             nan            nan 3.26419217e-01 5.35319955e-01
  3.28627848e-01 3.35877916e-01 3.25343053e-01 3.27244511e-01
  3.25964072e-01 3.25824556e-01 3.24709928e-01 3.24308339e-01]
 [           nan            nan            nan            nan
             nan            nan            nan 1.62923420e-02
  9.98424006e-03 1.08716618e-02 9.45182145e-03 9.76073994e-03
  9.98603759e-03 9.55594852e-03 9.38978669e-03 9.37136482e-03]
 [           nan            nan            nan            nan
             nan            nan            nan            nan
  2.80255623e-01 3.68381311e-01 2.21435065e-01 2.56316427e-01
  2.86941974e-01 2.33433784e-01 2.14182658e-01 2.11997028e-01]
 [           nan            nan            nan            nan
             nan            nan            nan            nan
             nan 5.67740291e-02 4.23108798e-02 4.57352614e-02
  4.81407915e-02 4.34891635e-02 4.15958434e-02 4.13815080e-02]
 [           nan            nan            nan            nan
             nan            nan            nan            nan
             nan            nan 1.10906777e-01 1.19445103e-01
  1.25232416e-01 1.13849010e-01 1.09118854e-01 1.08582537e-01]
 [           nan            nan            nan            nan
             nan            nan            nan            nan
             nan            nan            nan 1.09132814e-02
  1.15377324e-02 1.03831504e-02 9.93552741e-03 9.88480523e-03]
 [           nan            nan            nan            nan
             nan            nan            nan            nan
             nan            nan            nan            nan
  2.86991447e-02 2.53622354e-02 2.40005747e-02 2.38464042e-02]
 [           nan            nan            nan            nan
             nan            nan            nan            nan
             nan            nan            nan            nan
             nan 8.74983564e-02 8.13506365e-02 1.03334751e-01]
 [           nan            nan            nan            nan
             nan            nan            nan            nan
             nan            nan            nan            nan
             nan            nan 1.14169005e-05 1.13611097e-05]
 [           nan            nan            nan            nan
             nan            nan            nan            nan
             nan            nan            nan            nan
             nan            nan            nan 2.03102364e-02]
 [           nan            nan            nan            nan
             nan            nan            nan            nan
             nan            nan            nan            nan
             nan            nan            nan            nan]]
