S1:[-1.77008756e-05 -8.13837011e-05 -6.37929326e-05  9.41069206e-04
  5.17485057e-03  1.41703705e-01  2.52373975e-02  3.92852422e-03
 -1.32466563e-03  1.34335955e-03 -5.48142373e-04  3.61933203e-05
  2.78071350e-02  2.20392424e-07  1.89272704e-04  1.71490685e-03]
S1_conf:[4.41900120e-05 2.06926247e-04 1.09151291e-04 2.24960345e-03
 1.15697985e-02 2.11065800e-01 4.92034434e-02 6.12136182e-03
 2.00645905e-03 2.25645261e-03 1.41635111e-03 2.25039608e-03
 2.48134995e-02 5.89217612e-07 2.89527883e-04 1.92159539e-03]
ST:[2.60881455e-05 6.67490671e-04 1.86732220e-04 9.68470256e-02
 3.90131468e-01 6.86088577e-01 3.29052168e-02 4.98778598e-01
 7.04403883e-02 8.19720210e-02 4.97953194e-03 7.04339105e-02
 5.92529903e-01 5.56904020e-09 1.40965326e-03 8.72677412e-02]
ST_conf:[3.44431708e-05 5.31227280e-04 1.09737448e-04 6.82670313e-02
 1.81484639e-01 2.96256165e-01 1.94804225e-02 3.35913970e-01
 4.50295383e-02 5.23905860e-02 3.27965920e-03 6.84010542e-02
 3.46026414e-01 3.89587149e-09 8.52259611e-04 6.41839815e-02]
S2:[[            nan  5.31074723e-05  5.32369566e-05  5.16337675e-05
   2.10714813e-05  1.15036473e-03  3.21617472e-04  4.76972520e-05
   5.31776639e-05  5.26118684e-05  4.55682539e-05  5.59752093e-05
   1.76697017e-04  5.36551159e-05  5.31957037e-05  5.32590672e-05]
 [            nan             nan  1.42201551e-04  1.36483399e-04
   2.48791478e-04  4.22716047e-03  1.03751281e-03  1.55544196e-04
   1.26691394e-04  1.30058264e-04  1.16973174e-04  1.39747296e-04
   2.42568299e-04  1.44854309e-04  1.42255870e-04  1.36014801e-04]
 [            nan             nan             nan -1.10775683e-06
   8.03650662e-05  8.64978446e-04  2.31029398e-04 -2.77409666e-05
  -2.93894953e-06 -2.73604384e-07 -2.68001277e-06 -4.94026642e-07
   2.73796722e-05  3.44056020e-06  3.27325079e-06  1.42871729e-06]
 [            nan             nan             nan             nan
  -2.89730682e-03  4.87891604e-02  1.10421821e-02  1.67653150e-03
  -1.19107913e-04 -9.55988860e-05 -3.96833407e-04 -4.73350088e-05
  -9.86344936e-04 -9.93220070e-05 -1.02342405e-04 -8.46973822e-05]
 [            nan             nan             nan             nan
              nan  1.40319769e-01  1.36148304e-02  1.03626568e-02
  -2.26704121e-03 -2.04410562e-03 -3.23311599e-03 -2.11296351e-03
   3.22719521e-02 -2.81296710e-03 -2.82451469e-03 -3.21082596e-03]
 [            nan             nan             nan             nan
              nan             nan -1.46031823e-01 -1.23073010e-01
  -1.24937247e-01 -1.17034982e-01 -1.19435076e-01 -1.17521946e-01
  -1.18922689e-01 -1.19657771e-01 -1.19617903e-01 -1.16385073e-01]
 [            nan             nan             nan             nan
              nan             nan             nan -2.40442730e-02
  -2.51647107e-02 -2.52205806e-02 -2.50106922e-02 -2.52322080e-02
  -2.39288266e-02 -2.51209304e-02 -2.51186447e-02 -2.51413161e-02]
 [            nan             nan             nan             nan
              nan             nan             nan             nan
   3.47344576e-02  1.52694594e-02  2.33092753e-02  2.44855800e-02
   1.01904430e-01  2.20887810e-02  2.11138367e-02  1.09008686e-02]
 [            nan             nan             nan             nan
              nan             nan             nan             nan
              nan  2.12163537e-03  2.90015850e-03  2.14696710e-03
   8.32002027e-05  2.93056202e-03  2.80700062e-03  2.32669406e-03]
 [            nan             nan             nan             nan
              nan             nan             nan             nan
              nan             nan  2.88748303e-04 -6.84860894e-05
  -2.90096129e-03  2.98424144e-04  2.37608875e-04  2.06398590e-05]
 [            nan             nan             nan             nan
              nan             nan             nan             nan
              nan             nan             nan  1.18215732e-03
   3.69319707e-03  1.19261813e-03  1.17440912e-03  1.13796360e-03]
 [            nan             nan             nan             nan
              nan             nan             nan             nan
              nan             nan             nan             nan
   7.10556995e-03  1.99379161e-03  1.99171135e-03  1.93269424e-03]
 [            nan             nan             nan             nan
              nan             nan             nan             nan
              nan             nan             nan             nan
              nan  2.22865413e-02  2.03374733e-02  9.76623946e-03]
 [            nan             nan             nan             nan
              nan             nan             nan             nan
              nan             nan             nan             nan
              nan             nan  8.28235556e-08  8.00916105e-08]
 [            nan             nan             nan             nan
              nan             nan             nan             nan
              nan             nan             nan             nan
              nan             nan             nan -5.82484739e-04]
 [            nan             nan             nan             nan
              nan             nan             nan             nan
              nan             nan             nan             nan
              nan             nan             nan             nan]]
S2_conf:[[           nan 5.72421621e-05 5.72495231e-05 5.67600136e-05
  6.43551683e-05 2.39222644e-03 5.60402057e-04 5.66644289e-05
  5.74364721e-05 5.77365376e-05 5.63150357e-05 5.88611970e-05
  2.22377272e-04 5.73987452e-05 5.73631292e-05 5.74539562e-05]
 [           nan            nan 2.49352273e-04 2.46192299e-04
  2.57548237e-04 8.19190296e-03 1.93475567e-03 2.99138827e-04
  2.48790248e-04 2.48363772e-04 2.33428607e-04 2.57093799e-04
  9.91305633e-04 2.50593343e-04 2.49181611e-04 2.48537174e-04]
 [           nan            nan            nan 1.53227636e-04
  1.75266623e-04 2.16904937e-03 5.49796050e-04 1.79353369e-04
  1.54749330e-04 1.54842755e-04 1.50221897e-04 1.56320918e-04
  3.03690343e-04 1.54815509e-04 1.54738157e-04 1.54969751e-04]
 [           nan            nan            nan            nan
  4.60654225e-03 1.02121336e-01 2.39676964e-02 4.92694376e-03
  3.99488291e-03 3.98299823e-03 3.86779481e-03 4.06677215e-03
  1.46712523e-02 3.98873405e-03 3.98240370e-03 3.98743718e-03]
 [           nan            nan            nan            nan
             nan 1.50960881e-01 3.68650891e-02 2.10736682e-02
  1.19653422e-02 1.20295806e-02 1.14958058e-02 1.20307232e-02
  5.47900818e-02 1.17257361e-02 1.17207167e-02 1.16320245e-02]
 [           nan            nan            nan            nan
             nan            nan 2.59837933e-01 2.11829140e-01
  2.11438251e-01 2.10943733e-01 2.10154183e-01 2.11660219e-01
  2.30644199e-01 2.11508171e-01 2.11550311e-01 2.10117931e-01]
 [           nan            nan            nan            nan
             nan            nan            nan 4.89627656e-02
  4.89730836e-02 4.89731390e-02 4.86769265e-02 4.90755234e-02
  5.44121283e-02 4.89667444e-02 4.89601935e-02 4.89704680e-02]
 [           nan            nan            nan            nan
             nan            nan            nan            nan
  4.95752721e-02 2.41739933e-02 3.28026114e-02 3.58549184e-02
  1.13548534e-01 3.15269042e-02 3.08887198e-02 1.69656095e-02]
 [           nan            nan            nan            nan
             nan            nan            nan            nan
             nan 2.86056159e-03 3.65507787e-03 2.95000179e-03
  3.95525634e-03 3.89058139e-03 3.68484756e-03 3.07498537e-03]
 [           nan            nan            nan            nan
             nan            nan            nan            nan
             nan            nan 3.77863414e-03 3.60945802e-03
  1.28231906e-02 3.85968939e-03 3.80111541e-03 3.63596311e-03]
 [           nan            nan            nan            nan
             nan            nan            nan            nan
             nan            nan            nan 1.91620678e-03
  5.26621681e-03 1.84404457e-03 1.83344624e-03 1.83376987e-03]
 [           nan            nan            nan            nan
             nan            nan            nan            nan
             nan            nan            nan            nan
  1.72306438e-02 2.90679951e-03 2.90494642e-03 2.90361430e-03]
 [           nan            nan            nan            nan
             nan            nan            nan            nan
             nan            nan            nan            nan
             nan 5.89974430e-02 5.61655088e-02 3.99757277e-02]
 [           nan            nan            nan            nan
             nan            nan            nan            nan
             nan            nan            nan            nan
             nan            nan 7.28473352e-07 7.29560142e-07]
 [           nan            nan            nan            nan
             nan            nan            nan            nan
             nan            nan            nan            nan
             nan            nan            nan 4.42585542e-04]
 [           nan            nan            nan            nan
             nan            nan            nan            nan
             nan            nan            nan            nan
             nan            nan            nan            nan]]
