S1:[ 0.          0.          0.          0.          0.         -0.01480455
  0.         -2.43726728  0.          0.          0.          0.
  0.          0.          0.          0.        ]
S1_conf:[0.00000000e+00 0.00000000e+00 0.00000000e+00 0.00000000e+00
 0.00000000e+00 9.29348017e+28 0.00000000e+00 2.28606255e+31
 0.00000000e+00 0.00000000e+00 0.00000000e+00 0.00000000e+00
 0.00000000e+00 0.00000000e+00 0.00000000e+00 0.00000000e+00]
ST:[0.00000000e+00 0.00000000e+00 0.00000000e+00 0.00000000e+00
 0.00000000e+00 4.23907113e-02 0.00000000e+00 1.14891083e+03
 0.00000000e+00 0.00000000e+00 0.00000000e+00 0.00000000e+00
 0.00000000e+00 0.00000000e+00 0.00000000e+00 0.00000000e+00]
ST_conf:[0.00000000e+00 0.00000000e+00 0.00000000e+00 0.00000000e+00
 0.00000000e+00 2.66105428e+29 0.00000000e+00 1.07763398e+34
 0.00000000e+00 0.00000000e+00 0.00000000e+00 0.00000000e+00
 0.00000000e+00 0.00000000e+00 0.00000000e+00 0.00000000e+00]
S2:[[            nan -2.09548268e-03 -2.09548268e-03 -2.09548268e-03
  -2.09548268e-03 -2.09548268e-03 -2.09548268e-03 -2.09548268e-03
  -2.09548268e-03 -2.09548268e-03 -2.09548268e-03 -2.09548268e-03
  -2.09548268e-03 -2.09548268e-03 -2.09548268e-03 -2.09548268e-03]
 [            nan             nan -1.06304654e-03 -1.06304654e-03
  -1.06304654e-03 -1.06304654e-03 -1.06304654e-03 -1.06304654e-03
  -1.06304654e-03 -1.06304654e-03 -1.06304654e-03 -1.06304654e-03
  -1.06304654e-03 -1.06304654e-03 -1.06304654e-03 -1.06304654e-03]
 [            nan             nan             nan -1.07273241e-03
  -1.07273241e-03 -1.07273241e-03 -1.07273241e-03 -1.07273241e-03
  -1.07273241e-03 -1.07273241e-03 -1.07273241e-03 -1.07273241e-03
  -1.07273241e-03 -1.07273241e-03 -1.07273241e-03 -1.07273241e-03]
 [            nan             nan             nan             nan
  -1.23572006e-01 -1.23572006e-01 -1.23572006e-01 -1.23572006e-01
  -1.23572006e-01 -1.23572006e-01 -1.23572006e-01 -1.23572006e-01
  -1.23572006e-01 -1.23572006e-01 -1.23572006e-01 -1.23572006e-01]
 [            nan             nan             nan             nan
              nan  7.71357102e-01 -1.63191047e-01 -1.63191047e-01
  -1.63191047e-01 -1.63191047e-01 -1.63191047e-01 -1.63191047e-01
  -1.63191047e-01 -1.63191047e-01 -1.63191047e-01 -1.63191047e-01]
 [            nan             nan             nan             nan
              nan             nan  8.69922404e-02  8.69922404e-02
   8.69922404e-02  8.69922404e-02  8.69922404e-02  8.69922404e-02
   8.69922404e-02  8.69922404e-02  8.69922404e-02  8.69922404e-02]
 [            nan             nan             nan             nan
              nan             nan             nan  5.97736214e-02
   5.97736214e-02  5.97736214e-02  5.97736214e-02  5.97736214e-02
   5.97736214e-02  5.97736214e-02  5.97736214e-02  5.97736214e-02]
 [            nan             nan             nan             nan
              nan             nan             nan             nan
   2.45978386e+00  2.45978386e+00  2.45978386e+00  2.45978386e+00
   2.45978386e+00  2.45978386e+00  2.45978386e+00  2.45978386e+00]
 [            nan             nan             nan             nan
              nan             nan             nan             nan
              nan -2.77437527e-03 -2.77437527e-03 -2.77437527e-03
  -2.77437527e-03 -2.77437527e-03 -2.77437527e-03 -2.77437527e-03]
 [            nan             nan             nan             nan
              nan             nan             nan             nan
              nan             nan -5.33024403e-02 -5.33024403e-02
  -5.33024403e-02 -5.33024403e-02 -5.33024403e-02 -5.33024403e-02]
 [            nan             nan             nan             nan
              nan             nan             nan             nan
              nan             nan             nan  6.46926473e-02
   6.46926473e-02  6.46926473e-02  6.46926473e-02  6.46926473e-02]
 [            nan             nan             nan             nan
              nan             nan             nan             nan
              nan             nan             nan             nan
  -8.68645179e-03 -8.68645179e-03 -8.68645179e-03 -8.68645179e-03]
 [            nan             nan             nan             nan
              nan             nan             nan             nan
              nan             nan             nan             nan
              nan -1.65219960e+00 -1.65219960e+00 -1.65219960e+00]
 [            nan             nan             nan             nan
              nan             nan             nan             nan
              nan             nan             nan             nan
              nan             nan  3.08825322e-05  3.08825322e-05]
 [            nan             nan             nan             nan
              nan             nan             nan             nan
              nan             nan             nan             nan
              nan             nan             nan  1.77263743e-03]
 [            nan             nan             nan             nan
              nan             nan             nan             nan
              nan             nan             nan             nan
              nan             nan             nan             nan]]
S2_conf:[[           nan 1.91846975e-03 1.91846975e-03 1.91846975e-03
  1.91846975e-03 1.20978339e+13 1.91846975e-03 4.40541478e+15
  1.91846975e-03 1.91846975e-03 1.91846975e-03 1.91846975e-03
  1.91846975e-03 1.91846975e-03 1.91846975e-03 1.91846975e-03]
 [           nan            nan 9.73247197e-04 9.73247197e-04
  9.73247197e-04 1.20978339e+13 9.73247197e-04 4.40541478e+15
  9.73247197e-04 9.73247197e-04 9.73247197e-04 9.73247197e-04
  9.73247197e-04 9.73247197e-04 9.73247197e-04 9.73247197e-04]
 [           nan            nan            nan 9.82114860e-04
  9.82114860e-04 1.20978339e+13 9.82114860e-04 4.40541478e+15
  9.82114860e-04 9.82114860e-04 9.82114860e-04 9.82114860e-04
  9.82114860e-04 9.82114860e-04 9.82114860e-04 9.82114860e-04]
 [           nan            nan            nan            nan
  1.13133436e-01 1.20978339e+13 1.13133436e-01 4.40541478e+15
  1.13133436e-01 1.13133436e-01 1.13133436e-01 1.13133436e-01
  1.13133436e-01 1.13133436e-01 1.13133436e-01 1.13133436e-01]
 [           nan            nan            nan            nan
             nan 4.84215305e+30 1.02442309e+30 1.02442309e+30
  1.02442309e+30 1.02442309e+30 1.02442309e+30 1.02442309e+30
  1.02442309e+30 1.02442309e+30 1.02442309e+30 1.02442309e+30]
 [           nan            nan            nan            nan
             nan            nan 9.29348017e+28 9.29348017e+28
  9.29348017e+28 9.29348017e+28 9.29348017e+28 9.29348017e+28
  9.29348017e+28 9.29348017e+28 9.29348017e+28 9.29348017e+28]
 [           nan            nan            nan            nan
             nan            nan            nan 4.40541478e+15
  5.47243297e-02 5.47243297e-02 5.47243297e-02 5.47243297e-02
  5.47243297e-02 5.47243297e-02 5.47243297e-02 5.47243297e-02]
 [           nan            nan            nan            nan
             nan            nan            nan            nan
  2.27119715e+31 2.27119715e+31 2.27119715e+31 2.27119715e+31
  2.27119715e+31 2.27119715e+31 2.27119715e+31 2.27119715e+31]
 [           nan            nan            nan            nan
             nan            nan            nan            nan
             nan 2.54001386e-03 2.54001386e-03 2.54001386e-03
  2.54001386e-03 2.54001386e-03 2.54001386e-03 2.54001386e-03]
 [           nan            nan            nan            nan
             nan            nan            nan            nan
             nan            nan 4.87997924e-02 4.87997924e-02
  4.87997924e-02 4.87997924e-02 4.87997924e-02 4.87997924e-02]
 [           nan            nan            nan            nan
             nan            nan            nan            nan
             nan            nan            nan 5.92278278e-02
  5.92278278e-02 5.92278278e-02 5.92278278e-02 5.92278278e-02]
 [           nan            nan            nan            nan
             nan            nan            nan            nan
             nan            nan            nan            nan
  7.95267612e-03 7.95267612e-03 7.95267612e-03 7.95267612e-03]
 [           nan            nan            nan            nan
             nan            nan            nan            nan
             nan            nan            nan            nan
             nan 9.60190116e+30 9.60190116e+30 9.60190116e+30]
 [           nan            nan            nan            nan
             nan            nan            nan            nan
             nan            nan            nan            nan
             nan            nan 2.82737742e-05 2.82737742e-05]
 [           nan            nan            nan            nan
             nan            nan            nan            nan
             nan            nan            nan            nan
             nan            nan            nan 1.62289640e-03]
 [           nan            nan            nan            nan
             nan            nan            nan            nan
             nan            nan            nan            nan
             nan            nan            nan            nan]]
