S1:[-8.57541488e-06  8.05429819e-04  7.21161934e-04  7.17492785e-03
 -2.19168725e-03  1.90031312e-01  1.15315765e-03  2.27257003e-02
 -3.02570085e-03 -4.65551697e-03  2.38943349e-03  5.49400249e-03
  8.02675499e-03  1.24147688e-08 -7.09595072e-05  3.05649333e-03]
S1_conf:[3.09743440e-04 2.47249130e-03 1.00697644e-03 8.91862519e-03
 2.25716832e-02 3.38734312e-01 1.19610588e-02 1.20095575e-02
 9.15280163e-03 1.35752107e-02 3.52399572e-03 7.71493323e-03
 2.53631279e-02 1.09303645e-06 4.95990258e-04 9.26810764e-03]
ST:[1.52428557e-04 9.99328267e-03 2.49094772e-03 1.73419010e-01
 3.62871104e-01 1.49328651e+00 2.07980830e-01 5.89696412e-01
 1.02107977e-01 2.20109272e-01 1.42922915e-02 1.39844039e-01
 8.45908009e-01 1.32855372e-09 3.61102877e-04 1.20661672e-01]
ST_conf:[1.27443838e-04 1.02823576e-02 3.69550989e-03 1.33343336e-01
 3.15024631e-01 1.26728922e+00 2.58037729e-01 3.59342076e-01
 1.56096180e-01 2.20854664e-01 2.21566504e-02 1.39960541e-01
 3.39282928e-01 8.09729439e-10 1.77121331e-04 6.96242018e-02]
S2:[[            nan -2.80859829e-06 -2.80859829e-06 -2.80859829e-06
  -2.80859829e-06 -4.39998268e-04 -2.80859829e-06 -2.88470717e-05
  -2.80859829e-06 -2.80859829e-06 -2.80859829e-06 -2.80859829e-06
  -2.80859829e-06 -2.80859829e-06 -2.80859829e-06 -2.80859829e-06]
 [            nan             nan -7.39212226e-05 -7.39212226e-05
  -7.39212226e-05 -1.79559659e-03 -7.39212226e-05  1.75305623e-04
  -7.39212226e-05 -7.39212226e-05 -7.39212226e-05 -7.39212226e-05
  -7.39212226e-05 -7.39212226e-05 -7.39212226e-05 -7.39212226e-05]
 [            nan             nan             nan -6.05186434e-04
  -6.05186434e-04  6.26586099e-04 -6.05186434e-04 -5.94871971e-04
  -6.05186434e-04 -6.05186434e-04 -6.05186434e-04 -6.05186434e-04
  -6.05186434e-04 -6.05186434e-04 -6.05186434e-04 -6.05186434e-04]
 [            nan             nan             nan             nan
  -7.01106832e-03  6.09350991e-03 -7.01106832e-03 -8.32472933e-03
  -7.01106832e-03 -7.01106832e-03 -7.01106832e-03 -7.01106832e-03
  -7.01106832e-03 -7.01106832e-03 -7.01106832e-03 -7.01106832e-03]
 [            nan             nan             nan             nan
              nan  6.13553796e-01 -1.42970007e-02 -1.00222956e-02
  -1.42970007e-02 -1.42970007e-02 -1.42970007e-02 -1.42970007e-02
  -8.99336045e-03 -1.42970007e-02 -1.42970007e-02 -1.42970007e-02]
 [            nan             nan             nan             nan
              nan             nan -1.67285916e-01 -1.52812162e-01
  -1.63504427e-01 -1.57109055e-01 -1.70446019e-01 -1.72345509e-01
  -1.67195754e-01 -1.68598173e-01 -1.68871714e-01 -1.81463093e-01]
 [            nan             nan             nan             nan
              nan             nan             nan  5.16152300e-03
   3.87342886e-05  3.87342886e-05  3.87342886e-05  3.87342886e-05
   3.87342886e-05  3.87342886e-05  3.87342886e-05  3.87342886e-05]
 [            nan             nan             nan             nan
              nan             nan             nan             nan
   5.68366839e-02  1.53982266e-01  7.58615542e-02  1.05453703e-01
  -1.86491590e-02  7.30047325e-02  7.45216165e-02  4.58172628e-02]
 [            nan             nan             nan             nan
              nan             nan             nan             nan
              nan  3.62326773e-03  3.62326773e-03  3.62326773e-03
   3.62326773e-03  3.62326773e-03  3.62326773e-03  3.62326773e-03]
 [            nan             nan             nan             nan
              nan             nan             nan             nan
              nan             nan  2.79138610e-03  2.79138610e-03
   2.79138610e-03  2.79138610e-03  2.79138610e-03  2.79138610e-03]
 [            nan             nan             nan             nan
              nan             nan             nan             nan
              nan             nan             nan -2.47166892e-03
  -2.47166892e-03 -2.47166892e-03 -2.47166892e-03 -2.47166892e-03]
 [            nan             nan             nan             nan
              nan             nan             nan             nan
              nan             nan             nan             nan
  -3.78669684e-03 -3.78669684e-03 -3.78669684e-03 -3.78669684e-03]
 [            nan             nan             nan             nan
              nan             nan             nan             nan
              nan             nan             nan             nan
              nan  1.75483030e-02  1.73916214e-02  9.58769375e-03]
 [            nan             nan             nan             nan
              nan             nan             nan             nan
              nan             nan             nan             nan
              nan             nan -4.30067183e-07 -4.30067183e-07]
 [            nan             nan             nan             nan
              nan             nan             nan             nan
              nan             nan             nan             nan
              nan             nan             nan  7.15214130e-04]
 [            nan             nan             nan             nan
              nan             nan             nan             nan
              nan             nan             nan             nan
              nan             nan             nan             nan]]
S2_conf:[[           nan 3.30107332e-04 3.30107332e-04 3.30107332e-04
  3.30107332e-04 2.06629438e-03 3.30107332e-04 3.27469232e-04
  3.30107332e-04 3.30107332e-04 3.30107332e-04 3.30107332e-04
  3.30107332e-04 3.30107332e-04 3.30107332e-04 3.30107332e-04]
 [           nan            nan 3.75969560e-03 3.75969560e-03
  3.75969560e-03 5.97108992e-03 3.75969560e-03 3.94262511e-03
  3.75969560e-03 3.75969560e-03 3.75969560e-03 3.75969560e-03
  3.75969560e-03 3.75969560e-03 3.75969560e-03 3.75969560e-03]
 [           nan            nan            nan 1.47458425e-03
  1.47458425e-03 2.75455622e-03 1.47458425e-03 1.47849871e-03
  1.47458425e-03 1.47458425e-03 1.47458425e-03 1.47458425e-03
  1.47458425e-03 1.47458425e-03 1.47458425e-03 1.47458425e-03]
 [           nan            nan            nan            nan
  9.64784260e-03 3.51948562e-02 9.64784260e-03 9.21640419e-03
  9.64784260e-03 9.64784260e-03 9.64784260e-03 9.64784260e-03
  9.64784260e-03 9.64784260e-03 9.64784260e-03 9.64784260e-03]
 [           nan            nan            nan            nan
             nan 1.38257876e+00 4.20289573e-02 4.34514104e-02
  4.20289573e-02 4.20289573e-02 4.20289573e-02 4.20289573e-02
  4.50168994e-02 4.20289573e-02 4.20289573e-02 4.20289573e-02]
 [           nan            nan            nan            nan
             nan            nan 3.49655481e-01 3.36491831e-01
  3.52842991e-01 3.58645592e-01 3.47135089e-01 3.45684209e-01
  3.34261999e-01 3.48592835e-01 3.48374184e-01 3.39410632e-01]
 [           nan            nan            nan            nan
             nan            nan            nan 1.55705054e-02
  1.45757994e-02 1.45757994e-02 1.45757994e-02 1.45757994e-02
  1.45757994e-02 1.45757994e-02 1.45757994e-02 1.45757994e-02]
 [           nan            nan            nan            nan
             nan            nan            nan            nan
  1.61173287e-01 3.64350167e-01 2.00852042e-01 2.62719329e-01
  2.05119770e-02 1.94887328e-01 1.98054176e-01 1.38256117e-01]
 [           nan            nan            nan            nan
             nan            nan            nan            nan
             nan 9.66935385e-03 9.66935385e-03 9.66935385e-03
  9.66935385e-03 9.66935385e-03 9.66935385e-03 9.66935385e-03]
 [           nan            nan            nan            nan
             nan            nan            nan            nan
             nan            nan 1.48671607e-02 1.48671607e-02
  1.48671607e-02 1.48671607e-02 1.48671607e-02 1.48671607e-02]
 [           nan            nan            nan            nan
             nan            nan            nan            nan
             nan            nan            nan 3.66659242e-03
  3.66659242e-03 3.66659242e-03 3.66659242e-03 3.66659242e-03]
 [           nan            nan            nan            nan
             nan            nan            nan            nan
             nan            nan            nan            nan
  8.76851048e-03 8.76851048e-03 8.76851048e-03 8.76851048e-03]
 [           nan            nan            nan            nan
             nan            nan            nan            nan
             nan            nan            nan            nan
             nan 5.62674287e-02 5.58769543e-02 4.56895240e-02]
 [           nan            nan            nan            nan
             nan            nan            nan            nan
             nan            nan            nan            nan
             nan            nan 1.15937850e-06 1.15937850e-06]
 [           nan            nan            nan            nan
             nan            nan            nan            nan
             nan            nan            nan            nan
             nan            nan            nan 1.32417404e-03]
 [           nan            nan            nan            nan
             nan            nan            nan            nan
             nan            nan            nan            nan
             nan            nan            nan            nan]]
