S1:[-4.67806348e-04 -2.00563891e-04  2.39789063e-06 -3.99350903e-03
  2.59899508e-03 -1.60515894e-02 -6.90123389e-03  1.65749794e-02
 -9.78959052e-03 -8.37037361e-03  4.28806491e-03 -9.83376211e-04
  1.71306171e-02 -9.87954151e-07  1.13889621e-03  4.68510288e-03]
S1_conf:[1.58542105e-03 4.51865922e-03 9.89514575e-06 9.29514737e-03
 1.54932085e-02 6.17354374e-02 2.69195336e-02 5.90467554e-03
 8.21471080e-03 1.65963685e-02 4.70118502e-03 1.40762836e-02
 5.33976646e-03 7.60855300e-06 1.04307450e-03 1.75149010e-03]
ST:[5.46045526e-03 5.20647997e-02 1.53395360e-07 2.80629123e-01
 5.31793604e-01 5.03806790e+00 7.82834117e-01 7.51906374e-01
 5.30821826e-01 9.01887725e-01 1.03964067e-01 5.08080603e-01
 8.48287486e-01 1.35767501e-07 8.30327138e-03 7.70108295e-02]
ST_conf:[7.17382848e-03 4.56415134e-02 3.64889564e-07 1.69376703e-01
 6.57207199e-01 9.46647716e+00 2.44271103e+00 3.33397100e-01
 5.76750814e-01 1.44591828e+00 1.43061726e-01 5.66744166e-01
 1.70302622e-01 2.66423527e-08 1.17058037e-02 4.14735590e-02]
S2:[[            nan  4.72732149e-04  4.72732149e-04  4.72732149e-04
   4.72732149e-04  4.72732149e-04  4.72732149e-04  4.72732149e-04
   4.72732149e-04  4.72732149e-04  4.72732149e-04  4.72732149e-04
   4.72732149e-04  4.72732149e-04  4.72732149e-04  4.72732149e-04]
 [            nan             nan  9.86324533e-05  9.86324533e-05
   9.86324533e-05  9.86324533e-05  9.86324533e-05  9.86324533e-05
   9.86324533e-05  9.86324533e-05  9.86324533e-05  9.86324533e-05
   9.86324533e-05  9.86324533e-05  9.86324533e-05  9.86324533e-05]
 [            nan             nan             nan -2.46389855e-06
  -2.46389855e-06 -2.46389855e-06 -2.46389855e-06 -2.46389855e-06
  -2.46389855e-06 -2.46389855e-06 -2.46389855e-06 -2.46389855e-06
  -2.46389855e-06 -2.46389855e-06 -2.46389855e-06 -2.46389855e-06]
 [            nan             nan             nan             nan
   3.95918963e-03  3.95918963e-03  3.95918963e-03  3.95918963e-03
   3.95918963e-03  3.95918963e-03  3.95918963e-03  3.95918963e-03
   3.95918963e-03  3.95918963e-03  3.95918963e-03  3.95918963e-03]
 [            nan             nan             nan             nan
              nan -2.10032286e-03 -1.23374867e-02 -1.23374867e-02
  -1.23374867e-02 -1.23374867e-02 -1.23374867e-02 -1.23374867e-02
  -1.23374867e-02 -1.23374867e-02 -1.23374867e-02 -1.23374867e-02]
 [            nan             nan             nan             nan
              nan             nan -9.02200581e-03 -9.02200581e-03
  -9.02200581e-03 -9.02200581e-03 -9.02200581e-03 -9.02200581e-03
  -9.02200581e-03 -9.02200581e-03 -9.02200581e-03 -9.02200581e-03]
 [            nan             nan             nan             nan
              nan             nan             nan  7.00353995e-03
   7.00353995e-03  7.00353995e-03  7.00353995e-03  7.00353995e-03
   7.00353995e-03  7.00353995e-03  7.00353995e-03  7.00353995e-03]
 [            nan             nan             nan             nan
              nan             nan             nan             nan
  -1.50743918e-02 -1.25421485e-02 -8.97579913e-03 -1.21734156e-02
  -2.24889431e-02 -1.47731922e-02 -1.44272624e-02 -1.53337283e-02]
 [            nan             nan             nan             nan
              nan             nan             nan             nan
              nan  9.66625845e-03  9.66625845e-03  9.66625845e-03
   9.66625845e-03  9.66625845e-03  9.66625845e-03  9.66625845e-03]
 [            nan             nan             nan             nan
              nan             nan             nan             nan
              nan             nan  7.81316337e-03  7.81316337e-03
   7.81316337e-03  7.81316337e-03  7.81316337e-03  7.81316337e-03]
 [            nan             nan             nan             nan
              nan             nan             nan             nan
              nan             nan             nan -4.52234368e-03
  -4.52234368e-03 -4.52234368e-03 -4.52234368e-03 -4.52234368e-03]
 [            nan             nan             nan             nan
              nan             nan             nan             nan
              nan             nan             nan             nan
   9.66726271e-04  9.66726271e-04  9.66726271e-04  9.66726271e-04]
 [            nan             nan             nan             nan
              nan             nan             nan             nan
              nan             nan             nan             nan
              nan -2.57198018e-02 -2.57813913e-02 -2.60285225e-02]
 [            nan             nan             nan             nan
              nan             nan             nan             nan
              nan             nan             nan             nan
              nan             nan  1.00982163e-06  1.00982163e-06]
 [            nan             nan             nan             nan
              nan             nan             nan             nan
              nan             nan             nan             nan
              nan             nan             nan -1.04453080e-03]
 [            nan             nan             nan             nan
              nan             nan             nan             nan
              nan             nan             nan             nan
              nan             nan             nan             nan]]
S2_conf:[[           nan 1.58391325e-03 1.58391325e-03 1.58391325e-03
  1.58391325e-03 1.58391325e-03 1.58391325e-03 1.58391325e-03
  1.58391325e-03 1.58391325e-03 1.58391325e-03 1.58391325e-03
  1.58391325e-03 1.58391325e-03 1.58391325e-03 1.58391325e-03]
 [           nan            nan 4.57787513e-03 4.57787513e-03
  4.57787513e-03 4.57787513e-03 4.57787513e-03 4.57787513e-03
  4.57787513e-03 4.57787513e-03 4.57787513e-03 4.57787513e-03
  4.57787513e-03 4.57787513e-03 4.57787513e-03 4.57787513e-03]
 [           nan            nan            nan 9.94684373e-06
  9.94684373e-06 9.94684373e-06 9.94684373e-06 9.94684373e-06
  9.94684373e-06 9.94684373e-06 9.94684373e-06 9.94684373e-06
  9.94684373e-06 9.94684373e-06 9.94684373e-06 9.94684373e-06]
 [           nan            nan            nan            nan
  9.33407364e-03 9.33407364e-03 9.33407364e-03 9.33407364e-03
  9.33407364e-03 9.33407364e-03 9.33407364e-03 9.33407364e-03
  9.33407364e-03 9.33407364e-03 9.33407364e-03 9.33407364e-03]
 [           nan            nan            nan            nan
             nan 1.74185525e-02 2.49438418e-02 2.49438418e-02
  2.49438418e-02 2.49438418e-02 2.49438418e-02 2.49438418e-02
  2.49438418e-02 2.49438418e-02 2.49438418e-02 2.49438418e-02]
 [           nan            nan            nan            nan
             nan            nan 8.15950634e-02 8.15950634e-02
  8.15950634e-02 8.15950634e-02 8.15950634e-02 8.15950634e-02
  8.15950634e-02 8.15950634e-02 8.15950634e-02 8.15950634e-02]
 [           nan            nan            nan            nan
             nan            nan            nan 2.70534552e-02
  2.70534552e-02 2.70534552e-02 2.70534552e-02 2.70534552e-02
  2.70534552e-02 2.70534552e-02 2.70534552e-02 2.70534552e-02]
 [           nan            nan            nan            nan
             nan            nan            nan            nan
  1.52004482e-02 2.23344975e-02 3.35663204e-02 2.34553567e-02
  1.72400396e-02 1.59736508e-02 1.68944301e-02 1.45593864e-02]
 [           nan            nan            nan            nan
             nan            nan            nan            nan
             nan 8.40229480e-03 8.40229480e-03 8.40229480e-03
  8.40229480e-03 8.40229480e-03 8.40229480e-03 8.40229480e-03]
 [           nan            nan            nan            nan
             nan            nan            nan            nan
             nan            nan 1.70650022e-02 1.70650022e-02
  1.70650022e-02 1.70650022e-02 1.70650022e-02 1.70650022e-02]
 [           nan            nan            nan            nan
             nan            nan            nan            nan
             nan            nan            nan 4.73286236e-03
  4.73286236e-03 4.73286236e-03 4.73286236e-03 4.73286236e-03]
 [           nan            nan            nan            nan
             nan            nan            nan            nan
             nan            nan            nan            nan
  1.40632237e-02 1.40632237e-02 1.40632237e-02 1.40632237e-02]
 [           nan            nan            nan            nan
             nan            nan            nan            nan
             nan            nan            nan            nan
             nan 2.56148832e-02 2.56049390e-02 2.55697536e-02]
 [           nan            nan            nan            nan
             nan            nan            nan            nan
             nan            nan            nan            nan
             nan            nan 7.54735273e-06 7.54735273e-06]
 [           nan            nan            nan            nan
             nan            nan            nan            nan
             nan            nan            nan            nan
             nan            nan            nan 1.12382491e-03]
 [           nan            nan            nan            nan
             nan            nan            nan            nan
             nan            nan            nan            nan
             nan            nan            nan            nan]]
