S1:[ 1.99935833e-03  4.74553372e-04  1.06222586e-05  6.54135157e-02
  1.57722686e-02  4.30000207e-02  2.31992299e-02  1.56060978e-01
  5.53995944e-02  1.42019011e-01 -9.51615642e-04  2.86505260e-02
  4.75902856e-02  6.25463943e-06  2.73489391e-03  9.59165946e-02]
S1_conf:[4.90721674e-03 4.04605439e-03 1.92070280e-05 8.71744189e-02
 8.07937160e-02 7.59893194e-02 4.27561823e-02 8.36319758e-02
 7.01688832e-02 1.81780068e-01 1.23514863e-02 3.29390235e-02
 4.10006744e-02 4.01371972e-05 1.81621082e-02 7.91342469e-02]
ST:[4.54574426e-04 1.05590888e-03 3.89018869e-08 1.54011571e-01
 2.08167579e-01 1.80214169e-01 4.89583133e-02 2.49417434e-01
 7.41622555e-02 2.09640555e-01 5.89574393e-03 7.39959128e-02
 1.06881989e-01 1.23970989e-07 7.28031046e-03 1.30450381e-01]
ST_conf:[2.35810471e-04 7.78593079e-04 4.93912556e-08 9.25541701e-02
 1.07673716e-01 9.54272477e-02 2.93619642e-02 1.06484137e-01
 3.22091867e-02 9.30375315e-02 3.47538639e-03 3.75475641e-02
 6.43614557e-02 7.87149911e-08 3.50742601e-03 6.49405334e-02]
S2:[[            nan -2.88025748e-03 -2.80072012e-03 -3.12337610e-03
  -2.90524378e-03 -2.52991138e-03 -2.04898436e-03 -7.60776028e-04
  -8.97921597e-04 -7.17856471e-03 -2.48447493e-03 -2.73085749e-03
  -1.92221145e-03 -2.80089912e-03 -2.40830094e-03 -1.51163096e-03]
 [            nan             nan -2.08163420e-04 -1.56711951e-03
   2.30902068e-04 -4.42201197e-05  3.22590966e-04 -4.43239906e-04
  -4.40033551e-05 -1.95138128e-03 -1.40225902e-04 -1.21230010e-03
   4.05937519e-04 -2.07750717e-04 -1.32129168e-04  6.20908054e-04]
 [            nan             nan             nan  1.49539223e-05
   1.46588835e-06 -1.14133511e-05  1.85221196e-05  6.69884835e-06
   3.04994240e-05  1.94207477e-05  1.88918568e-05  1.65902633e-05
   1.53030851e-05  1.48941202e-05  1.49938645e-05  2.77042838e-05]
 [            nan             nan             nan             nan
  -1.11463659e-02 -2.13788826e-02 -8.93418994e-03 -4.37300668e-02
  -3.23317846e-02 -4.19725908e-02 -2.48947305e-02 -1.30384264e-02
  -2.91200833e-02 -2.62419173e-02 -2.40491165e-02 -2.81268308e-02]
 [            nan             nan             nan             nan
              nan  1.64581643e-01  2.09709238e-01  2.20821502e-01
   2.10350857e-01  3.02257507e-01  1.88139841e-01  2.09025273e-01
   2.01693936e-01  1.82452314e-01  1.88864954e-01  2.01612786e-01]
 [            nan             nan             nan             nan
              nan             nan  5.97426438e-02  5.18456011e-02
   5.70062753e-02  5.75912256e-02  4.77581203e-02  5.26248657e-02
   8.33263909e-02  5.00152973e-02  5.05209880e-02  3.96384605e-02]
 [            nan             nan             nan             nan
              nan             nan             nan -2.49360904e-02
  -3.43906729e-02  3.00078980e-02 -1.69911599e-02 -1.14950228e-02
  -1.70638011e-02 -1.18435313e-02 -1.53266789e-02 -1.64534166e-02]
 [            nan             nan             nan             nan
              nan             nan             nan             nan
  -1.99077525e-02 -6.51379807e-02 -1.16918065e-02 -2.17829875e-02
  -2.32038538e-02 -1.00209215e-02 -4.68563052e-03  1.38648117e-02]
 [            nan             nan             nan             nan
              nan             nan             nan             nan
              nan -1.19982764e-02 -4.44223294e-02 -4.35491544e-02
  -3.51183094e-02 -4.26824568e-02 -4.56829353e-02 -5.09128768e-02]
 [            nan             nan             nan             nan
              nan             nan             nan             nan
              nan             nan -1.19379549e-01 -1.24398337e-01
  -7.42676754e-02 -1.24619639e-01 -1.20888228e-01 -8.83952340e-02]
 [            nan             nan             nan             nan
              nan             nan             nan             nan
              nan             nan             nan  7.58398781e-03
   8.32176652e-03  7.97621237e-03  7.55272511e-03  4.57376539e-03]
 [            nan             nan             nan             nan
              nan             nan             nan             nan
              nan             nan             nan             nan
  -7.45727757e-03  2.77778937e-03  2.04729436e-03  1.21395338e-02]
 [            nan             nan             nan             nan
              nan             nan             nan             nan
              nan             nan             nan             nan
              nan -2.78301949e-02 -2.61404060e-02 -3.09910142e-02]
 [            nan             nan             nan             nan
              nan             nan             nan             nan
              nan             nan             nan             nan
              nan             nan  3.17216003e-06  8.40377498e-06]
 [            nan             nan             nan             nan
              nan             nan             nan             nan
              nan             nan             nan             nan
              nan             nan             nan -1.62372961e-02]
 [            nan             nan             nan             nan
              nan             nan             nan             nan
              nan             nan             nan             nan
              nan             nan             nan             nan]]
S2_conf:[[           nan 7.62898825e-03 7.61225514e-03 9.28266164e-03
  5.96890123e-03 8.71703369e-03 7.62208745e-03 9.20131447e-03
  8.05647791e-03 1.15252105e-02 7.47848979e-03 7.94828217e-03
  7.95023615e-03 7.61228121e-03 7.69369131e-03 9.63935010e-03]
 [           nan            nan 5.08699724e-03 5.79795776e-03
  4.92221176e-03 5.30747431e-03 5.12065582e-03 6.38129818e-03
  5.25507095e-03 7.44281119e-03 5.08612418e-03 5.36933055e-03
  5.14015031e-03 5.08707541e-03 5.04676955e-03 6.32551542e-03]
 [           nan            nan            nan 3.07296236e-05
  2.09189765e-05 3.13456923e-05 4.10276848e-05 6.85076533e-05
  7.30999599e-05 3.54555098e-05 3.64441191e-05 3.41631172e-05
  4.76321462e-05 3.06993016e-05 3.11475373e-05 5.85034229e-05]
 [           nan            nan            nan            nan
  1.15040256e-01 1.26136382e-01 1.24917696e-01 1.25513962e-01
  1.17293869e-01 1.81639796e-01 1.18448273e-01 1.27280544e-01
  1.19589998e-01 1.20562175e-01 1.18311498e-01 1.36068680e-01]
 [           nan            nan            nan            nan
             nan 1.52102693e-01 1.83216404e-01 2.25652000e-01
  1.81550699e-01 3.34223385e-01 1.64213779e-01 1.85448072e-01
  1.85707259e-01 1.64536446e-01 1.65606710e-01 2.06737835e-01]
 [           nan            nan            nan            nan
             nan            nan 1.54152405e-01 1.65696846e-01
  1.87336486e-01 1.34885279e-01 1.44643330e-01 1.46699100e-01
  1.49844554e-01 1.44495910e-01 1.52980256e-01 1.88756189e-01]
 [           nan            nan            nan            nan
             nan            nan            nan 9.54870959e-02
  8.53378825e-02 1.51331038e-01 7.75897252e-02 8.50918913e-02
  8.45139618e-02 7.91843500e-02 7.77502903e-02 1.00466211e-01]
 [           nan            nan            nan            nan
             nan            nan            nan            nan
  1.66866678e-01 1.87054558e-01 1.49858829e-01 1.44843532e-01
  1.68177735e-01 1.51552805e-01 1.56282956e-01 1.91562415e-01]
 [           nan            nan            nan            nan
             nan            nan            nan            nan
             nan 1.23326784e-01 1.02185737e-01 1.03091054e-01
  1.07167535e-01 1.00919183e-01 1.02030571e-01 1.23454311e-01]
 [           nan            nan            nan            nan
             nan            nan            nan            nan
             nan            nan 2.29175469e-01 2.46832628e-01
  2.56062875e-01 2.35181598e-01 2.29896483e-01 2.63355732e-01]
 [           nan            nan            nan            nan
             nan            nan            nan            nan
             nan            nan            nan 1.58095504e-02
  1.61455306e-02 1.60035911e-02 1.59553026e-02 1.73455873e-02]
 [           nan            nan            nan            nan
             nan            nan            nan            nan
             nan            nan            nan            nan
  4.69067240e-02 5.63705456e-02 5.63918673e-02 7.15470598e-02]
 [           nan            nan            nan            nan
             nan            nan            nan            nan
             nan            nan            nan            nan
             nan 7.92821519e-02 7.87372073e-02 1.01320136e-01]
 [           nan            nan            nan            nan
             nan            nan            nan            nan
             nan            nan            nan            nan
             nan            nan 5.62822117e-05 7.10280972e-05]
 [           nan            nan            nan            nan
             nan            nan            nan            nan
             nan            nan            nan            nan
             nan            nan            nan 5.48087022e-02]
 [           nan            nan            nan            nan
             nan            nan            nan            nan
             nan            nan            nan            nan
             nan            nan            nan            nan]]
