S1:[ 1.07626798e-03  4.68348545e-04  1.07606455e-06  4.33160418e-02
  1.24874590e-01  7.35899652e-02  1.61855198e-02  7.61537598e-02
  3.86132081e-02  7.20332219e-02 -2.67882637e-03  2.78972989e-02
  6.39608309e-02 -3.04281774e-06 -1.77750691e-03  2.81981874e-02]
S1_conf:[1.29382715e-03 6.54135654e-03 2.30588669e-06 2.56496285e-02
 3.69802325e-02 2.86565462e-02 1.87157293e-02 3.52386331e-02
 1.68319864e-02 3.16840062e-02 2.60560625e-03 1.98577501e-02
 3.82746563e-02 1.00764112e-05 5.11339955e-03 2.31073559e-02]
ST:[3.44247890e-04 2.02769603e-02 2.17012057e-09 1.29884694e-01
 3.08893758e-01 1.50094119e-01 3.83731421e-02 2.81782422e-01
 1.10853356e-01 2.14600048e-01 1.85958722e-03 1.10170011e-01
 1.06743755e-01 3.48072325e-08 6.34149227e-03 1.48487955e-01]
ST_conf:[9.27198547e-05 6.55042283e-03 7.06347661e-10 2.47986296e-02
 5.87436089e-02 3.45348570e-02 8.51849462e-03 6.30897452e-02
 2.38901536e-02 4.09291579e-02 3.40603743e-04 3.21438618e-02
 2.35647136e-02 2.95392745e-08 1.58082218e-03 3.13415628e-02]
S2:[[            nan -1.84242180e-03 -1.75492992e-03 -1.96070867e-03
  -1.53201498e-03 -2.40253011e-03 -1.91971688e-03 -1.68548388e-03
  -1.77638930e-03 -1.80314872e-03 -1.72256941e-03 -1.34145680e-03
  -2.20397282e-03 -1.75483601e-03 -1.79924523e-03 -1.99448692e-03]
 [            nan             nan  8.19797117e-03  8.53331946e-03
   1.45527505e-02  1.11427192e-02  7.60130708e-03  1.07767680e-02
   9.40112316e-03  9.56660485e-03  7.84400236e-03  1.04387360e-02
   1.07807182e-02  8.19725919e-03  7.58092976e-03  1.12534088e-02]
 [            nan             nan             nan -2.74664781e-06
  -4.27717936e-06 -4.44540716e-06 -2.91222549e-06 -7.99264793e-07
  -2.15340706e-06 -3.20478029e-06 -2.26345345e-06 -2.87534410e-06
  -2.98313531e-06 -2.33801053e-06 -2.46122844e-06 -1.80267586e-06]
 [            nan             nan             nan             nan
   8.65919510e-03  8.80042904e-03 -2.51372642e-03  7.76930704e-04
   7.26372984e-04 -1.70081693e-03 -3.12403378e-03  5.25711359e-03
   3.56851478e-03 -2.62982844e-03 -5.05897176e-03  7.77664586e-03]
 [            nan             nan             nan             nan
              nan  7.44376656e-03  1.18319880e-02  4.00642703e-02
   2.21164354e-02  2.44177333e-02 -5.48301648e-04  1.03399293e-02
   7.58730768e-03 -4.54530318e-04  2.74914887e-03  1.75253432e-02]
 [            nan             nan             nan             nan
              nan             nan -6.19312692e-03  1.82542139e-03
  -8.35439039e-03  4.87404170e-03 -5.36699381e-03  2.43981278e-03
  -1.19219995e-02 -5.74399787e-03 -5.55711939e-03 -6.29193239e-04]
 [            nan             nan             nan             nan
              nan             nan             nan -5.75319888e-03
  -1.29610633e-03  5.71942808e-04 -4.63146799e-03 -4.80064889e-03
  -1.03042372e-02 -4.65522528e-03 -5.02682868e-03  2.54056677e-03]
 [            nan             nan             nan             nan
              nan             nan             nan             nan
   6.22706503e-02  6.65067389e-02  3.67537175e-02  4.81101296e-02
   5.83694201e-02  3.88041261e-02  3.92462396e-02  4.05400148e-02]
 [            nan             nan             nan             nan
              nan             nan             nan             nan
              nan -2.59335816e-02 -2.42839100e-02 -2.61943988e-02
  -2.31743546e-02 -2.53500650e-02 -2.41550913e-02 -1.11233848e-02]
 [            nan             nan             nan             nan
              nan             nan             nan             nan
              nan             nan -1.18805576e-02 -4.94913562e-03
  -4.05194167e-04 -1.26047810e-02 -1.39878199e-02 -1.46572527e-02]
 [            nan             nan             nan             nan
              nan             nan             nan             nan
              nan             nan             nan  7.66826193e-03
   7.71922039e-03  7.18277407e-03  6.99810495e-03  7.51262015e-03]
 [            nan             nan             nan             nan
              nan             nan             nan             nan
              nan             nan             nan             nan
   1.25539371e-02  1.51749323e-02  1.90189905e-02  2.02571453e-02]
 [            nan             nan             nan             nan
              nan             nan             nan             nan
              nan             nan             nan             nan
              nan -2.60418478e-02 -2.53728233e-02 -2.86968242e-02]
 [            nan             nan             nan             nan
              nan             nan             nan             nan
              nan             nan             nan             nan
              nan             nan  1.57286435e-05  1.79518647e-05]
 [            nan             nan             nan             nan
              nan             nan             nan             nan
              nan             nan             nan             nan
              nan             nan             nan  6.57498843e-03]
 [            nan             nan             nan             nan
              nan             nan             nan             nan
              nan             nan             nan             nan
              nan             nan             nan             nan]]
S2_conf:[[           nan 2.14891263e-03 2.12408921e-03 2.43926779e-03
  2.10816493e-03 2.27693317e-03 2.28669459e-03 2.09367880e-03
  2.31350527e-03 2.13324560e-03 2.10308936e-03 2.09492721e-03
  2.48921759e-03 2.12394018e-03 2.15879681e-03 2.08952241e-03]
 [           nan            nan 1.31244700e-02 1.51200344e-02
  1.35905553e-02 1.37697981e-02 1.32663396e-02 1.40236190e-02
  1.54404959e-02 1.51732027e-02 1.27951878e-02 1.42141493e-02
  1.37382702e-02 1.31233130e-02 1.30137241e-02 1.59897413e-02]
 [           nan            nan            nan 3.95197203e-06
  5.38537062e-06 4.03546020e-06 4.62714170e-06 3.10699823e-06
  3.91858733e-06 3.43010314e-06 3.33313371e-06 4.42258692e-06
  4.61185191e-06 3.37296075e-06 3.36396016e-06 3.09850158e-06]
 [           nan            nan            nan            nan
  5.06095238e-02 4.48010907e-02 4.18493235e-02 4.05608339e-02
  4.40976323e-02 4.77141646e-02 4.09806361e-02 4.16592345e-02
  4.51045468e-02 4.17873658e-02 4.17385404e-02 4.59909422e-02]
 [           nan            nan            nan            nan
             nan 5.78521160e-02 5.69762826e-02 5.81579455e-02
  6.02417326e-02 6.64652366e-02 5.23592126e-02 5.37051931e-02
  6.01227461e-02 5.33824771e-02 5.56172713e-02 5.73893145e-02]
 [           nan            nan            nan            nan
             nan            nan 4.13593407e-02 4.59565991e-02
  3.91835192e-02 4.51636282e-02 3.85239434e-02 4.77688022e-02
  4.35562156e-02 3.85975639e-02 3.82442160e-02 3.79949182e-02]
 [           nan            nan            nan            nan
             nan            nan            nan 2.87251204e-02
  3.47186552e-02 3.19943863e-02 2.97005863e-02 2.99593134e-02
  3.56326558e-02 2.97280326e-02 3.00007372e-02 3.24491155e-02]
 [           nan            nan            nan            nan
             nan            nan            nan            nan
  7.93455460e-02 7.28731807e-02 6.65356531e-02 6.80442522e-02
  1.00788246e-01 6.72523694e-02 6.83284066e-02 6.20205895e-02]
 [           nan            nan            nan            nan
             nan            nan            nan            nan
             nan 3.62107816e-02 3.35719437e-02 3.50653741e-02
  4.46013962e-02 3.37002870e-02 3.43184676e-02 3.51567593e-02]
 [           nan            nan            nan            nan
             nan            nan            nan            nan
             nan            nan 4.95978818e-02 5.25388240e-02
  5.38499608e-02 4.97225527e-02 4.90266445e-02 5.05565704e-02]
 [           nan            nan            nan            nan
             nan            nan            nan            nan
             nan            nan            nan 5.36133376e-03
  5.46942251e-03 4.90276916e-03 4.70963677e-03 6.02536698e-03]
 [           nan            nan            nan            nan
             nan            nan            nan            nan
             nan            nan            nan            nan
  4.55608824e-02 4.51403623e-02 4.99707923e-02 4.70803781e-02]
 [           nan            nan            nan            nan
             nan            nan            nan            nan
             nan            nan            nan            nan
             nan 5.96451415e-02 5.98693893e-02 5.29793040e-02]
 [           nan            nan            nan            nan
             nan            nan            nan            nan
             nan            nan            nan            nan
             nan            nan 1.98563955e-05 1.80213886e-05]
 [           nan            nan            nan            nan
             nan            nan            nan            nan
             nan            nan            nan            nan
             nan            nan            nan 8.93101524e-03]
 [           nan            nan            nan            nan
             nan            nan            nan            nan
             nan            nan            nan            nan
             nan            nan            nan            nan]]
