S1:[ 2.39143191e-02  6.39870058e-04  6.53220380e-06  6.93733774e-02
  1.54686132e-02  3.87876620e-02  2.16588371e-02  1.55889270e-01
  5.38237457e-02  1.83785963e-01 -3.23462173e-03  3.70513193e-02
  3.82295614e-02  7.85162001e-06  2.87704194e-03  8.18746256e-02]
S1_conf:[5.30190558e-02 4.73159247e-03 9.60728441e-06 9.33224104e-02
 1.01421158e-01 7.42988855e-02 4.11116231e-02 7.79871063e-02
 6.98464281e-02 2.27556572e-01 1.14852115e-02 3.86325392e-02
 3.70552393e-02 2.82990905e-05 3.34583673e-02 7.95305178e-02]
ST:[3.31694846e-02 1.15635983e-03 2.78166064e-09 1.85566101e-01
 2.03007569e-01 1.70243284e-01 4.11409261e-02 2.58530616e-01
 6.72489077e-02 2.28900913e-01 3.04197916e-03 9.74017979e-02
 9.21269978e-02 6.17662386e-08 2.72358169e-02 9.09118300e-02]
ST_conf:[1.71076044e-02 8.49454987e-04 1.47089323e-09 1.19760385e-01
 9.80100660e-02 7.01734614e-02 1.79524038e-02 1.28249275e-01
 2.66972753e-02 8.30304346e-02 1.36702946e-03 4.89112921e-02
 5.52533944e-02 4.11538184e-08 1.24073514e-02 4.05844744e-02]
S2:[[            nan -2.17546491e-02 -2.09103539e-02 -2.82614224e-02
  -2.38261741e-02 -2.18888044e-02 -1.19236368e-02 -2.36524417e-04
   1.13353046e-03 -6.97042493e-02 -1.81779840e-02 -1.94692886e-02
  -1.32086239e-02 -2.09115780e-02 -1.39946786e-02 -5.48813825e-03]
 [            nan             nan -5.41007311e-04 -2.27332800e-03
   1.15195449e-04 -3.84828035e-04  6.14870029e-05 -8.19519938e-04
  -1.03951911e-04 -3.42668247e-03 -4.51071944e-04 -1.68034594e-03
   1.83408255e-04 -5.39911010e-04 -2.43627699e-04  5.19449267e-05]
 [            nan             nan             nan -5.82903602e-06
  -7.40331081e-06 -7.65180815e-06 -8.17894999e-06 -5.81345750e-06
  -6.69479252e-06 -1.23123260e-05 -7.92280622e-06 -7.28458964e-06
  -2.73415597e-06 -7.97155268e-06 -8.68321065e-06 -8.10179901e-06]
 [            nan             nan             nan             nan
  -1.26174116e-02 -2.97417624e-02 -1.43536352e-02 -4.60520493e-02
  -3.54124579e-02 -6.36645566e-02 -3.08446164e-02 -1.71344519e-02
  -3.61940765e-02 -3.26991438e-02 -2.90964047e-02 -3.03586631e-02]
 [            nan             nan             nan             nan
              nan  1.60780544e-01  1.97186188e-01  2.11018857e-01
   2.12866465e-01  3.26956636e-01  1.84868838e-01  2.12305617e-01
   1.96779616e-01  1.81550282e-01  1.88550001e-01  1.97927827e-01]
 [            nan             nan             nan             nan
              nan             nan  5.34362555e-02  4.40635321e-02
   4.83328898e-02  5.70398302e-02  4.26877761e-02  5.08459101e-02
   7.50501454e-02  4.41167862e-02  4.92921350e-02  3.07233006e-02]
 [            nan             nan             nan             nan
              nan             nan             nan -2.55548598e-02
  -3.37191454e-02  3.58783891e-02 -1.72794247e-02 -1.43441522e-02
  -1.81257293e-02 -1.34416102e-02 -2.04184816e-02 -1.79705907e-02]
 [            nan             nan             nan             nan
              nan             nan             nan             nan
  -3.13173176e-02 -7.48379848e-02 -1.91836765e-02 -3.34049273e-02
  -3.06578649e-02 -1.93514071e-02 -5.06049494e-03 -9.22849489e-03]
 [            nan             nan             nan             nan
              nan             nan             nan             nan
              nan  1.67538991e-03 -3.96331065e-02 -3.92565954e-02
  -3.58658965e-02 -3.78398887e-02 -4.12253203e-02 -4.80808938e-02]
 [            nan             nan             nan             nan
              nan             nan             nan             nan
              nan             nan -1.40278307e-01 -1.43301470e-01
  -9.27891410e-02 -1.44783971e-01 -1.35020613e-01 -1.15812470e-01]
 [            nan             nan             nan             nan
              nan             nan             nan             nan
              nan             nan             nan  5.87620942e-03
   7.17906367e-03  6.71530453e-03  6.43602415e-03  4.75369997e-03]
 [            nan             nan             nan             nan
              nan             nan             nan             nan
              nan             nan             nan             nan
  -9.80086110e-03 -1.94095041e-03 -1.23415233e-03  4.21594900e-03]
 [            nan             nan             nan             nan
              nan             nan             nan             nan
              nan             nan             nan             nan
              nan -3.18816837e-02 -2.94924177e-02 -3.77181519e-02]
 [            nan             nan             nan             nan
              nan             nan             nan             nan
              nan             nan             nan             nan
              nan             nan -8.96818071e-06 -1.66701296e-05]
 [            nan             nan             nan             nan
              nan             nan             nan             nan
              nan             nan             nan             nan
              nan             nan             nan -3.08654078e-02]
 [            nan             nan             nan             nan
              nan             nan             nan             nan
              nan             nan             nan             nan
              nan             nan             nan             nan]]
S2_conf:[[           nan 8.53927374e-02 8.53202838e-02 1.04125192e-01
  6.42572315e-02 9.22083613e-02 8.61575256e-02 1.07427922e-01
  9.39633650e-02 1.36152966e-01 8.42904911e-02 9.08580428e-02
  9.15537073e-02 8.53215018e-02 8.54528179e-02 1.03996384e-01]
 [           nan            nan 6.50083803e-03 7.69909094e-03
  5.74111932e-03 6.96788319e-03 6.48286634e-03 8.19339459e-03
  6.81683065e-03 1.08248690e-02 6.44158823e-03 6.69450803e-03
  6.50404375e-03 6.50109001e-03 6.42072545e-03 7.64699049e-03]
 [           nan            nan            nan 1.46589768e-05
  1.57789160e-05 1.61779205e-05 1.63625264e-05 1.58016632e-05
  1.74608594e-05 1.72557637e-05 1.48752738e-05 1.51849779e-05
  1.66690177e-05 1.50190037e-05 1.58611860e-05 1.35816417e-05]
 [           nan            nan            nan            nan
  1.15336824e-01 1.34020434e-01 1.33582976e-01 1.36598936e-01
  1.23528369e-01 2.22092448e-01 1.30706907e-01 1.45757471e-01
  1.34249093e-01 1.32197840e-01 1.27990494e-01 1.43153156e-01]
 [           nan            nan            nan            nan
             nan 1.55959294e-01 1.88387980e-01 2.37828205e-01
  2.12495311e-01 3.87970113e-01 1.73521855e-01 2.00752772e-01
  1.85243857e-01 1.75722866e-01 1.77772099e-01 2.17497894e-01]
 [           nan            nan            nan            nan
             nan            nan 1.35338272e-01 1.37279693e-01
  1.62877324e-01 1.29036302e-01 1.33241252e-01 1.36718690e-01
  1.37922826e-01 1.33383297e-01 1.49037679e-01 1.69102417e-01]
 [           nan            nan            nan            nan
             nan            nan            nan 1.00606011e-01
  8.72304253e-02 1.76193315e-01 7.93198855e-02 8.89820419e-02
  8.82154806e-02 8.09651681e-02 7.73748793e-02 9.72370309e-02]
 [           nan            nan            nan            nan
             nan            nan            nan            nan
  1.68734633e-01 1.87596976e-01 1.48539037e-01 1.42605369e-01
  1.56579563e-01 1.47525029e-01 1.62459077e-01 1.83933393e-01]
 [           nan            nan            nan            nan
             nan            nan            nan            nan
             nan 1.36865053e-01 1.03104262e-01 1.01963379e-01
  1.03103757e-01 1.02912357e-01 1.05315737e-01 1.24171010e-01]
 [           nan            nan            nan            nan
             nan            nan            nan            nan
             nan            nan 2.87462461e-01 3.11162195e-01
  3.42067850e-01 2.91966995e-01 2.82086583e-01 3.13483704e-01]
 [           nan            nan            nan            nan
             nan            nan            nan            nan
             nan            nan            nan 1.52421975e-02
  1.48638908e-02 1.45426623e-02 1.42283907e-02 1.55375365e-02]
 [           nan            nan            nan            nan
             nan            nan            nan            nan
             nan            nan            nan            nan
  5.84232291e-02 6.55940038e-02 6.49083968e-02 7.67692393e-02]
 [           nan            nan            nan            nan
             nan            nan            nan            nan
             nan            nan            nan            nan
             nan 6.69526309e-02 6.88932383e-02 8.31714739e-02]
 [           nan            nan            nan            nan
             nan            nan            nan            nan
             nan            nan            nan            nan
             nan            nan 5.18739349e-05 6.68378592e-05]
 [           nan            nan            nan            nan
             nan            nan            nan            nan
             nan            nan            nan            nan
             nan            nan            nan 9.10725902e-02]
 [           nan            nan            nan            nan
             nan            nan            nan            nan
             nan            nan            nan            nan
             nan            nan            nan            nan]]
