S1:[ 2.29934405e-02  5.59674713e-04  3.24470653e-05  6.31562002e-02
  1.31535272e-02  6.04513725e-02  2.14287686e-02  1.57279044e-01
  4.33415674e-02  1.62677405e-01 -3.34626389e-03  2.97919470e-02
  4.30739878e-02  3.81030432e-05 -8.34379837e-04  7.55117440e-02]
S1_conf:[4.25792941e-02 3.62416585e-03 5.63128077e-05 8.48404992e-02
 8.36872703e-02 6.14390730e-02 4.52345573e-02 7.45869611e-02
 5.96363994e-02 1.62929229e-01 1.29306981e-02 3.04873656e-02
 4.38930727e-02 7.47419758e-05 2.95045844e-02 8.29631145e-02]
ST:[2.86696335e-02 9.46759205e-04 5.74190822e-08 1.69268962e-01
 2.07190557e-01 2.05907410e-01 4.20948069e-02 2.71517630e-01
 6.01549955e-02 2.11815966e-01 6.52582553e-03 8.08286789e-02
 1.25322064e-01 1.72113322e-07 1.96671262e-02 9.46463120e-02]
ST_conf:[1.65529002e-02 6.57696483e-04 4.79784702e-08 1.10385240e-01
 8.91092882e-02 1.06067965e-01 1.66653900e-02 1.07887851e-01
 2.82047105e-02 8.11182201e-02 3.79290118e-03 4.40454303e-02
 6.10516969e-02 1.17410832e-07 8.39114136e-03 3.98988804e-02]
S2:[[            nan -2.55047717e-02 -2.49784145e-02 -2.91888859e-02
  -2.63989317e-02 -2.01260217e-02 -1.84301053e-02 -5.81850486e-03
  -9.95531702e-03 -6.18968835e-02 -2.21546258e-02 -2.44176537e-02
  -1.67265701e-02 -2.49730333e-02 -1.99002165e-02 -1.26824235e-02]
 [            nan             nan -7.63111367e-04 -2.29532641e-03
   1.03957419e-05 -1.75790740e-04 -3.23080914e-04 -1.11902672e-03
  -5.09682012e-04 -2.65545676e-03 -6.79489078e-04 -1.73955391e-03
  -2.05368631e-04 -7.62625751e-04 -6.37271199e-04 -3.55327405e-05]
 [            nan             nan             nan -1.11281941e-05
  -4.65151627e-07 -3.41923386e-05 -2.10094186e-05 -3.09422500e-05
  -9.76721625e-06 -3.79606917e-05 -2.19831789e-05 -2.18037938e-05
  -1.06126162e-05 -2.16441303e-05 -1.84716581e-05 -2.17191125e-05]
 [            nan             nan             nan             nan
  -1.07711269e-02 -2.35869282e-02 -7.24564252e-03 -4.14578295e-02
  -3.17908886e-02 -4.58995706e-02 -2.53775529e-02 -1.16320842e-02
  -2.88596888e-02 -2.73520999e-02 -2.27474788e-02 -2.73799182e-02]
 [            nan             nan             nan             nan
              nan  1.60514455e-01  1.93360407e-01  2.08421994e-01
   2.04287749e-01  3.00901572e-01  1.78339199e-01  1.97039521e-01
   1.95493418e-01  1.73758464e-01  1.80010767e-01  1.95036167e-01]
 [            nan             nan             nan             nan
              nan             nan  4.00309466e-02  3.21739003e-02
   3.50143004e-02  3.97499169e-02  2.64658596e-02  3.50485571e-02
   6.79357295e-02  2.95069458e-02  3.36858486e-02  1.99166488e-02]
 [            nan             nan             nan             nan
              nan             nan             nan -2.40038208e-02
  -3.32769547e-02  2.83024877e-02 -1.89044829e-02 -1.36171555e-02
  -1.95577209e-02 -1.37734635e-02 -1.91526490e-02 -1.95042206e-02]
 [            nan             nan             nan             nan
              nan             nan             nan             nan
  -2.07422234e-02 -6.44390716e-02 -7.73030094e-03 -2.24488048e-02
  -2.21293050e-02 -7.54373785e-03  6.15714103e-03  4.79286420e-03]
 [            nan             nan             nan             nan
              nan             nan             nan             nan
              nan  1.37952864e-03 -3.20591718e-02 -3.27562364e-02
  -3.07167283e-02 -3.05286311e-02 -3.42979618e-02 -3.80423516e-02]
 [            nan             nan             nan             nan
              nan             nan             nan             nan
              nan             nan -1.46662346e-01 -1.53002877e-01
  -8.86795476e-02 -1.53066325e-01 -1.46811000e-01 -1.19315088e-01]
 [            nan             nan             nan             nan
              nan             nan             nan             nan
              nan             nan             nan  8.53161474e-03
   8.88809695e-03  8.88851821e-03  8.14678628e-03  5.56996888e-03]
 [            nan             nan             nan             nan
              nan             nan             nan             nan
              nan             nan             nan             nan
  -1.35035942e-02 -3.02444560e-04 -6.88299841e-04  2.25594538e-03]
 [            nan             nan             nan             nan
              nan             nan             nan             nan
              nan             nan             nan             nan
              nan -1.91367238e-02 -1.69658958e-02 -2.30502687e-02]
 [            nan             nan             nan             nan
              nan             nan             nan             nan
              nan             nan             nan             nan
              nan             nan -7.42824815e-05 -8.15178631e-05]
 [            nan             nan             nan             nan
              nan             nan             nan             nan
              nan             nan             nan             nan
              nan             nan             nan -2.26458719e-02]
 [            nan             nan             nan             nan
              nan             nan             nan             nan
              nan             nan             nan             nan
              nan             nan             nan             nan]]
S2_conf:[[           nan 6.55044697e-02 6.55544267e-02 7.61405998e-02
  4.94583463e-02 7.32918971e-02 6.76843275e-02 8.18625896e-02
  7.25441151e-02 9.44789956e-02 6.49753342e-02 6.85797153e-02
  6.95063421e-02 6.55563469e-02 6.61256324e-02 8.21235193e-02]
 [           nan            nan 4.80756452e-03 5.63863714e-03
  4.41696541e-03 5.29369834e-03 4.80500738e-03 6.07518267e-03
  5.11847747e-03 6.95654959e-03 4.77857968e-03 5.04583480e-03
  5.37948230e-03 4.80752969e-03 4.68749155e-03 5.72508900e-03]
 [           nan            nan            nan 6.51948661e-05
  7.46932377e-05 6.23190418e-05 6.48170799e-05 6.40189305e-05
  7.01393840e-05 6.42246916e-05 6.40198974e-05 6.35285179e-05
  7.20935690e-05 6.48465982e-05 6.62828836e-05 6.70490324e-05]
 [           nan            nan            nan            nan
  1.19258650e-01 1.34192372e-01 1.40914166e-01 1.28752428e-01
  1.29732297e-01 2.04551011e-01 1.33934579e-01 1.47423802e-01
  1.39880297e-01 1.34843319e-01 1.31415956e-01 1.45035374e-01]
 [           nan            nan            nan            nan
             nan 1.47737388e-01 1.74846135e-01 2.18811344e-01
  1.93536091e-01 3.16624613e-01 1.61064476e-01 1.73920058e-01
  1.72670828e-01 1.60445619e-01 1.61923711e-01 2.03823242e-01]
 [           nan            nan            nan            nan
             nan            nan 1.36852274e-01 1.40003159e-01
  1.53564907e-01 1.16734575e-01 1.27846172e-01 1.33258170e-01
  1.35995576e-01 1.31839238e-01 1.48941474e-01 1.61855674e-01]
 [           nan            nan            nan            nan
             nan            nan            nan 9.79365770e-02
  8.79567984e-02 1.52156751e-01 7.91311836e-02 8.67788516e-02
  9.00875595e-02 8.10539560e-02 7.82452288e-02 9.82303488e-02]
 [           nan            nan            nan            nan
             nan            nan            nan            nan
  1.56149308e-01 1.78390354e-01 1.39834920e-01 1.36001144e-01
  1.54429396e-01 1.41374705e-01 1.52204681e-01 1.79231442e-01]
 [           nan            nan            nan            nan
             nan            nan            nan            nan
             nan 1.08716412e-01 9.15085768e-02 9.23362740e-02
  9.35311223e-02 9.02780975e-02 9.41391070e-02 1.07454656e-01]
 [           nan            nan            nan            nan
             nan            nan            nan            nan
             nan            nan 1.98854394e-01 2.12047699e-01
  2.38965805e-01 2.03296498e-01 1.94813379e-01 2.28203957e-01]
 [           nan            nan            nan            nan
             nan            nan            nan            nan
             nan            nan            nan 1.76086454e-02
  1.82772362e-02 1.82589551e-02 1.83094602e-02 1.91219319e-02]
 [           nan            nan            nan            nan
             nan            nan            nan            nan
             nan            nan            nan            nan
  4.94480135e-02 5.59352676e-02 5.76187806e-02 6.38330426e-02]
 [           nan            nan            nan            nan
             nan            nan            nan            nan
             nan            nan            nan            nan
             nan 7.42910627e-02 7.40204339e-02 9.00109843e-02]
 [           nan            nan            nan            nan
             nan            nan            nan            nan
             nan            nan            nan            nan
             nan            nan 7.95066508e-05 9.59660527e-05]
 [           nan            nan            nan            nan
             nan            nan            nan            nan
             nan            nan            nan            nan
             nan            nan            nan 8.41662474e-02]
 [           nan            nan            nan            nan
             nan            nan            nan            nan
             nan            nan            nan            nan
             nan            nan            nan            nan]]
