S1:[ 5.52890778e-05 -1.00517601e-04  8.84457496e-07 -5.95282645e-03
  5.60919396e-03 -1.64272729e-02 -4.44776454e-03  1.22854265e-02
 -1.15810425e-02 -8.57994304e-03  4.11810859e-03 -1.43900505e-03
  1.25371371e-02 -1.01771569e-06  6.35588099e-04  3.61332016e-03]
S1_conf:[5.82358740e+00 7.65750756e+00 3.13715263e-01 2.99340893e+01
 2.13938482e+05 3.36868933e+06 6.19664719e+05 5.17897980e+01
 7.78160423e+00 4.51894041e+01 1.70988168e+01 7.85223272e+00
 5.17896975e+01 7.00927719e-01 1.46079571e+01 3.36732266e+01]
ST:[4.30809758e-05 6.31959853e-03 1.22719781e-07 3.67139746e-01
 3.01569455e-01 4.94616632e+00 1.41314440e-01 9.63533337e-01
 1.22609726e+00 1.51251055e+00 2.11605663e-01 5.74326971e-01
 9.87156979e-01 4.53722940e-08 4.17499549e-03 7.59538877e-02]
ST_conf:[2.47366215e-03 4.96603339e-03 7.18413625e-06 1.85893615e-01
 1.67618864e+06 7.34366807e+08 2.81158311e+07 9.93649856e-02
 1.09209758e+00 1.84469879e+00 2.42389414e-01 5.99746020e-01
 3.23461546e-02 3.59515095e-05 1.63728435e-02 8.68515437e-02]
S2:[[            nan -5.52890778e-05 -5.52890778e-05 -5.52890778e-05
  -5.52890778e-05 -5.52890778e-05 -5.52890778e-05 -5.52890778e-05
  -5.52890778e-05 -5.52890778e-05 -5.52890778e-05 -5.52890778e-05
  -5.52890778e-05 -5.52890778e-05 -5.52890778e-05 -5.52890778e-05]
 [            nan             nan  1.00517601e-04  1.00517601e-04
   1.00517601e-04  1.00517601e-04  1.00517601e-04  1.00517601e-04
   1.00517601e-04  1.00517601e-04  1.00517601e-04  1.00517601e-04
   1.00517601e-04  1.00517601e-04  1.00517601e-04  1.00517601e-04]
 [            nan             nan             nan -8.84457496e-07
  -8.84457496e-07 -8.84457496e-07 -8.84457496e-07 -8.84457496e-07
  -8.84457496e-07 -8.84457496e-07 -8.84457496e-07 -8.84457496e-07
  -8.84457496e-07 -8.84457496e-07 -8.84457496e-07 -8.84457496e-07]
 [            nan             nan             nan             nan
   5.95282645e-03  5.95282645e-03  5.95282645e-03  5.95282645e-03
   5.95282645e-03  5.95282645e-03  5.95282645e-03  5.95282645e-03
   5.95282645e-03  5.95282645e-03  5.95282645e-03  5.95282645e-03]
 [            nan             nan             nan             nan
              nan -8.72725319e-03 -8.72725319e-03 -8.72725319e-03
  -8.72725319e-03 -8.72725319e-03 -8.72725319e-03 -8.72725319e-03
  -8.72725319e-03 -8.72725319e-03 -8.72725319e-03 -8.72725319e-03]
 [            nan             nan             nan             nan
              nan             nan -7.57424624e-03 -7.57424624e-03
  -7.57424624e-03 -7.57424624e-03 -7.57424624e-03 -7.57424624e-03
  -7.57424624e-03 -7.57424624e-03 -7.57424624e-03 -7.57424624e-03]
 [            nan             nan             nan             nan
              nan             nan             nan  4.44776454e-03
   4.44776454e-03  4.44776454e-03  4.44776454e-03  4.44776454e-03
   4.44776454e-03  4.44776454e-03  4.44776454e-03  4.44776454e-03]
 [            nan             nan             nan             nan
              nan             nan             nan             nan
  -1.27361329e-02 -1.27361329e-02 -1.27361329e-02 -1.27361329e-02
  -1.27361329e-02 -1.27361329e-02 -1.27361329e-02 -1.27361329e-02]
 [            nan             nan             nan             nan
              nan             nan             nan             nan
              nan  1.15810234e-02  1.15810234e-02  1.15810234e-02
   1.15810234e-02  1.15810234e-02  1.15810234e-02  1.15810234e-02]
 [            nan             nan             nan             nan
              nan             nan             nan             nan
              nan             nan  8.57774564e-03  8.57774564e-03
   8.57774564e-03  8.57774564e-03  8.57774564e-03  8.57774564e-03]
 [            nan             nan             nan             nan
              nan             nan             nan             nan
              nan             nan             nan -4.11813820e-03
  -4.11813820e-03 -4.11813820e-03 -4.11813820e-03 -4.11813820e-03]
 [            nan             nan             nan             nan
              nan             nan             nan             nan
              nan             nan             nan             nan
   1.43900505e-03  1.43900505e-03  1.43900505e-03  1.43900505e-03]
 [            nan             nan             nan             nan
              nan             nan             nan             nan
              nan             nan             nan             nan
              nan -1.71350564e-02 -1.71350564e-02 -1.71350564e-02]
 [            nan             nan             nan             nan
              nan             nan             nan             nan
              nan             nan             nan             nan
              nan             nan  1.01771569e-06  1.01771569e-06]
 [            nan             nan             nan             nan
              nan             nan             nan             nan
              nan             nan             nan             nan
              nan             nan             nan -6.35588099e-04]
 [            nan             nan             nan             nan
              nan             nan             nan             nan
              nan             nan             nan             nan
              nan             nan             nan             nan]]
S2_conf:[[           nan 5.82358740e+00 5.82358740e+00 5.82358740e+00
  5.82358740e+00 5.82358740e+00 5.82358740e+00 5.82358740e+00
  5.82358740e+00 5.82358740e+00 5.82358740e+00 5.82358740e+00
  5.82358740e+00 5.82358740e+00 5.82358740e+00 5.82358740e+00]
 [           nan            nan 7.65750756e+00 7.65750756e+00
  7.65750756e+00 7.65750756e+00 7.65750756e+00 7.65750756e+00
  7.65750756e+00 7.65750756e+00 7.65750756e+00 7.65750756e+00
  7.65750756e+00 7.65750756e+00 7.65750756e+00 7.65750756e+00]
 [           nan            nan            nan 3.13715263e-01
  3.13715263e-01 3.13715263e-01 3.13715263e-01 3.13715263e-01
  3.13715263e-01 3.13715263e-01 3.13715263e-01 3.13715263e-01
  3.13715263e-01 3.13715263e-01 3.13715263e-01 3.13715263e-01]
 [           nan            nan            nan            nan
  2.99340893e+01 2.99340893e+01 2.99340893e+01 2.99340893e+01
  2.99340893e+01 2.99340893e+01 2.99340893e+01 2.99340893e+01
  2.99340893e+01 2.99340893e+01 2.99340893e+01 2.99340893e+01]
 [           nan            nan            nan            nan
             nan 5.93509481e+05 5.93509481e+05 5.93509481e+05
  5.93509481e+05 5.93509481e+05 5.93509481e+05 5.93509481e+05
  5.93509481e+05 5.93509481e+05 5.93509481e+05 5.93509481e+05]
 [           nan            nan            nan            nan
             nan            nan 7.73628846e+06 7.73628846e+06
  7.73628846e+06 7.73628846e+06 7.73628846e+06 7.73628846e+06
  7.73628846e+06 7.73628846e+06 7.73628846e+06 7.73628846e+06]
 [           nan            nan            nan            nan
             nan            nan            nan 6.19664719e+05
  6.19664719e+05 6.19664719e+05 6.19664719e+05 6.19664719e+05
  6.19664719e+05 6.19664719e+05 6.19664719e+05 6.19664719e+05]
 [           nan            nan            nan            nan
             nan            nan            nan            nan
  9.48425504e+04 9.48425504e+04 9.48425504e+04 9.48425504e+04
  9.48425504e+04 9.48425504e+04 9.48425504e+04 9.48425504e+04]
 [           nan            nan            nan            nan
             nan            nan            nan            nan
             nan 7.78160422e+00 7.78160422e+00 7.78160422e+00
  7.78160422e+00 7.78160422e+00 7.78160422e+00 7.78160422e+00]
 [           nan            nan            nan            nan
             nan            nan            nan            nan
             nan            nan 4.51894034e+01 4.51894034e+01
  4.51894034e+01 4.51894034e+01 4.51894034e+01 4.51894034e+01]
 [           nan            nan            nan            nan
             nan            nan            nan            nan
             nan            nan            nan 1.70988169e+01
  1.70988169e+01 1.70988169e+01 1.70988169e+01 1.70988169e+01]
 [           nan            nan            nan            nan
             nan            nan            nan            nan
             nan            nan            nan            nan
  7.85223272e+00 7.85223272e+00 7.85223272e+00 7.85223272e+00]
 [           nan            nan            nan            nan
             nan            nan            nan            nan
             nan            nan            nan            nan
             nan 5.17880705e+01 5.17880705e+01 5.17880705e+01]
 [           nan            nan            nan            nan
             nan            nan            nan            nan
             nan            nan            nan            nan
             nan            nan 7.00927719e-01 7.00927719e-01]
 [           nan            nan            nan            nan
             nan            nan            nan            nan
             nan            nan            nan            nan
             nan            nan            nan 1.46079571e+01]
 [           nan            nan            nan            nan
             nan            nan            nan            nan
             nan            nan            nan            nan
             nan            nan            nan            nan]]
