S1:[ 2.42531138e-04 -1.17319818e-03 -7.48354346e-04  9.48008149e-05
  1.37494045e-02  1.50102733e-01  2.88266699e-02  6.71123227e-03
 -1.25485447e-03  2.47704224e-03 -1.71270991e-03  1.72234791e-03
  4.41996904e-02 -2.99690667e-07 -3.59925603e-05  2.94031528e-03]
S1_conf:[8.86806493e-04 2.46149612e-03 1.12042619e-03 5.67304764e-03
 3.46263569e-02 2.27374356e-01 6.14925572e-02 1.01384501e-02
 3.36345122e-03 2.70970206e-03 3.73593879e-03 6.11128267e-03
 3.94108929e-02 1.07315429e-06 1.55568122e-03 2.89494738e-03]
ST:[2.23859627e-03 8.49907652e-03 3.33631478e-03 9.91205799e-02
 3.74515188e-01 7.22812838e-01 3.56815515e-02 5.40792020e-01
 5.42907160e-02 8.55079578e-02 3.55377383e-03 8.65181704e-02
 5.86823057e-01 5.53647914e-09 6.05795026e-03 7.13040761e-02]
ST_conf:[1.55083548e-03 6.47993206e-03 2.20896627e-03 6.37773084e-02
 1.25190025e-01 2.32452456e-01 1.89771386e-02 2.93442576e-01
 2.77346708e-02 4.18012838e-02 1.77173100e-03 6.76914393e-02
 2.86513675e-01 3.07068527e-09 3.09227908e-03 5.31496885e-02]
S2:[[            nan -1.11067532e-03 -1.15726091e-03 -9.70455417e-04
   6.96033154e-04 -7.10486815e-03 -3.18364337e-03 -1.12526493e-03
  -1.23368596e-03 -1.22108605e-03 -1.07657733e-03 -1.35545445e-03
  -2.53344606e-03 -1.18462649e-03 -1.13164578e-03 -1.24998332e-03]
 [            nan             nan  2.28532244e-03  2.09753805e-03
   1.85095876e-03  1.71956577e-02  6.42740643e-03  2.64229312e-03
   2.40755238e-03  2.32504295e-03  2.20996729e-03  2.65378692e-03
   2.68775666e-03  2.37486009e-03  2.27353529e-03  2.38689282e-03]
 [            nan             nan             nan  7.22670755e-04
   1.36745841e-03  2.83149816e-03  1.42091847e-03  3.84968573e-04
   7.79801234e-04  7.77849046e-04  7.38013615e-04  7.94410127e-04
   3.86987308e-04  7.79201917e-04  7.69382756e-04  7.17488488e-04]
 [            nan             nan             nan             nan
  -3.85330527e-03  4.91836657e-02  1.56273520e-02  9.47789692e-03
   4.97421813e-03  5.24663865e-03  4.18869346e-03  6.16768259e-03
   1.51000121e-03  5.00142217e-03  4.74704515e-03  6.08723524e-03]
 [            nan             nan             nan             nan
              nan  1.31527639e-01  1.58246602e-02  1.14355804e-02
   2.23370784e-03  4.73909842e-03 -2.45347378e-04  1.62331288e-03
   2.79695109e-02  1.46127165e-03  1.76798772e-03  1.38016777e-03]
 [            nan             nan             nan             nan
              nan             nan -1.46743284e-01 -1.20987917e-01
  -1.27550017e-01 -1.18217607e-01 -1.21004713e-01 -1.18858092e-01
  -1.16338413e-01 -1.21662373e-01 -1.21446614e-01 -1.18038805e-01]
 [            nan             nan             nan             nan
              nan             nan             nan -2.98025848e-02
  -2.84695637e-02 -2.94414176e-02 -2.88281112e-02 -2.97588799e-02
  -3.02959082e-02 -2.88652407e-02 -2.87558355e-02 -2.85429793e-02]
 [            nan             nan             nan             nan
              nan             nan             nan             nan
   4.06785658e-02  2.44998599e-02  2.91622852e-02  3.27448200e-02
   1.34642902e-01  2.81045068e-02  2.56972297e-02  1.50454330e-02]
 [            nan             nan             nan             nan
              nan             nan             nan             nan
              nan  2.32516328e-03  3.37939740e-03  1.90204324e-03
  -7.07261873e-04  3.23654284e-03  3.01095793e-03  2.69331499e-03]
 [            nan             nan             nan             nan
              nan             nan             nan             nan
              nan             nan -2.20727660e-03 -2.62045844e-03
   1.93420899e-03 -2.30638582e-03 -2.45851108e-03 -2.42967749e-03]
 [            nan             nan             nan             nan
              nan             nan             nan             nan
              nan             nan             nan  4.51453641e-03
   5.81248901e-03  4.18328902e-03  4.04764467e-03  4.61719690e-03]
 [            nan             nan             nan             nan
              nan             nan             nan             nan
              nan             nan             nan             nan
   2.26402305e-03 -3.55795069e-05  1.35455674e-04 -5.18155666e-04]
 [            nan             nan             nan             nan
              nan             nan             nan             nan
              nan             nan             nan             nan
              nan  1.80257046e-02  1.43770718e-02 -2.38260048e-04]
 [            nan             nan             nan             nan
              nan             nan             nan             nan
              nan             nan             nan             nan
              nan             nan  4.86606629e-07  5.20066059e-07]
 [            nan             nan             nan             nan
              nan             nan             nan             nan
              nan             nan             nan             nan
              nan             nan             nan  5.93231438e-05]
 [            nan             nan             nan             nan
              nan             nan             nan             nan
              nan             nan             nan             nan
              nan             nan             nan             nan]]
S2_conf:[[           nan 2.22519568e-03 2.31006172e-03 2.03337447e-03
  1.31086618e-03 1.74979232e-02 6.48712176e-03 2.29962132e-03
  2.46889976e-03 2.48436897e-03 2.14600607e-03 2.71620395e-03
  4.05203218e-03 2.37339822e-03 2.28583914e-03 2.46398832e-03]
 [           nan            nan 5.32196066e-03 4.81502379e-03
  3.04856297e-03 3.39164882e-02 1.32787234e-02 5.34234816e-03
  5.66840637e-03 5.64461038e-03 4.99238755e-03 6.12400137e-03
  8.49590624e-03 5.44758174e-03 5.26803878e-03 5.61290688e-03]
 [           nan            nan            nan 1.69796216e-03
  1.47402581e-03 8.72526100e-03 3.73768355e-03 1.91692621e-03
  1.88574961e-03 1.88970205e-03 1.74426214e-03 1.98830010e-03
  2.67464036e-03 1.84469276e-03 1.80905145e-03 1.88662767e-03]
 [           nan            nan            nan            nan
  8.70134111e-03 1.12973080e-01 4.14437572e-02 1.72563363e-02
  1.65620352e-02 1.66570734e-02 1.44179453e-02 1.81112576e-02
  2.95736490e-02 1.59232669e-02 1.53678961e-02 1.67820730e-02]
 [           nan            nan            nan            nan
             nan 1.92390039e-01 8.05849132e-02 5.08734138e-02
  4.74276554e-02 4.78027091e-02 4.43499485e-02 4.93644331e-02
  7.94560312e-02 4.64418809e-02 4.58734167e-02 4.77746147e-02]
 [           nan            nan            nan            nan
             nan            nan 3.04174847e-01 2.47497240e-01
  2.52088563e-01 2.52763295e-01 2.47980716e-01 2.55499191e-01
  2.70222203e-01 2.51345163e-01 2.50326192e-01 2.52050158e-01]
 [           nan            nan            nan            nan
             nan            nan            nan 6.64212841e-02
  6.70265341e-02 6.69857831e-02 6.58916664e-02 6.76188959e-02
  7.11792360e-02 6.66332721e-02 6.63273767e-02 6.71309331e-02]
 [           nan            nan            nan            nan
             nan            nan            nan            nan
  4.56203337e-02 2.71139272e-02 3.18653631e-02 3.64141423e-02
  1.45917952e-01 3.14389956e-02 3.02653805e-02 2.09990536e-02]
 [           nan            nan            nan            nan
             nan            nan            nan            nan
             nan 6.88685910e-03 6.82032450e-03 7.01488122e-03
  9.04474043e-03 7.07946523e-03 6.82168664e-03 6.78222430e-03]
 [           nan            nan            nan            nan
             nan            nan            nan            nan
             nan            nan 5.77733575e-03 6.16094476e-03
  2.52582256e-02 6.07670385e-03 5.98452136e-03 5.92042224e-03]
 [           nan            nan            nan            nan
             nan            nan            nan            nan
             nan            nan            nan 8.09690447e-03
  1.12293333e-02 7.31673612e-03 7.11473097e-03 7.67970457e-03]
 [           nan            nan            nan            nan
             nan            nan            nan            nan
             nan            nan            nan            nan
  2.52673028e-02 1.08703087e-02 1.07019605e-02 1.10248424e-02]
 [           nan            nan            nan            nan
             nan            nan            nan            nan
             nan            nan            nan            nan
             nan 9.15599802e-02 8.63972525e-02 6.46842028e-02]
 [           nan            nan            nan            nan
             nan            nan            nan            nan
             nan            nan            nan            nan
             nan            nan 1.84710436e-06 1.80420089e-06]
 [           nan            nan            nan            nan
             nan            nan            nan            nan
             nan            nan            nan            nan
             nan            nan            nan 3.96209566e-03]
 [           nan            nan            nan            nan
             nan            nan            nan            nan
             nan            nan            nan            nan
             nan            nan            nan            nan]]
