S1:[-3.43564154e-04  1.68859388e-04 -6.93238859e-05  1.91929092e-04
  2.56789651e-03 -3.78308178e-03 -1.04316295e-03 -6.76865427e-02
  1.41875570e-03  1.08270351e-03  1.24847255e-03 -3.72244443e-05
  2.56789651e-03  2.22896294e-06 -1.79387729e-03  1.60662180e-03]
S1_conf:[1.36601332e-01 4.54967103e-02 3.22693014e-02 5.78135644e-02
 9.08437129e-01 8.05889252e+29 3.05058176e+29 2.71260141e+02
 4.22587298e-01 5.28659827e-01 9.50752909e+27 2.76213984e-02
 9.08437129e-01 1.12090167e-03 1.00191619e+00 4.36671294e+20]
ST:[2.23919014e-04 7.55432936e-05 8.80976547e-06 9.92385382e-05
 1.27925781e-02 1.06809861e-01 1.71901046e-02 1.14397567e+01
 5.41313395e-03 3.47718330e-03 3.61022440e-03 2.22295309e-06
 1.27925781e-02 8.93940132e-09 5.63352008e-03 6.44829245e-03]
ST_conf:[1.74800479e-02 5.07140988e-03 8.01243618e-04 6.68541362e-03
 9.31302187e-01 1.19300547e+31 1.70945252e+30 4.42666790e+04
 3.64475349e-01 2.60753856e-01 1.66045470e+27 4.67083821e-04
 9.31302187e-01 9.00537395e-07 6.70198576e-01 3.50268427e+12]
S2:[[            nan  1.00523022e-02  1.00523022e-02  1.00523022e-02
   1.00523022e-02  1.00523022e-02  1.00523022e-02  1.00523022e-02
   1.00523022e-02  1.00523022e-02  1.00523022e-02  1.00523022e-02
   1.00523022e-02  1.00523022e-02  1.00523022e-02  1.00523022e-02]
 [            nan             nan -1.07943955e-04 -1.07943955e-04
  -1.07943955e-04 -1.07943955e-04 -1.07943955e-04 -1.07943955e-04
  -1.07943955e-04 -1.07943955e-04 -1.07943955e-04 -1.07943955e-04
  -1.07943955e-04 -1.07943955e-04 -1.07943955e-04 -1.07943955e-04]
 [            nan             nan             nan  9.34676779e-05
   9.34676779e-05  9.34676779e-05  9.34676779e-05  9.34676779e-05
   9.34676779e-05  9.34676779e-05  9.34676779e-05  9.34676779e-05
   9.34676779e-05  9.34676779e-05  9.34676779e-05  9.34676779e-05]
 [            nan             nan             nan             nan
  -5.94748577e-04 -5.94748577e-04 -5.94748577e-04 -5.94748577e-04
  -5.94748577e-04 -5.94748577e-04 -5.94748577e-04 -5.94748577e-04
  -5.94748577e-04 -5.94748577e-04 -5.94748577e-04 -5.94748577e-04]
 [            nan             nan             nan             nan
              nan  2.03332174e-01  6.98430327e-02 -1.14657277e-02
  -1.14657277e-02 -1.14657277e-02 -8.93163593e-03 -1.14657277e-02
  -1.14657277e-02 -1.14657277e-02 -1.14657277e-02 -1.14657276e-02]
 [            nan             nan             nan             nan
              nan             nan  2.44652240e-02  2.44652240e-02
   2.44652240e-02  2.44652240e-02  2.44652240e-02  2.44652240e-02
   2.44652240e-02  2.44652240e-02  2.44652240e-02  2.44652240e-02]
 [            nan             nan             nan             nan
              nan             nan             nan  1.02977272e-02
   1.02977272e-02  1.02977272e-02  1.02977272e-02  1.02977272e-02
   1.02977272e-02  1.02977272e-02  1.02977272e-02  1.02977272e-02]
 [            nan             nan             nan             nan
              nan             nan             nan             nan
   5.55593081e-02  5.55593081e-02  5.55593081e-02  5.55593081e-02
   5.55593081e-02  5.55593081e-02  5.55593081e-02  5.55593081e-02]
 [            nan             nan             nan             nan
              nan             nan             nan             nan
              nan -1.37781030e-03 -1.37781030e-03 -1.37781030e-03
  -1.37781030e-03 -1.37781030e-03 -1.37781030e-03 -1.37781030e-03]
 [            nan             nan             nan             nan
              nan             nan             nan             nan
              nan             nan -8.07275046e-03 -8.07275046e-03
  -8.07275046e-03 -8.07275046e-03 -8.07275046e-03 -8.07275046e-03]
 [            nan             nan             nan             nan
              nan             nan             nan             nan
              nan             nan             nan  8.49962522e-03
   8.49962522e-03  8.49962522e-03  8.49962522e-03  8.49962522e-03]
 [            nan             nan             nan             nan
              nan             nan             nan             nan
              nan             nan             nan             nan
   1.79431493e-04  1.79431493e-04  1.79431493e-04  1.79431493e-04]
 [            nan             nan             nan             nan
              nan             nan             nan             nan
              nan             nan             nan             nan
              nan -3.84274232e-02 -3.84274232e-02 -3.84274232e-02]
 [            nan             nan             nan             nan
              nan             nan             nan             nan
              nan             nan             nan             nan
              nan             nan  5.02735587e-06  5.02735587e-06]
 [            nan             nan             nan             nan
              nan             nan             nan             nan
              nan             nan             nan             nan
              nan             nan             nan  3.70679775e-03]
 [            nan             nan             nan             nan
              nan             nan             nan             nan
              nan             nan             nan             nan
              nan             nan             nan             nan]]
S2_conf:[[           nan 1.32893300e-01 1.32893300e-01 1.32893300e-01
  1.32893300e-01 1.32893300e-01 1.32893300e-01 1.32893300e-01
  1.32893300e-01 1.32893300e-01 3.63064244e+12 1.32893300e-01
  1.32893300e-01 1.32893300e-01 1.32893300e-01 3.32019349e+11]
 [           nan            nan 4.54897853e-02 4.54897853e-02
  4.54897853e-02 4.54897853e-02 4.54897853e-02 4.54897853e-02
  4.54897853e-02 4.54897853e-02 3.63064244e+12 4.54897853e-02
  4.54897853e-02 4.54897853e-02 4.54897853e-02 3.32019349e+11]
 [           nan            nan            nan 3.22597669e-02
  3.22597669e-02 3.22597669e-02 3.22597669e-02 3.22597669e-02
  3.22597669e-02 3.22597669e-02 3.63064244e+12 3.22597669e-02
  3.22597669e-02 3.22597669e-02 3.22597669e-02 3.32019349e+11]
 [           nan            nan            nan            nan
  5.78691104e-02 5.78691104e-02 5.78691104e-02 5.78691104e-02
  5.78691104e-02 5.78691104e-02 3.63064244e+12 5.78691104e-02
  5.78691104e-02 5.78691104e-02 5.78691104e-02 3.32019349e+11]
 [           nan            nan            nan            nan
             nan 2.63045538e+31 9.36629471e+30 9.58936164e+29
  9.58936164e+29 9.58936164e+29 6.40935222e+29 9.58936164e+29
  9.58936164e+29 9.58936164e+29 9.58936164e+29 9.58936149e+29]
 [           nan            nan            nan            nan
             nan            nan 8.05889252e+29 8.05889252e+29
  8.05889252e+29 8.05889252e+29 8.05889252e+29 8.05889252e+29
  8.05889252e+29 8.05889252e+29 8.05889252e+29 8.05889252e+29]
 [           nan            nan            nan            nan
             nan            nan            nan 3.05058176e+29
  3.05058176e+29 3.05058176e+29 3.05058176e+29 3.05058176e+29
  3.05058176e+29 3.05058176e+29 3.05058176e+29 3.05058176e+29]
 [           nan            nan            nan            nan
             nan            nan            nan            nan
  1.70985901e+30 1.70985901e+30 1.70985901e+30 1.70985901e+30
  1.70985901e+30 1.70985901e+30 1.70985901e+30 1.70985901e+30]
 [           nan            nan            nan            nan
             nan            nan            nan            nan
             nan 4.22581869e-01 3.63064244e+12 4.22581869e-01
  4.22581869e-01 4.22581869e-01 4.22581869e-01 3.32019349e+11]
 [           nan            nan            nan            nan
             nan            nan            nan            nan
             nan            nan 3.63064244e+12 5.30092588e-01
  5.30092588e-01 5.30092588e-01 5.30092588e-01 3.32019349e+11]
 [           nan            nan            nan            nan
             nan            nan            nan            nan
             nan            nan            nan 9.50752909e+27
  9.50752909e+27 9.50752909e+27 9.50752909e+27 9.50752909e+27]
 [           nan            nan            nan            nan
             nan            nan            nan            nan
             nan            nan            nan            nan
  2.75705729e-02 2.75705729e-02 2.75705729e-02 3.32019349e+11]
 [           nan            nan            nan            nan
             nan            nan            nan            nan
             nan            nan            nan            nan
             nan 3.37034121e+30 3.37034121e+30 3.37034121e+30]
 [           nan            nan            nan            nan
             nan            nan            nan            nan
             nan            nan            nan            nan
             nan            nan 1.12373756e-03 3.32019349e+11]
 [           nan            nan            nan            nan
             nan            nan            nan            nan
             nan            nan            nan            nan
             nan            nan            nan 3.32019349e+11]
 [           nan            nan            nan            nan
             nan            nan            nan            nan
             nan            nan            nan            nan
             nan            nan            nan            nan]]
