S1:[ 5.43913751e-03  1.38951992e-04 -1.43760654e-05  3.05405113e-03
  1.93221049e-01  9.86186434e-02  2.75768250e-02  3.52606957e-01
  1.50232120e-03  2.44707283e-02 -4.89210472e-03 -1.42117970e-03
  5.21730375e-02 -3.42547069e-05  5.69927308e-02 -3.41911974e-03]
S1_conf:[1.04025610e-02 1.59254333e-03 5.00936947e-05 1.08777167e-02
 7.80382362e-02 5.73948394e-02 3.63045117e-02 1.32347896e-01
 1.56097777e-02 2.81791125e-02 8.58694756e-03 1.06641711e-02
 7.12496803e-02 1.13356436e-04 4.42056403e-02 2.12837070e-02]
ST:[4.84810685e-03 2.27015523e-04 6.21154463e-08 8.89104533e-03
 4.14687055e-01 1.55315699e-01 1.02117380e-01 4.36225150e-01
 1.29666240e-02 5.70807690e-02 6.21247658e-03 3.70827009e-03
 1.15560930e-01 7.48886214e-07 9.00041683e-02 2.52659220e-02]
ST_conf:[2.58303989e-03 2.16016030e-04 4.01557922e-08 4.82382805e-03
 1.30097778e-01 5.60360475e-02 3.70902744e-02 8.45266890e-02
 5.31422782e-03 2.45447873e-02 2.61166149e-03 1.92621085e-03
 4.49562061e-02 6.00976219e-07 2.81283662e-02 1.37265324e-02]
S2:[[            nan -6.91750912e-03 -6.88821979e-03 -7.15787418e-03
  -4.60049563e-03 -5.61771160e-04 -5.08231786e-03 -8.23562818e-04
  -8.10484710e-03 -9.92891410e-03 -6.16521139e-03 -6.95614812e-03
  -3.71581789e-03 -6.88679618e-03 -6.21810416e-03 -6.88333721e-03]
 [            nan             nan  1.37904649e-03  1.41535780e-03
   1.53386537e-03  1.40795242e-03  9.43093154e-04  9.91024143e-04
   1.40628963e-03  1.28474230e-03  1.19481532e-03  1.28863443e-03
   1.31423174e-03  1.37802718e-03  9.01122761e-04  1.30618703e-03]
 [            nan             nan             nan  1.77607333e-05
   1.26730886e-05  4.44548247e-06  1.21665843e-05  7.23790128e-06
   2.08555411e-05  1.46737587e-05  1.85407094e-05  1.70338387e-05
   1.45504438e-05  1.67479834e-05  1.14946524e-05  1.50110925e-05]
 [            nan             nan             nan             nan
   5.87279551e-04  3.12153106e-03 -1.54271202e-03  1.23153545e-02
   2.12825165e-03  2.67589822e-03  9.22326892e-04  2.13629577e-03
   1.97497435e-03  1.73435138e-03 -5.11274182e-03  2.84304616e-03]
 [            nan             nan             nan             nan
              nan  6.55190795e-02  6.45110607e-02  3.39595207e-02
   5.62288588e-02  4.80791322e-02  5.21235541e-02  5.58731029e-02
   9.83611548e-02  5.35546955e-02  5.56547109e-02  7.18910053e-02]
 [            nan             nan             nan             nan
              nan             nan -3.90436229e-02 -2.37436492e-02
  -3.84252090e-02 -3.07772875e-02 -4.37431147e-02 -4.67350334e-02
  -1.77093320e-02 -4.41961186e-02 -4.27453146e-02 -3.26662667e-02]
 [            nan             nan             nan             nan
              nan             nan             nan  1.03202861e-02
  -6.11930178e-03 -9.90016084e-03 -1.03976072e-02 -7.31984795e-03
   9.26884835e-03 -8.65940995e-03 -1.09788554e-02 -5.52768627e-03]
 [            nan             nan             nan             nan
              nan             nan             nan             nan
   6.47288846e-03  2.01166628e-02 -9.69712945e-03  4.42640797e-03
  -6.73675212e-02 -1.77126080e-03 -1.93766040e-02 -2.65916423e-02]
 [            nan             nan             nan             nan
              nan             nan             nan             nan
              nan  1.01225840e-02  1.15267065e-02  1.01697324e-02
  -9.06305849e-05  1.03466892e-02  1.45212982e-02  8.10852232e-03]
 [            nan             nan             nan             nan
              nan             nan             nan             nan
              nan             nan -2.63876116e-02 -2.84403879e-02
  -2.50229832e-02 -2.91138597e-02 -2.50923446e-02 -3.35168121e-02]
 [            nan             nan             nan             nan
              nan             nan             nan             nan
              nan             nan             nan  1.45464060e-02
   1.50145794e-02  1.44463143e-02  1.58332205e-02  1.44229213e-02]
 [            nan             nan             nan             nan
              nan             nan             nan             nan
              nan             nan             nan             nan
   2.71874756e-03 -1.48346534e-03 -1.48990725e-03 -1.33562076e-03]
 [            nan             nan             nan             nan
              nan             nan             nan             nan
              nan             nan             nan             nan
              nan  7.94544149e-03  1.87406229e-02  2.82724775e-03]
 [            nan             nan             nan             nan
              nan             nan             nan             nan
              nan             nan             nan             nan
              nan             nan  4.56476823e-06 -1.80336684e-05]
 [            nan             nan             nan             nan
              nan             nan             nan             nan
              nan             nan             nan             nan
              nan             nan             nan -2.55880631e-02]
 [            nan             nan             nan             nan
              nan             nan             nan             nan
              nan             nan             nan             nan
              nan             nan             nan             nan]]
S2_conf:[[           nan 1.35850181e-02 1.35762097e-02 1.34793831e-02
  1.46833718e-02 1.45729974e-02 1.42127163e-02 1.97270738e-02
  1.32313521e-02 1.39756752e-02 1.33834701e-02 1.34931282e-02
  1.54489718e-02 1.35775205e-02 1.47804731e-02 1.35902486e-02]
 [           nan            nan 2.29926107e-03 2.25682325e-03
  2.40925122e-03 2.55082177e-03 2.28812650e-03 3.24389878e-03
  2.29279853e-03 2.36981517e-03 2.24614397e-03 2.29206357e-03
  2.35314280e-03 2.29957215e-03 2.45869242e-03 2.23051360e-03]
 [           nan            nan            nan 4.60657520e-05
  4.38902931e-05 4.98308558e-05 4.32135360e-05 4.01695011e-05
  4.81639070e-05 5.06977895e-05 4.59556377e-05 4.55158460e-05
  4.61036188e-05 4.56416891e-05 4.21058310e-05 4.51614598e-05]
 [           nan            nan            nan            nan
  1.72358357e-02 2.18401033e-02 1.97322662e-02 2.74411862e-02
  2.25462588e-02 2.00294294e-02 2.07477976e-02 2.11487197e-02
  2.45996644e-02 2.15327095e-02 1.83207448e-02 2.01286905e-02]
 [           nan            nan            nan            nan
             nan 1.38910819e-01 1.33753844e-01 1.68837347e-01
  1.27323681e-01 1.26103859e-01 1.26788766e-01 1.27002015e-01
  1.45323059e-01 1.25999942e-01 1.33857379e-01 1.30927578e-01]
 [           nan            nan            nan            nan
             nan            nan 6.94680097e-02 9.48369990e-02
  8.10024694e-02 7.53126875e-02 7.72138267e-02 7.94226310e-02
  7.64804620e-02 7.53415141e-02 9.32544033e-02 7.55368017e-02]
 [           nan            nan            nan            nan
             nan            nan            nan 7.19397960e-02
  6.26585246e-02 5.78905197e-02 6.05427469e-02 6.07558677e-02
  6.31099762e-02 6.13489546e-02 6.05540347e-02 5.31442221e-02]
 [           nan            nan            nan            nan
             nan            nan            nan            nan
  2.00792388e-01 2.04912114e-01 1.89500250e-01 1.99349877e-01
  1.99381929e-01 1.92910214e-01 2.04881439e-01 1.84088857e-01]
 [           nan            nan            nan            nan
             nan            nan            nan            nan
             nan 3.19466587e-02 3.18441789e-02 3.16173980e-02
  3.47764747e-02 3.19251871e-02 3.40881015e-02 2.99335934e-02]
 [           nan            nan            nan            nan
             nan            nan            nan            nan
             nan            nan 4.42700047e-02 4.53836034e-02
  4.72610689e-02 4.52816466e-02 4.31861983e-02 4.43313173e-02]
 [           nan            nan            nan            nan
             nan            nan            nan            nan
             nan            nan            nan 1.72023838e-02
  1.64558965e-02 1.68222835e-02 1.72868729e-02 1.63237052e-02]
 [           nan            nan            nan            nan
             nan            nan            nan            nan
             nan            nan            nan            nan
  1.59443391e-02 1.80296536e-02 1.87159989e-02 1.74938941e-02]
 [           nan            nan            nan            nan
             nan            nan            nan            nan
             nan            nan            nan            nan
             nan 7.31094387e-02 7.67980341e-02 7.23136393e-02]
 [           nan            nan            nan            nan
             nan            nan            nan            nan
             nan            nan            nan            nan
             nan            nan 1.95270962e-04 1.88223575e-04]
 [           nan            nan            nan            nan
             nan            nan            nan            nan
             nan            nan            nan            nan
             nan            nan            nan 6.14475960e-02]
 [           nan            nan            nan            nan
             nan            nan            nan            nan
             nan            nan            nan            nan
             nan            nan            nan            nan]]
