S1:[ 5.79359915e-03  1.09034958e-03  1.43208178e-06  2.35410105e-03
  2.29132854e-01  5.91671470e-02  3.39859167e-02  1.78743542e-01
 -3.34129052e-03  5.28235251e-02  8.18686734e-04  8.48460097e-04
  2.84331814e-02 -2.89158860e-05  7.55684730e-02  3.26489027e-04]
S1_conf:[8.27631290e-03 2.21367943e-03 4.59286315e-06 5.44055309e-03
 4.63904464e-02 2.29227845e-02 1.44280169e-02 3.08443215e-02
 6.16793473e-03 2.56442012e-02 5.56685643e-03 2.10882765e-03
 1.91806590e-02 3.43748747e-05 3.77021155e-02 7.90200185e-03]
ST:[6.73291382e-03 1.51260774e-03 6.09145071e-09 5.72144172e-03
 3.93195654e-01 1.30665603e-01 7.35921299e-02 4.02378277e-01
 9.61759026e-03 1.31364676e-01 6.34647659e-03 5.07975698e-04
 8.68484497e-02 1.40226715e-07 1.56196504e-01 1.23062657e-02]
ST_conf:[1.04296756e-03 4.21062094e-04 3.25977209e-09 1.06818654e-03
 4.86416316e-02 1.98049900e-02 1.31098652e-02 4.72256825e-02
 3.02026372e-03 2.11908997e-02 1.53512515e-03 1.15895953e-04
 1.33891377e-02 4.68666880e-08 2.06434888e-02 2.88984629e-03]
S2:[[            nan -5.28372412e-03 -5.40839151e-03 -5.65342806e-03
  -3.79838431e-03 -6.08618823e-03 -5.46430877e-03 -5.45650845e-03
  -5.05608867e-03 -4.12924473e-03 -5.52656007e-03 -5.65304710e-03
  -6.41859991e-03 -5.40651814e-03 -4.29090127e-03 -5.08103156e-03]
 [            nan             nan -1.74458825e-03 -1.57647537e-03
  -2.49477804e-03 -2.53026980e-03 -1.34518376e-03 -2.37628658e-03
  -1.21040879e-03 -2.41606001e-03 -1.64434298e-03 -1.74526493e-03
  -1.98469094e-03 -1.74347113e-03 -1.15518516e-03 -1.35167868e-03]
 [            nan             nan             nan -9.93081437e-07
  -1.51168147e-06 -1.40692256e-06 -3.96334541e-07  8.53969696e-07
  -2.83487817e-07 -1.05567403e-06  4.83490141e-08 -4.22630858e-07
   1.68011524e-06 -3.96352832e-07 -1.30706564e-06 -4.96579525e-07]
 [            nan             nan             nan             nan
  -2.31121291e-03 -2.39010658e-03 -3.13271723e-03 -1.95631943e-03
  -2.73074729e-03 -1.12586486e-03 -2.97966786e-03 -3.21509318e-03
  -2.77392896e-03 -3.34217752e-03 -3.34391456e-03 -2.76972184e-03]
 [            nan             nan             nan             nan
              nan -6.03459926e-02 -7.82604469e-02  3.01070763e-02
  -8.34863933e-02 -6.31465464e-02 -7.85043576e-02 -8.00049809e-02
  -7.33933719e-02 -7.99076048e-02 -6.39887371e-02 -8.41236122e-02]
 [            nan             nan             nan             nan
              nan             nan -7.31880805e-04  1.21774316e-02
   6.83414768e-03  1.49130475e-02  4.70444980e-03  3.04844471e-03
   1.69647939e-03  3.28032973e-03  8.88809068e-03  5.98371042e-03]
 [            nan             nan             nan             nan
              nan             nan             nan  5.20378447e-03
  -3.88059314e-03 -1.99907949e-03 -2.83563483e-03 -3.44805887e-03
  -3.37856021e-03 -3.39781908e-03  2.90008340e-03 -4.28824317e-03]
 [            nan             nan             nan             nan
              nan             nan             nan             nan
  -1.56707090e-02  1.54560522e-04 -1.85861800e-02 -1.40891279e-02
  -9.18362245e-03 -1.38233418e-02  2.39223067e-03 -5.56497797e-03]
 [            nan             nan             nan             nan
              nan             nan             nan             nan
              nan  6.40253409e-03  5.25411244e-03  5.22551699e-03
   5.57860109e-03  5.20811459e-03  5.50953731e-03  6.33048495e-03]
 [            nan             nan             nan             nan
              nan             nan             nan             nan
              nan             nan -5.05633651e-04  4.90605393e-04
  -4.38971642e-04  3.79188679e-04  5.32207674e-04  2.66763932e-03]
 [            nan             nan             nan             nan
              nan             nan             nan             nan
              nan             nan             nan  5.62699471e-03
   5.24365993e-03  5.65919795e-03  5.64525573e-03  5.89029212e-03]
 [            nan             nan             nan             nan
              nan             nan             nan             nan
              nan             nan             nan             nan
  -1.71928408e-03 -1.67743073e-03 -3.22686308e-03 -1.60206948e-03]
 [            nan             nan             nan             nan
              nan             nan             nan             nan
              nan             nan             nan             nan
              nan  1.34866709e-02  1.86599111e-02  1.71048223e-02]
 [            nan             nan             nan             nan
              nan             nan             nan             nan
              nan             nan             nan             nan
              nan             nan  9.52054283e-05  7.21320101e-05]
 [            nan             nan             nan             nan
              nan             nan             nan             nan
              nan             nan             nan             nan
              nan             nan             nan -1.41544442e-03]
 [            nan             nan             nan             nan
              nan             nan             nan             nan
              nan             nan             nan             nan
              nan             nan             nan             nan]]
S2_conf:[[           nan 1.28232179e-02 1.28221494e-02 1.27329582e-02
  1.50568030e-02 1.27200462e-02 1.30106150e-02 1.45019756e-02
  1.25181931e-02 1.25828523e-02 1.27668300e-02 1.28637903e-02
  1.32922155e-02 1.28204685e-02 1.41268232e-02 1.29646329e-02]
 [           nan            nan 6.03153940e-03 6.02303750e-03
  5.27832016e-03 5.94863152e-03 6.23865667e-03 6.84493739e-03
  5.66225634e-03 6.51506401e-03 6.01757836e-03 6.04086647e-03
  6.15223735e-03 6.02972639e-03 6.73962871e-03 5.74619901e-03]
 [           nan            nan            nan 4.18291648e-06
  6.70288126e-06 4.39361971e-06 4.66227524e-06 5.42070906e-06
  4.22244366e-06 4.59506973e-06 4.18729867e-06 4.16376153e-06
  4.79723568e-06 4.16815606e-06 6.10494948e-06 4.10489676e-06]
 [           nan            nan            nan            nan
  9.23158332e-03 8.41321178e-03 7.44642617e-03 8.67546595e-03
  7.42130167e-03 7.39167713e-03 7.45426568e-03 7.66678870e-03
  7.61505439e-03 7.58880323e-03 8.17362064e-03 7.51391677e-03]
 [           nan            nan            nan            nan
             nan 5.49431504e-02 5.56295580e-02 7.21766890e-02
  5.40972977e-02 5.67252438e-02 5.41146605e-02 5.39525695e-02
  5.47050468e-02 5.38794065e-02 6.12895095e-02 5.23395351e-02]
 [           nan            nan            nan            nan
             nan            nan 4.16760957e-02 4.02219755e-02
  3.87625464e-02 3.88121909e-02 3.81634667e-02 3.83605127e-02
  3.63555373e-02 3.83844679e-02 3.80982485e-02 3.85485751e-02]
 [           nan            nan            nan            nan
             nan            nan            nan 3.03325863e-02
  2.36308693e-02 2.64602944e-02 2.41716563e-02 2.38009158e-02
  2.60562100e-02 2.40036593e-02 2.66653960e-02 2.35588066e-02]
 [           nan            nan            nan            nan
             nan            nan            nan            nan
  5.18011832e-02 5.41584677e-02 5.21995798e-02 5.14020999e-02
  5.21403540e-02 5.17686568e-02 5.70781003e-02 5.30381290e-02]
 [           nan            nan            nan            nan
             nan            nan            nan            nan
             nan 1.00221108e-02 8.42185513e-03 8.58133858e-03
  9.30219265e-03 8.56385377e-03 9.13597255e-03 8.44908463e-03]
 [           nan            nan            nan            nan
             nan            nan            nan            nan
             nan            nan 3.90063057e-02 3.95475132e-02
  4.15075007e-02 3.93149139e-02 4.33894571e-02 4.01875675e-02]
 [           nan            nan            nan            nan
             nan            nan            nan            nan
             nan            nan            nan 7.72896225e-03
  8.12824392e-03 7.73851385e-03 7.24628085e-03 7.74795501e-03]
 [           nan            nan            nan            nan
             nan            nan            nan            nan
             nan            nan            nan            nan
  4.95926934e-03 4.99801536e-03 6.47439057e-03 5.00918922e-03]
 [           nan            nan            nan            nan
             nan            nan            nan            nan
             nan            nan            nan            nan
             nan 2.58560504e-02 2.63862488e-02 2.64732677e-02]
 [           nan            nan            nan            nan
             nan            nan            nan            nan
             nan            nan            nan            nan
             nan            nan 9.85720557e-05 7.85116066e-05]
 [           nan            nan            nan            nan
             nan            nan            nan            nan
             nan            nan            nan            nan
             nan            nan            nan 5.80440095e-02]
 [           nan            nan            nan            nan
             nan            nan            nan            nan
             nan            nan            nan            nan
             nan            nan            nan            nan]]
