S1:[ 5.47954987e-03  3.14804897e-04  4.27510407e-06  5.42395375e-03
  2.30890548e-01  9.11857644e-02  3.23937975e-02  3.56726635e-01
  3.74851096e-03  2.16526459e-02 -4.39286466e-03 -8.50840473e-04
  5.28652960e-02 -1.31729323e-05  5.43157841e-02 -8.80409483e-03]
S1_conf:[9.39048519e-03 3.41395668e-03 1.00693019e-05 1.14532262e-02
 1.00421471e-01 5.25213239e-02 4.12368538e-02 1.30107173e-01
 1.60302152e-02 3.06766482e-02 8.18183767e-03 6.83487307e-03
 5.53079334e-02 6.97595820e-05 4.58515702e-02 2.41902252e-02]
ST:[4.29713590e-03 1.20386762e-03 3.42630757e-09 8.73779780e-03
 4.01930932e-01 1.32171100e-01 9.72088444e-02 4.22721649e-01
 1.53482055e-02 4.94776066e-02 5.41589072e-03 1.92610308e-03
 8.98610754e-02 3.79997732e-07 8.18411716e-02 2.45167517e-02]
ST_conf:[1.82543195e-03 7.79469206e-04 1.64255835e-09 4.76188065e-03
 1.32519736e-01 4.01024310e-02 4.07071649e-02 7.88878696e-02
 5.79138369e-03 2.05331108e-02 2.52354160e-03 9.10225642e-04
 3.10231073e-02 1.79447556e-07 2.64225606e-02 1.05337183e-02]
S2:[[            nan -5.61941095e-03 -5.48516276e-03 -5.76794742e-03
  -4.67188695e-03 -8.29894684e-04 -4.18217465e-03 -5.39648477e-04
  -6.34645565e-03 -8.51228680e-03 -4.81702636e-03 -5.55303119e-03
  -3.15909221e-03 -5.48615161e-03 -4.64321140e-03 -5.04085123e-03]
 [            nan             nan  3.23958211e-03  3.49582812e-03
   3.15721541e-03  3.19011018e-03  2.30004430e-03  1.91381221e-03
   3.27097386e-03  3.28047514e-03  2.88524940e-03  3.04365350e-03
   2.95143809e-03  3.23680458e-03  2.50873249e-03  3.05232163e-03]
 [            nan             nan             nan -1.01403293e-06
   4.05862165e-06  2.10870209e-06  4.41305805e-07 -9.10825070e-06
  -3.85647373e-06 -4.12090164e-06 -1.19796283e-06 -7.62761636e-07
  -6.36038671e-06 -8.17839762e-07  2.23216989e-06 -1.69379666e-06]
 [            nan             nan             nan             nan
   9.94360785e-05  1.93311634e-03 -1.30440752e-03  6.42818086e-03
   1.87804493e-03  2.56729338e-03  4.52423872e-05  1.50385547e-03
   1.01988036e-05  1.11450899e-03 -5.34105641e-03  2.73493590e-03]
 [            nan             nan             nan             nan
              nan  4.51839545e-02  4.59423537e-02  2.79464184e-02
   4.37311447e-02  3.86945334e-02  3.91806332e-02  3.88327191e-02
   7.81824254e-02  3.79868275e-02  4.43536019e-02  5.90079115e-02]
 [            nan             nan             nan             nan
              nan             nan -3.48784793e-02 -1.76612946e-02
  -3.01377238e-02 -2.25259106e-02 -3.51276083e-02 -3.73796696e-02
  -1.45279950e-02 -3.57451529e-02 -3.35311124e-02 -2.39196056e-02]
 [            nan             nan             nan             nan
              nan             nan             nan  6.02574266e-03
  -4.28446209e-03 -6.39039412e-03 -6.97431676e-03 -4.40757200e-03
   9.91560859e-03 -5.31506819e-03 -6.17360419e-03 -2.70426570e-03]
 [            nan             nan             nan             nan
              nan             nan             nan             nan
   7.06404431e-03  2.34493618e-02  2.33895533e-04  1.04666160e-02
  -4.81192631e-02  6.92718223e-03 -7.98032193e-03 -1.25646659e-02]
 [            nan             nan             nan             nan
              nan             nan             nan             nan
              nan  1.13522619e-02  1.16344762e-02  9.88081918e-03
  -2.43493016e-04  9.92941932e-03  1.40752104e-02  9.31257170e-03]
 [            nan             nan             nan             nan
              nan             nan             nan             nan
              nan             nan -1.66550767e-02 -1.85952779e-02
  -1.80576805e-02 -1.89654655e-02 -1.48337557e-02 -2.07364106e-02]
 [            nan             nan             nan             nan
              nan             nan             nan             nan
              nan             nan             nan  1.37556020e-02
   1.51424351e-02  1.36365721e-02  1.51515210e-02  1.31983914e-02]
 [            nan             nan             nan             nan
              nan             nan             nan             nan
              nan             nan             nan             nan
   1.20834888e-03 -1.01437798e-03 -1.01238067e-03 -5.89284995e-04]
 [            nan             nan             nan             nan
              nan             nan             nan             nan
              nan             nan             nan             nan
              nan -4.59982080e-03  5.23733498e-03 -8.99086846e-03]
 [            nan             nan             nan             nan
              nan             nan             nan             nan
              nan             nan             nan             nan
              nan             nan  2.10377873e-05 -9.17016874e-06]
 [            nan             nan             nan             nan
              nan             nan             nan             nan
              nan             nan             nan             nan
              nan             nan             nan -2.00808836e-02]
 [            nan             nan             nan             nan
              nan             nan             nan             nan
              nan             nan             nan             nan
              nan             nan             nan             nan]]
S2_conf:[[           nan 1.27878177e-02 1.27917897e-02 1.28694347e-02
  1.34582257e-02 1.41828829e-02 1.30484771e-02 1.95983052e-02
  1.26269757e-02 1.33107713e-02 1.25654289e-02 1.27621372e-02
  1.41003261e-02 1.27924233e-02 1.41607217e-02 1.27416717e-02]
 [           nan            nan 4.04005420e-03 4.14868697e-03
  4.80751998e-03 4.72822116e-03 4.02037490e-03 7.65265001e-03
  4.10321969e-03 5.14628770e-03 3.84014903e-03 4.10453535e-03
  4.17682774e-03 4.04060252e-03 5.01013061e-03 3.98405854e-03]
 [           nan            nan            nan 1.17936073e-05
  1.76155730e-05 1.37106935e-05 1.14360873e-05 1.78319002e-05
  1.15775494e-05 1.27632396e-05 1.21335669e-05 1.18866131e-05
  1.71752577e-05 1.19409348e-05 1.20972828e-05 1.19957761e-05]
 [           nan            nan            nan            nan
  1.61806881e-02 2.05057585e-02 1.83496282e-02 2.32347268e-02
  2.12407036e-02 1.97925384e-02 1.96831964e-02 2.00169772e-02
  2.01829351e-02 2.00390504e-02 1.85675627e-02 1.97734479e-02]
 [           nan            nan            nan            nan
             nan 1.37332963e-01 1.46359706e-01 1.65960788e-01
  1.27168712e-01 1.31909858e-01 1.22076375e-01 1.25759240e-01
  1.29452945e-01 1.24542272e-01 1.33488560e-01 1.27052380e-01]
 [           nan            nan            nan            nan
             nan            nan 7.71810545e-02 1.00830199e-01
  8.45111503e-02 7.96125029e-02 8.36468484e-02 8.33489251e-02
  7.84088769e-02 8.18687970e-02 9.55508000e-02 8.04419522e-02]
 [           nan            nan            nan            nan
             nan            nan            nan 8.45079840e-02
  6.66086531e-02 6.24572370e-02 6.40908038e-02 6.46925120e-02
  6.98245422e-02 6.50334751e-02 6.64566592e-02 5.99192262e-02]
 [           nan            nan            nan            nan
             nan            nan            nan            nan
  1.95958159e-01 2.11180464e-01 1.92785269e-01 1.96037333e-01
  2.10361604e-01 1.94628084e-01 2.03024460e-01 1.87966918e-01]
 [           nan            nan            nan            nan
             nan            nan            nan            nan
             nan 3.18580231e-02 3.07529767e-02 3.11599745e-02
  3.82439960e-02 3.10289932e-02 3.59658072e-02 2.87152819e-02]
 [           nan            nan            nan            nan
             nan            nan            nan            nan
             nan            nan 4.56268488e-02 4.70004885e-02
  4.97073274e-02 4.69209888e-02 4.49720655e-02 4.72679126e-02]
 [           nan            nan            nan            nan
             nan            nan            nan            nan
             nan            nan            nan 1.35832816e-02
  1.45882966e-02 1.33588677e-02 1.42278978e-02 1.34173113e-02]
 [           nan            nan            nan            nan
             nan            nan            nan            nan
             nan            nan            nan            nan
  1.00691010e-02 1.22451259e-02 1.36765032e-02 1.19159886e-02]
 [           nan            nan            nan            nan
             nan            nan            nan            nan
             nan            nan            nan            nan
             nan 6.74103482e-02 6.75620618e-02 6.68190684e-02]
 [           nan            nan            nan            nan
             nan            nan            nan            nan
             nan            nan            nan            nan
             nan            nan 1.23571675e-04 1.28745280e-04]
 [           nan            nan            nan            nan
             nan            nan            nan            nan
             nan            nan            nan            nan
             nan            nan            nan 6.07330575e-02]
 [           nan            nan            nan            nan
             nan            nan            nan            nan
             nan            nan            nan            nan
             nan            nan            nan            nan]]
