S1:[-3.91425635e-05 -1.46962278e-04 -4.62627410e-05 -2.28014797e-04
 -3.87557189e-03  2.68918755e-02 -6.77919601e-04 -8.66878729e-03
 -6.03985710e-04  3.88874188e-03 -8.24508314e-04 -8.65976005e-06
  8.57319297e-03 -1.93382611e-06 -2.55383711e-03  8.53930558e-04]
S1_conf:[2.84648139e-04 2.25104752e-04 8.55096158e-05 1.76460615e-03
 1.15923715e-02 3.13720413e-02 4.42916142e-03 2.75527678e-02
 1.65775057e-03 6.45729171e-03 2.72745948e-03 1.08528848e-04
 1.41084153e-02 5.29960479e-06 8.20457396e-03 9.91942090e-04]
ST:[3.28313254e-04 4.91081934e-05 4.13060962e-05 6.80005090e-03
 2.14283048e-01 3.81089865e-01 4.66971223e-02 3.92130715e-01
 1.67986220e-03 6.06561949e-02 5.57034690e-03 1.65526566e-05
 4.05728526e-01 9.85978759e-09 4.51736724e-02 6.16714278e-03]
ST_conf:[2.11375295e-04 8.55947039e-05 4.17290198e-05 9.55027194e-03
 2.55078600e-01 3.05339459e-01 3.77022980e-02 2.39023585e-01
 1.20106923e-03 7.14808075e-02 5.07732978e-03 1.55109281e-05
 3.21017381e-01 7.10339436e-09 7.29639558e-02 6.05901168e-03]
S2:[[            nan  4.33935527e-04  4.33660429e-04  4.35360059e-04
   4.39831162e-04 -1.94042047e-04  4.32035646e-04  4.92059569e-04
   4.36343924e-04  4.24979075e-04  4.37349967e-04  4.33824868e-04
   4.14394490e-04  4.33689352e-04  4.44984108e-04  4.32955312e-04]
 [            nan             nan  5.66034599e-04  5.51620780e-04
   4.66381220e-04  2.95290331e-04  5.79813682e-04  2.05546484e-04
   5.43277052e-04  6.39657388e-04  5.34745234e-04  5.64640068e-04
   7.20268595e-04  5.65789315e-04  4.70003411e-04  5.72014396e-04]
 [            nan             nan             nan  9.32206293e-06
   2.94156639e-05 -1.87362382e-04  2.62391263e-06  9.77651026e-05
   1.13043896e-05 -1.15939259e-05  1.33314033e-05  6.22890320e-06
  -3.07762963e-05  5.95586186e-06  2.87129508e-05  4.47688937e-06]
 [            nan             nan             nan             nan
   2.45533686e-03  1.72250066e-02  3.23516666e-03 -1.78033551e-04
   2.98549777e-03  3.64410177e-03  2.92719657e-03  3.13147950e-03
   4.19403987e-03  3.13933275e-03  2.48479072e-03  3.18187112e-03]
 [            nan             nan             nan             nan
              nan  9.02980903e-03  1.82786163e-02  4.51565881e-02
   1.66024613e-02  1.68140463e-02  1.61479190e-02  1.65328952e-02
   1.69297648e-02  1.65620345e-02  1.66073856e-02  1.67427991e-02]
 [            nan             nan             nan             nan
              nan             nan -2.91663235e-02  4.89504494e-02
  -2.82377329e-02 -3.14311614e-02 -2.70370133e-02 -2.74456313e-02
   1.23158977e-02 -2.74986509e-02 -9.81897497e-03 -2.48416011e-02]
 [            nan             nan             nan             nan
              nan             nan             nan  1.54005865e-02
  -7.48850473e-04 -9.09909821e-04 -7.34593115e-04 -7.84549804e-04
  -1.04936081e-03 -7.86470288e-04 -6.26404283e-04 -7.96872903e-04]
 [            nan             nan             nan             nan
              nan             nan             nan             nan
   5.37420118e-02  6.58816626e-02  5.26673809e-02  5.64328050e-02
   8.39278403e-02  5.65775592e-02  4.45127803e-02  5.73616435e-02]
 [            nan             nan             nan             nan
              nan             nan             nan             nan
              nan  4.97757101e-03  4.16706217e-03  4.39801756e-03
   5.59972415e-03  4.40689618e-03  3.66689305e-03  4.45498863e-03]
 [            nan             nan             nan             nan
              nan             nan             nan             nan
              nan             nan -8.22713105e-03 -8.73222253e-03
  -1.13293228e-02 -8.75163976e-03 -7.13327838e-03 -8.85681630e-03]
 [            nan             nan             nan             nan
              nan             nan             nan             nan
              nan             nan             nan  2.03206235e-03
   2.39223004e-03  2.03463441e-03  1.82026137e-03  2.04856642e-03]
 [            nan             nan             nan             nan
              nan             nan             nan             nan
              nan             nan             nan             nan
   1.70148711e-04  1.04468976e-04  6.37545240e-05  1.07114989e-04]
 [            nan             nan             nan             nan
              nan             nan             nan             nan
              nan             nan             nan             nan
              nan -6.08918704e-03  1.42666864e-03 -6.35412350e-03]
 [            nan             nan             nan             nan
              nan             nan             nan             nan
              nan             nan             nan             nan
              nan             nan  4.75155423e-07  1.05674670e-07]
 [            nan             nan             nan             nan
              nan             nan             nan             nan
              nan             nan             nan             nan
              nan             nan             nan  9.44804920e-03]
 [            nan             nan             nan             nan
              nan             nan             nan             nan
              nan             nan             nan             nan
              nan             nan             nan             nan]]
S2_conf:[[           nan 6.54895158e-04 6.55048616e-04 6.54108706e-04
  6.49619152e-04 1.43827461e-03 6.55965394e-04 6.29260586e-04
  6.53573577e-04 6.60152239e-04 6.53033198e-04 6.54956826e-04
  6.66453211e-04 6.55032458e-04 6.49158856e-04 6.55444289e-04]
 [           nan            nan 9.40651944e-04 9.09846649e-04
  7.28729312e-04 1.58087780e-03 9.70135247e-04 2.29230460e-04
  8.92032764e-04 1.09850846e-03 8.73832305e-04 9.37669874e-04
  1.27205812e-03 9.40127403e-04 7.36333027e-04 9.53443041e-04]
 [           nan            nan            nan 1.97355653e-04
  1.58676450e-04 4.34628544e-04 2.10633658e-04 8.40541166e-05
  1.93462064e-04 2.39322409e-04 1.89499626e-04 2.03465132e-04
  2.78747698e-04 2.04006322e-04 1.60201420e-04 2.06942846e-04]
 [           nan            nan            nan            nan
  5.39641135e-03 2.94636492e-02 6.97545198e-03 3.10057668e-03
  6.46107825e-03 7.82648488e-03 6.34166663e-03 6.76127832e-03
  8.98470829e-03 6.77747350e-03 5.44663665e-03 6.86527338e-03]
 [           nan            nan            nan            nan
             nan 4.34302158e-02 2.47269201e-02 6.58695330e-02
  2.34028031e-02 2.68374491e-02 2.31190856e-02 2.41096641e-02
  3.01760962e-02 2.41474410e-02 2.13807496e-02 2.43514656e-02]
 [           nan            nan            nan            nan
             nan            nan 4.82562378e-02 9.75197038e-02
  4.64833420e-02 5.15495771e-02 4.55154885e-02 4.67139387e-02
  1.22411935e-01 4.67795506e-02 4.83995445e-02 4.60771802e-02]
 [           nan            nan            nan            nan
             nan            nan            nan 5.04910161e-02
  6.96569784e-03 7.09624027e-03 6.95487572e-03 6.99332658e-03
  7.21674455e-03 6.99483429e-03 6.87676649e-03 7.00303876e-03]
 [           nan            nan            nan            nan
             nan            nan            nan            nan
  1.12544505e-01 1.38714288e-01 1.10233893e-01 1.18335118e-01
  1.62531509e-01 1.18646819e-01 9.27478734e-02 1.20335512e-01]
 [           nan            nan            nan            nan
             nan            nan            nan            nan
             nan 9.02861826e-03 7.31612420e-03 7.80173305e-03
  1.03561697e-02 7.82044479e-03 6.27377787e-03 7.92185156e-03]
 [           nan            nan            nan            nan
             nan            nan            nan            nan
             nan            nan 1.83736511e-02 1.93881000e-02
  2.47817759e-02 1.94272836e-02 1.62148523e-02 1.96397509e-02]
 [           nan            nan            nan            nan
             nan            nan            nan            nan
             nan            nan            nan 4.42806029e-03
  5.14562319e-03 4.43327783e-03 4.00196189e-03 4.46155560e-03]
 [           nan            nan            nan            nan
             nan            nan            nan            nan
             nan            nan            nan            nan
  5.64050188e-04 4.23216020e-04 3.36803143e-04 4.28863477e-04]
 [           nan            nan            nan            nan
             nan            nan            nan            nan
             nan            nan            nan            nan
             nan 3.73641613e-02 3.14199973e-02 3.71854824e-02]
 [           nan            nan            nan            nan
             nan            nan            nan            nan
             nan            nan            nan            nan
             nan            nan 5.37469648e-06 4.93950304e-06]
 [           nan            nan            nan            nan
             nan            nan            nan            nan
             nan            nan            nan            nan
             nan            nan            nan 1.75293332e-02]
 [           nan            nan            nan            nan
             nan            nan            nan            nan
             nan            nan            nan            nan
             nan            nan            nan            nan]]
