S1:[-3.84947288e-04 -3.17524752e-05 -7.70763653e-07 -1.68590823e-04
  2.23076115e-03  2.48983431e-03 -1.11418957e-03  7.68027730e-03
  1.38675007e-03 -1.34641836e-03  1.21811583e-03  2.06667027e-04
  6.90259181e-03 -3.93114740e-06  2.46088167e-03 -5.86991951e-04]
S1_conf:[1.07216781e-01 4.63878469e-02 1.66823510e-04 6.43844486e-02
 3.08139431e+00 5.67625647e+00 3.10510425e-01 1.08070079e-01
 2.79712883e-02 7.95143397e-03 1.04702832e-02 1.23484341e-02
 1.00800896e-01 2.16146371e-04 4.65139339e-02 8.18030558e-02]
ST:[1.62045005e-02 2.32603590e-03 3.73996000e-08 8.18616506e-04
 2.48486703e-01 8.45865085e-01 1.77878436e-02 9.29478812e-01
 2.97171518e-02 1.74996042e-01 4.37179698e-02 5.25773202e-03
 6.96195478e-01 3.15416150e-07 1.38233784e-01 4.17134500e-03]
ST_conf:[2.52998877e-01 4.60560809e-02 1.19092538e-06 1.07458972e-01
 5.40478912e+01 2.13658599e+02 2.79019598e+00 6.18067116e-01
 2.63763931e-02 4.20155816e-01 1.24439659e-01 9.88507150e-03
 4.93408991e-01 1.05420653e-06 1.50600026e-01 1.95602947e-01]
S2:[[            nan  3.98026489e-04  3.98026489e-04  3.98026489e-04
   3.98026489e-04  3.98026489e-04  3.98026489e-04  3.98026489e-04
   3.98026489e-04  3.98026489e-04  3.98026489e-04  3.98026489e-04
   3.98026489e-04  3.98026489e-04  3.98026489e-04  3.98026489e-04]
 [            nan             nan  7.78394732e-05  7.78394732e-05
   7.78394732e-05  7.78394732e-05  7.78394732e-05  7.78394732e-05
   7.78394732e-05  7.78394732e-05  7.78394732e-05  7.78394732e-05
   7.78394732e-05  7.78394732e-05  7.78394732e-05  7.78394732e-05]
 [            nan             nan             nan  7.28832592e-07
   7.28832592e-07  7.28832592e-07  7.28832592e-07  7.28832592e-07
   7.28832592e-07  7.28832592e-07  7.28832592e-07  7.28832592e-07
   7.28832592e-07  7.28832592e-07  7.28832592e-07  7.28832592e-07]
 [            nan             nan             nan             nan
   1.75815951e-04  1.75815951e-04  1.75815951e-04  1.75815951e-04
   1.75815951e-04  1.75815951e-04  1.75815951e-04  1.75815951e-04
   1.75815951e-04  1.75815951e-04  1.75815951e-04  1.75815951e-04]
 [            nan             nan             nan             nan
              nan -1.62566283e-03 -3.29633381e-03 -3.29633381e-03
  -3.29633381e-03 -3.29633381e-03 -3.29633381e-03 -3.29633381e-03
  -3.29633381e-03 -3.29633381e-03 -3.29633381e-03 -3.29633381e-03]
 [            nan             nan             nan             nan
              nan             nan -5.72795297e-03 -5.72795297e-03
  -5.72795297e-03 -5.72795297e-03 -5.72795297e-03 -5.72795297e-03
  -5.72795297e-03 -5.72795297e-03 -5.72795297e-03 -5.72795297e-03]
 [            nan             nan             nan             nan
              nan             nan             nan  1.28050564e-03
   1.28050564e-03  1.28050564e-03  1.28050564e-03  1.28050564e-03
   1.28050564e-03  1.28050564e-03  1.28050564e-03  1.28050564e-03]
 [            nan             nan             nan             nan
              nan             nan             nan             nan
  -8.20774209e-03 -8.21193813e-03 -8.20942831e-03 -8.21443997e-03
  -8.21494508e-03 -8.21440669e-03 -8.21082097e-03 -8.19432573e-03]
 [            nan             nan             nan             nan
              nan             nan             nan             nan
              nan -1.33736760e-03 -1.33736760e-03 -1.33736760e-03
  -1.33736760e-03 -1.33736760e-03 -1.33736760e-03 -1.33736760e-03]
 [            nan             nan             nan             nan
              nan             nan             nan             nan
              nan             nan  1.12335868e-03  1.12335868e-03
   1.12335868e-03  1.12335868e-03  1.12335868e-03  1.12335868e-03]
 [            nan             nan             nan             nan
              nan             nan             nan             nan
              nan             nan             nan -1.36982461e-03
  -1.36982461e-03 -1.36982461e-03 -1.36982461e-03 -1.36982461e-03]
 [            nan             nan             nan             nan
              nan             nan             nan             nan
              nan             nan             nan             nan
  -2.04946312e-04 -2.04946312e-04 -2.04946312e-04 -2.04946312e-04]
 [            nan             nan             nan             nan
              nan             nan             nan             nan
              nan             nan             nan             nan
              nan -7.33726604e-03 -7.36322258e-03 -7.33163831e-03]
 [            nan             nan             nan             nan
              nan             nan             nan             nan
              nan             nan             nan             nan
              nan             nan  4.18652560e-06  4.18652560e-06]
 [            nan             nan             nan             nan
              nan             nan             nan             nan
              nan             nan             nan             nan
              nan             nan             nan -2.07880191e-03]
 [            nan             nan             nan             nan
              nan             nan             nan             nan
              nan             nan             nan             nan
              nan             nan             nan             nan]]
S2_conf:[[           nan 1.07340303e-01 1.07340303e-01 1.07340303e-01
  1.07340303e-01 1.07340303e-01 1.07340303e-01 1.07340303e-01
  1.07340303e-01 1.07340303e-01 1.07340303e-01 1.07340303e-01
  1.07340303e-01 1.07340303e-01 1.07340303e-01 1.07340303e-01]
 [           nan            nan 4.64721335e-02 4.64721335e-02
  4.64721335e-02 4.64721335e-02 4.64721335e-02 4.64721335e-02
  4.64721335e-02 4.64721335e-02 4.64721335e-02 4.64721335e-02
  4.64721335e-02 4.64721335e-02 4.64721335e-02 4.64721335e-02]
 [           nan            nan            nan 1.66927023e-04
  1.66927023e-04 1.66927023e-04 1.66927023e-04 1.66927023e-04
  1.66927023e-04 1.66927023e-04 1.66927023e-04 1.66927023e-04
  1.66927023e-04 1.66927023e-04 1.66927023e-04 1.66927023e-04]
 [           nan            nan            nan            nan
  6.43873042e-02 6.43873042e-02 6.43873042e-02 6.43873042e-02
  6.43873042e-02 6.43873042e-02 6.43873042e-02 6.43873042e-02
  6.43873042e-02 6.43873042e-02 6.43873042e-02 6.43873042e-02]
 [           nan            nan            nan            nan
             nan 2.96406219e+00 1.97704265e+00 1.97704265e+00
  1.97704265e+00 1.97704265e+00 1.97704265e+00 1.97704265e+00
  1.97704265e+00 1.97704265e+00 1.97704265e+00 1.97704265e+00]
 [           nan            nan            nan            nan
             nan            nan 3.33627056e+00 3.33627056e+00
  3.33627056e+00 3.33627056e+00 3.33627056e+00 3.33627056e+00
  3.33627056e+00 3.33627056e+00 3.33627056e+00 3.33627056e+00]
 [           nan            nan            nan            nan
             nan            nan            nan 3.10140590e-01
  3.10140590e-01 3.10140590e-01 3.10140590e-01 3.10140590e-01
  3.10140590e-01 3.10140590e-01 3.10140590e-01 3.10140590e-01]
 [           nan            nan            nan            nan
             nan            nan            nan            nan
  1.74599093e+00 1.75331099e+00 1.74893253e+00 1.75767561e+00
  1.75855682e+00 1.75761755e+00 1.75136206e+00 1.72258750e+00]
 [           nan            nan            nan            nan
             nan            nan            nan            nan
             nan 2.81783384e-02 2.81783384e-02 2.81783384e-02
  2.81783384e-02 2.81783384e-02 2.81783384e-02 2.81783384e-02]
 [           nan            nan            nan            nan
             nan            nan            nan            nan
             nan            nan 1.35496691e-02 1.35496691e-02
  1.35496691e-02 1.35496691e-02 1.35496691e-02 1.35496691e-02]
 [           nan            nan            nan            nan
             nan            nan            nan            nan
             nan            nan            nan 1.34437679e-02
  1.34437679e-02 1.34437679e-02 1.34437679e-02 1.34437679e-02]
 [           nan            nan            nan            nan
             nan            nan            nan            nan
             nan            nan            nan            nan
  1.23507259e-02 1.23507259e-02 1.23507259e-02 1.23507259e-02]
 [           nan            nan            nan            nan
             nan            nan            nan            nan
             nan            nan            nan            nan
             nan 3.73918304e+00 3.73917687e+00 3.73918437e+00]
 [           nan            nan            nan            nan
             nan            nan            nan            nan
             nan            nan            nan            nan
             nan            nan 2.16386815e-04 2.16386815e-04]
 [           nan            nan            nan            nan
             nan            nan            nan            nan
             nan            nan            nan            nan
             nan            nan            nan 4.96527679e-02]
 [           nan            nan            nan            nan
             nan            nan            nan            nan
             nan            nan            nan            nan
             nan            nan            nan            nan]]
