S1:[ 1.99147421e-05  1.02956661e-05  4.67598521e-05 -1.22520008e-03
  2.41152630e-02  7.19969447e-02  3.63923655e-03  1.97041577e-02
  5.80457982e-04 -5.64239164e-04 -3.71874027e-05  2.76086805e-05
  2.86173521e-02 -1.70826551e-07  6.71475559e-03 -3.75112973e-04]
S1_conf:[3.20680504e-04 1.29628627e-04 1.07221086e-04 1.08802321e-03
 3.16024252e-02 7.40920097e-02 1.02134157e-02 2.64109611e-02
 8.82932777e-04 3.07355239e-03 1.01454724e-03 9.82191464e-05
 2.66869930e-02 1.82790461e-06 1.30310845e-02 9.45429159e-04]
ST:[1.01452499e-03 1.34620734e-04 5.32878232e-05 1.09504276e-02
 5.55080254e-01 6.89808241e-01 1.04839463e-01 6.73708057e-01
 9.35617654e-03 1.13975795e-01 1.08210761e-02 9.41263187e-05
 5.85300046e-01 3.25535726e-08 7.92712049e-02 7.52788587e-03]
ST_conf:[6.12690292e-04 1.11427304e-04 5.38738035e-05 6.92973730e-03
 2.49508056e-01 3.65983025e-01 4.80712667e-02 2.08029832e-01
 6.81515855e-03 9.86081531e-02 6.61138883e-03 7.47155436e-05
 2.35455749e-01 2.22205500e-08 3.52339639e-02 4.75029138e-03]
S2:[[            nan  1.98949793e-04  1.97133967e-04  1.99922162e-04
   3.89198651e-04  1.96123476e-03  7.96016789e-04  2.82341563e-04
   1.85804755e-04  1.67258195e-04  1.78639204e-04  1.97598620e-04
   9.23976157e-04  1.96179560e-04  1.90219290e-04  1.95388024e-04]
 [            nan             nan  1.61425947e-05  1.64763155e-05
  -4.36229518e-04  1.61989804e-04 -2.15927310e-05  6.78299311e-05
   1.59879926e-05  1.83756127e-05  1.71069570e-05  1.61472791e-05
   1.43465926e-04  1.62187070e-05  1.10097563e-05  1.62227548e-05]
 [            nan             nan             nan -2.03047144e-05
  -7.29759888e-05  1.98978766e-04 -2.92564701e-05  5.25078093e-05
  -2.07274153e-05 -1.97549211e-05 -2.03766012e-05 -2.05483272e-05
  -3.02360077e-05 -2.05076026e-05 -2.48318252e-05 -2.04865813e-05]
 [            nan             nan             nan             nan
   5.00428802e-03 -2.02167172e-03  1.46817469e-03 -9.43152398e-04
   1.03285865e-03  1.06049752e-03  1.04652266e-03  1.03389240e-03
   1.73084147e-03  1.03368626e-03  1.07162339e-03  1.03115802e-03]
 [            nan             nan             nan             nan
              nan  1.69684794e-01 -6.04380679e-03  1.44112535e-02
  -2.00898225e-02 -1.79993143e-02 -2.09349178e-02 -2.04758745e-02
   1.61209638e-02 -2.04191289e-02 -2.57052618e-02 -2.10855536e-02]
 [            nan             nan             nan             nan
              nan             nan -4.64173931e-02 -3.55359556e-02
  -3.28595041e-02 -3.66023721e-02 -3.68151762e-02 -3.67530198e-02
  -3.77381304e-02 -3.67140865e-02 -2.87926772e-02 -3.56398064e-02]
 [            nan             nan             nan             nan
              nan             nan             nan  8.14550452e-03
  -1.42024950e-03 -1.95809389e-03 -1.56412149e-03 -1.45830483e-03
   2.30249679e-04 -1.48026919e-03  1.30265847e-03 -1.52106507e-03]
 [            nan             nan             nan             nan
              nan             nan             nan             nan
   3.23135504e-02  2.96419856e-02  4.50990094e-02  4.34399964e-02
   6.89070928e-02  4.35456855e-02  2.54100039e-02  5.10861683e-02]
 [            nan             nan             nan             nan
              nan             nan             nan             nan
              nan -2.91124274e-04 -3.47205390e-05  6.12655268e-05
  -5.43752998e-04  4.42795678e-05 -3.05799096e-04  1.32663159e-04]
 [            nan             nan             nan             nan
              nan             nan             nan             nan
              nan             nan  8.43304344e-03  9.49549327e-03
  -2.92651748e-03  9.29688592e-03  5.81825870e-03  1.03537225e-02]
 [            nan             nan             nan             nan
              nan             nan             nan             nan
              nan             nan             nan  7.15548834e-04
   4.06517500e-04  7.13215442e-04  6.24022843e-04  7.10837862e-04]
 [            nan             nan             nan             nan
              nan             nan             nan             nan
              nan             nan             nan             nan
  -1.05058811e-04 -1.15627950e-04 -1.33550983e-04 -1.15825707e-04]
 [            nan             nan             nan             nan
              nan             nan             nan             nan
              nan             nan             nan             nan
              nan  6.75842681e-03  9.68397317e-03  1.00706799e-02]
 [            nan             nan             nan             nan
              nan             nan             nan             nan
              nan             nan             nan             nan
              nan             nan  1.86148316e-06  1.02135642e-06]
 [            nan             nan             nan             nan
              nan             nan             nan             nan
              nan             nan             nan             nan
              nan             nan             nan -4.47842281e-03]
 [            nan             nan             nan             nan
              nan             nan             nan             nan
              nan             nan             nan             nan
              nan             nan             nan             nan]]
S2_conf:[[           nan 5.23498995e-04 5.23646513e-04 5.19301339e-04
  1.08850280e-03 6.97353853e-03 1.50122325e-03 8.08423918e-04
  5.32464412e-04 5.16092789e-04 5.26927663e-04 5.23623393e-04
  8.53091587e-04 5.22914938e-04 5.74545439e-04 5.26544028e-04]
 [           nan            nan 1.49136394e-04 1.48693439e-04
  1.01088624e-03 6.08382113e-04 1.71098717e-04 2.13021736e-04
  1.49118452e-04 1.48982263e-04 1.49281487e-04 1.49116809e-04
  2.90588106e-04 1.49088353e-04 1.57315984e-04 1.48821440e-04]
 [           nan            nan            nan 1.10255132e-04
  1.42756178e-04 5.51911944e-04 1.16075769e-04 2.08779456e-04
  1.10660572e-04 1.10267116e-04 1.10662527e-04 1.10643362e-04
  1.28400200e-04 1.10610673e-04 1.18211724e-04 1.10374319e-04]
 [           nan            nan            nan            nan
  9.52618077e-03 1.39703801e-02 1.52223520e-03 4.62652261e-03
  1.33794403e-03 1.33313204e-03 1.33756988e-03 1.33729554e-03
  4.01636635e-03 1.33700463e-03 1.39388746e-03 1.33586242e-03]
 [           nan            nan            nan            nan
             nan 2.22250710e-01 3.81845131e-02 8.64347804e-02
  3.70674212e-02 3.77031323e-02 3.66284397e-02 3.68739240e-02
  5.90069904e-02 3.68412825e-02 4.71292322e-02 3.61038469e-02]
 [           nan            nan            nan            nan
             nan            nan 1.00979657e-01 8.84801347e-02
  1.05959038e-01 1.00448695e-01 9.99192255e-02 1.00140232e-01
  9.88803422e-02 1.00215476e-01 1.04887996e-01 1.01852514e-01]
 [           nan            nan            nan            nan
             nan            nan            nan 2.12208410e-02
  1.18701284e-02 1.15704180e-02 1.17983302e-02 1.18460053e-02
  1.37233161e-02 1.18292553e-02 1.57621670e-02 1.17523209e-02]
 [           nan            nan            nan            nan
             nan            nan            nan            nan
  5.57324466e-02 5.48504122e-02 6.78833449e-02 6.70298026e-02
  8.91457170e-02 6.69653832e-02 6.74629551e-02 7.69032521e-02]
 [           nan            nan            nan            nan
             nan            nan            nan            nan
             nan 1.32598597e-03 1.65019506e-03 1.77488032e-03
  1.29750887e-03 1.75035268e-03 1.35122119e-03 1.88553879e-03]
 [           nan            nan            nan            nan
             nan            nan            nan            nan
             nan            nan 1.34290423e-02 1.51985456e-02
  1.11978255e-02 1.48580429e-02 8.79094020e-03 1.66994367e-02]
 [           nan            nan            nan            nan
             nan            nan            nan            nan
             nan            nan            nan 1.51964683e-03
  2.47256420e-03 1.51844215e-03 1.56335598e-03 1.53107835e-03]
 [           nan            nan            nan            nan
             nan            nan            nan            nan
             nan            nan            nan            nan
  6.23545415e-04 1.45696351e-04 1.67882507e-04 1.45202930e-04]
 [           nan            nan            nan            nan
             nan            nan            nan            nan
             nan            nan            nan            nan
             nan 4.35302796e-02 4.33549257e-02 4.71253205e-02]
 [           nan            nan            nan            nan
             nan            nan            nan            nan
             nan            nan            nan            nan
             nan            nan 4.14931290e-06 2.47552380e-06]
 [           nan            nan            nan            nan
             nan            nan            nan            nan
             nan            nan            nan            nan
             nan            nan            nan 1.92308549e-02]
 [           nan            nan            nan            nan
             nan            nan            nan            nan
             nan            nan            nan            nan
             nan            nan            nan            nan]]
