S1:[ 7.00570194e-02  1.80388115e-04  3.18185901e-05 -6.33829136e-04
  1.61795266e-01  5.67816912e-02  5.94718494e-03  2.46249238e-01
  8.92662241e-03  3.52968365e-02 -4.93010319e-03 -5.69157594e-04
  2.55827749e-02 -2.09444356e-05  9.17548887e-02 -5.54327523e-03]
S1_conf:[7.35112726e-02 1.95240873e-03 4.39603432e-05 1.63489055e-02
 7.91115789e-02 5.87342952e-02 4.36350762e-02 1.52755384e-01
 1.91948700e-02 3.75020214e-02 9.62350535e-03 1.46584066e-02
 7.07186859e-02 1.61156951e-04 6.68589214e-02 2.23242351e-02]
ST:[2.58418263e-01 3.42781005e-04 1.12076171e-07 1.25557237e-02
 3.71531064e-01 1.95029700e-01 1.20850361e-01 4.23473603e-01
 2.03728446e-02 1.20413416e-01 8.44280302e-03 4.99183505e-03
 1.15229758e-01 1.98688650e-06 1.83868623e-01 3.03302708e-02]
ST_conf:[1.59671724e-01 2.47414204e-04 9.74536031e-08 1.23480951e-02
 1.47698078e-01 8.97430716e-02 5.57344756e-02 1.30682568e-01
 1.01132925e-02 8.18324092e-02 6.50103523e-03 3.18795576e-03
 8.50633867e-02 1.49097376e-06 8.11452634e-02 1.86371043e-02]
S2:[[            nan -2.43584380e-02 -2.35987764e-02 -2.50959090e-02
   1.28544751e-02  1.07204660e-02 -1.14083054e-02  8.24773146e-02
  -3.43573108e-02 -6.00206080e-02 -1.76361465e-02 -2.49572436e-02
   8.88079985e-03 -2.36080119e-02  6.56637115e-03 -3.16262482e-02]
 [            nan             nan  6.12709172e-04  7.38036910e-04
   1.56256922e-03  7.86416759e-04  9.20907207e-05  2.69805238e-03
   5.94028581e-04  1.32025178e-03  3.26222234e-04  5.16891882e-04
   8.76511034e-04  6.09927241e-04  3.28612374e-04  6.02222711e-04]
 [            nan             nan             nan -4.23063506e-05
   5.04400528e-06 -6.04012633e-05 -4.57303302e-05  4.72334507e-05
  -4.78122217e-05 -5.08214762e-05 -4.26908932e-05 -4.41558656e-05
  -3.19388095e-05 -4.35170157e-05 -1.61141523e-05 -4.05827535e-05]
 [            nan             nan             nan             nan
   3.36164870e-03  4.09782968e-03 -2.36060590e-04  8.76518704e-03
   4.45570015e-03  9.30565404e-03  3.40504684e-03  3.41359918e-03
   2.64557290e-03  2.90038093e-03 -2.01697793e-03  3.29722745e-03]
 [            nan             nan             nan             nan
              nan -4.17032351e-02 -1.76636235e-02 -5.55395911e-02
  -3.11323676e-02 -1.32643737e-02 -3.15325027e-02 -2.85159292e-02
  -2.56352653e-03 -3.15924426e-02 -3.39824640e-02 -2.11625018e-02]
 [            nan             nan             nan             nan
              nan             nan -1.60674039e-02  2.76352517e-02
  -3.37774479e-02 -1.94231439e-02 -3.67294665e-02 -4.41450479e-02
  -8.37362360e-03 -3.51151124e-02 -5.97005594e-02 -2.24015926e-02]
 [            nan             nan             nan             nan
              nan             nan             nan  1.77817523e-02
  -1.36762416e-03  3.59423292e-03 -7.83791592e-03 -4.26680687e-03
   5.03268299e-03 -5.90761720e-03  3.74248939e-04 -1.84159146e-03]
 [            nan             nan             nan             nan
              nan             nan             nan             nan
  -2.04354042e-02  1.37474537e-02 -3.62200442e-02 -1.82284819e-02
  -9.20965370e-02 -3.12140738e-02 -1.57128370e-02 -5.44505921e-02]
 [            nan             nan             nan             nan
              nan             nan             nan             nan
              nan -9.13502780e-03 -2.65131751e-03 -3.50681169e-03
  -8.91110663e-03 -2.78746877e-03  5.71884043e-03 -6.01616274e-03]
 [            nan             nan             nan             nan
              nan             nan             nan             nan
              nan             nan -9.36220808e-03 -1.23186835e-02
   1.83467124e-03 -1.15230056e-02 -3.40759432e-03 -1.96485585e-02]
 [            nan             nan             nan             nan
              nan             nan             nan             nan
              nan             nan             nan  3.58961916e-03
   2.86454216e-03  3.60447711e-03  2.61185819e-03  2.83848701e-03]
 [            nan             nan             nan             nan
              nan             nan             nan             nan
              nan             nan             nan             nan
   2.68478624e-03 -1.07223718e-03 -3.67237314e-03 -1.38973001e-03]
 [            nan             nan             nan             nan
              nan             nan             nan             nan
              nan             nan             nan             nan
              nan  4.84702368e-03  2.35258196e-02  8.76295579e-04]
 [            nan             nan             nan             nan
              nan             nan             nan             nan
              nan             nan             nan             nan
              nan             nan  1.62871102e-04  5.48176622e-05]
 [            nan             nan             nan             nan
              nan             nan             nan             nan
              nan             nan             nan             nan
              nan             nan             nan -7.74121044e-02]
 [            nan             nan             nan             nan
              nan             nan             nan             nan
              nan             nan             nan             nan
              nan             nan             nan             nan]]
S2_conf:[[           nan 9.37458059e-02 9.36410802e-02 9.43149518e-02
  1.06290749e-01 1.00073234e-01 1.04312840e-01 1.65479886e-01
  9.34911326e-02 1.09301407e-01 9.26722618e-02 9.38285745e-02
  1.01575811e-01 9.36572145e-02 1.21488303e-01 9.20343632e-02]
 [           nan            nan 2.45099747e-03 2.48185399e-03
  3.18561831e-03 2.81282143e-03 2.57446037e-03 3.84700198e-03
  2.41737821e-03 3.32401093e-03 2.40959894e-03 2.42620185e-03
  2.57943840e-03 2.45149856e-03 3.05214627e-03 2.42950977e-03]
 [           nan            nan            nan 5.19891833e-05
  1.02664749e-04 6.53670586e-05 5.21120740e-05 2.17188006e-04
  5.14537108e-05 5.03634959e-05 5.26374832e-05 5.22612082e-05
  7.31741941e-05 5.24757577e-05 7.23060281e-05 5.16825934e-05]
 [           nan            nan            nan            nan
  2.18066722e-02 2.20737357e-02 2.02472795e-02 2.19647459e-02
  2.24761890e-02 2.57465738e-02 2.14640245e-02 2.20423433e-02
  2.16261721e-02 2.15606606e-02 2.32033446e-02 2.15026399e-02]
 [           nan            nan            nan            nan
             nan 1.11032439e-01 1.14864520e-01 1.85416089e-01
  1.04799826e-01 1.30144798e-01 1.01446071e-01 1.02106848e-01
  1.16350567e-01 1.01552798e-01 1.12004685e-01 1.01546468e-01]
 [           nan            nan            nan            nan
             nan            nan 9.12785743e-02 1.34912949e-01
  1.24832758e-01 1.02209912e-01 1.09592933e-01 1.15446594e-01
  9.86047181e-02 1.06673422e-01 1.47199388e-01 1.08340422e-01]
 [           nan            nan            nan            nan
             nan            nan            nan 6.87080963e-02
  6.90967874e-02 6.87113671e-02 6.62085627e-02 6.73117139e-02
  6.42891880e-02 6.60498117e-02 7.43349814e-02 6.14618061e-02]
 [           nan            nan            nan            nan
             nan            nan            nan            nan
  2.36203518e-01 2.41293541e-01 2.22311434e-01 2.30097238e-01
  2.11560686e-01 2.17068656e-01 2.77587346e-01 2.13685253e-01]
 [           nan            nan            nan            nan
             nan            nan            nan            nan
             nan 3.43081531e-02 3.21034121e-02 3.23736527e-02
  3.48057769e-02 3.13314555e-02 4.36547433e-02 3.02414552e-02]
 [           nan            nan            nan            nan
             nan            nan            nan            nan
             nan            nan 6.07022125e-02 6.04735523e-02
  6.81928841e-02 6.15506778e-02 6.34265928e-02 5.59563168e-02]
 [           nan            nan            nan            nan
             nan            nan            nan            nan
             nan            nan            nan 1.60980817e-02
  1.48251715e-02 1.52024502e-02 1.87319203e-02 1.48861863e-02]
 [           nan            nan            nan            nan
             nan            nan            nan            nan
             nan            nan            nan            nan
  1.86557007e-02 2.25390895e-02 2.88003736e-02 2.20672651e-02]
 [           nan            nan            nan            nan
             nan            nan            nan            nan
             nan            nan            nan            nan
             nan 8.57115650e-02 1.01831938e-01 8.51821334e-02]
 [           nan            nan            nan            nan
             nan            nan            nan            nan
             nan            nan            nan            nan
             nan            nan 2.69489164e-04 1.99719897e-04]
 [           nan            nan            nan            nan
             nan            nan            nan            nan
             nan            nan            nan            nan
             nan            nan            nan 9.53529973e-02]
 [           nan            nan            nan            nan
             nan            nan            nan            nan
             nan            nan            nan            nan
             nan            nan            nan            nan]]
