S1:[ 2.92054190e-04 -7.96274731e-04 -4.95901182e-04  6.31335697e-04
 -2.07045824e-04  3.22537103e-02 -5.77767160e-04  1.40359731e-02
  6.60033211e-04  3.25971781e-03  2.32431593e-04  4.95656937e-05
  3.26323891e-03  1.73597246e-06  3.67339215e-04  1.86415255e-03]
S1_conf:[3.01679876e-03 1.18839635e-03 1.18791358e-03 1.98609732e-03
 1.25685049e-02 6.09567659e-02 4.62571459e-03 2.61533490e-02
 1.78368594e-03 6.54136903e-03 1.88678485e-03 1.13078053e-04
 1.13420229e-02 2.19743141e-06 4.77703209e-03 3.24056825e-03]
ST:[2.32578187e-02 3.50011403e-03 3.85013630e-03 1.31842603e-02
 3.41862836e-01 5.67576256e-01 6.01796142e-02 3.76434634e-01
 6.40584858e-03 1.29769648e-01 1.01924292e-02 4.43311522e-05
 4.15916250e-01 1.54841944e-08 8.06319400e-02 2.35653449e-02]
ST_conf:[2.65597128e-02 6.65192079e-03 6.93864785e-03 1.69701789e-02
 3.46768385e-01 4.20740308e-01 8.01856230e-02 2.46309738e-01
 8.96790830e-03 1.31717836e-01 8.00055453e-03 5.07630901e-05
 3.50740596e-01 1.60630506e-08 9.16609555e-02 4.15231599e-02]
S2:[[            nan -2.23277017e-03 -2.22422664e-03 -2.22682349e-03
  -2.02027662e-03  7.60954366e-03 -2.22050865e-03 -2.41893521e-03
  -2.24125044e-03 -2.15074216e-03 -2.23629552e-03 -2.22550820e-03
  -2.15535768e-03 -2.22494787e-03 -2.27608850e-03 -2.21786195e-03]
 [            nan             nan  1.76232305e-03  1.74930537e-03
   1.63702510e-03 -1.57223479e-03  1.78096089e-03  1.25469564e-03
   1.67698478e-03  2.13069180e-03  1.70182320e-03  1.75589873e-03
   1.85467469e-03  1.75870760e-03  1.50234586e-03  1.79422844e-03]
 [            nan             nan             nan  6.36276377e-04
   6.63515659e-04 -5.33556641e-04  6.28183408e-04  7.89378288e-04
   6.54765676e-04  5.38772088e-04  6.48415548e-04  6.34590734e-04
   6.09014903e-04  6.33872627e-04  6.99413420e-04  6.24791458e-04]
 [            nan             nan             nan             nan
  -7.41451315e-04  2.35136396e-02 -6.35551695e-04 -2.31286503e-03
  -7.00505026e-04 -4.17076622e-04 -6.84988593e-04 -6.51207891e-04
  -5.93024937e-04 -6.49453208e-04 -8.09601046e-04 -6.27263523e-04]
 [            nan             nan             nan             nan
              nan -9.45584230e-03  8.45088238e-03  3.96589585e-02
   7.53311868e-03  4.88290078e-03  7.28370112e-03  7.07529516e-03
   3.88949066e-03  7.11090727e-03  2.00772549e-02  7.38957964e-03]
 [            nan             nan             nan             nan
              nan             nan -2.64747204e-02  1.88063809e-02
  -2.61609694e-02 -2.79789613e-02 -2.58111862e-02 -2.57686739e-02
  -1.93669521e-02 -2.57891842e-02 -3.30396280e-03 -2.51766486e-02]
 [            nan             nan             nan             nan
              nan             nan             nan  1.88976408e-02
  -1.12462274e-03 -1.24852533e-03 -1.13140585e-03 -1.14617331e-03
  -1.16282967e-03 -1.14694038e-03 -1.07693070e-03 -1.15664074e-03]
 [            nan             nan             nan             nan
              nan             nan             nan             nan
  -3.05529981e-03  1.01960946e-02 -2.32723984e-03 -7.58740714e-04
   2.60782311e-02 -6.77269129e-04 -8.13364108e-03  3.57263486e-04]
 [            nan             nan             nan             nan
              nan             nan             nan             nan
              nan  3.17796545e-03  2.16387714e-03  2.29174233e-03
   2.52259697e-03  2.29838408e-03  1.69219970e-03  2.38237547e-03]
 [            nan             nan             nan             nan
              nan             nan             nan             nan
              nan             nan -4.06397695e-03 -4.34596173e-03
  -4.47817859e-03 -4.36060897e-03 -3.02377315e-03 -4.54583761e-03]
 [            nan             nan             nan             nan
              nan             nan             nan             nan
              nan             nan             nan  4.26276705e-04
   5.00444626e-04  4.27795087e-04  2.89214198e-04  4.46996510e-04]
 [            nan             nan             nan             nan
              nan             nan             nan             nan
              nan             nan             nan             nan
  -6.37013260e-05 -7.52475871e-05 -1.05965451e-04 -7.09913964e-05]
 [            nan             nan             nan             nan
              nan             nan             nan             nan
              nan             nan             nan             nan
              nan  3.39886204e-03  1.72053108e-02  2.27097322e-03]
 [            nan             nan             nan             nan
              nan             nan             nan             nan
              nan             nan             nan             nan
              nan             nan -2.71107206e-06 -3.57680920e-06]
 [            nan             nan             nan             nan
              nan             nan             nan             nan
              nan             nan             nan             nan
              nan             nan             nan  7.16930682e-03]
 [            nan             nan             nan             nan
              nan             nan             nan             nan
              nan             nan             nan             nan
              nan             nan             nan             nan]]
S2_conf:[[           nan 4.47741130e-03 4.48109235e-03 4.47996315e-03
  4.57709033e-03 2.27015217e-02 4.48272476e-03 4.98888071e-03
  4.47385419e-03 4.51675467e-03 4.47592085e-03 4.48053396e-03
  4.50949980e-03 4.48077783e-03 4.46025682e-03 4.48389805e-03]
 [           nan            nan 2.32548837e-03 2.29950719e-03
  2.08252499e-03 8.78605643e-03 2.36296059e-03 1.67039371e-03
  2.15830830e-03 3.11067342e-03 2.20617030e-03 2.31264637e-03
  2.51398168e-03 2.31825642e-03 1.84521565e-03 2.38982484e-03]
 [           nan            nan            nan 1.23473806e-03
  1.23348687e-03 2.80085498e-03 1.23566222e-03 1.26244897e-03
  1.23385535e-03 1.26726149e-03 1.23396560e-03 1.23490358e-03
  1.23895394e-03 1.23497841e-03 1.23877152e-03 1.23614672e-03]
 [           nan            nan            nan            nan
  2.56823678e-03 5.80206248e-02 2.65166708e-03 3.97513110e-03
  2.59201219e-03 2.90965785e-03 2.60547762e-03 2.63650719e-03
  2.69813726e-03 2.63818202e-03 2.51206146e-03 2.65988804e-03]
 [           nan            nan            nan            nan
             nan 4.78447147e-02 2.22761420e-02 6.47610065e-02
  2.10068688e-02 1.69197552e-02 2.03907647e-02 1.99441452e-02
  1.60808449e-02 1.99949243e-02 5.10986569e-02 2.02991133e-02]
 [           nan            nan            nan            nan
             nan            nan 6.33885204e-02 8.69457192e-02
  6.33611343e-02 6.38050512e-02 6.31898563e-02 6.31204591e-02
  5.89380331e-02 6.31251327e-02 8.05315815e-02 6.29392338e-02]
 [           nan            nan            nan            nan
             nan            nan            nan 4.38974723e-02
  7.50639030e-03 7.49003517e-03 7.50516884e-03 7.50263996e-03
  7.50229979e-03 7.50251349e-03 7.51604078e-03 7.50095573e-03]
 [           nan            nan            nan            nan
             nan            nan            nan            nan
  3.91673745e-02 6.63255755e-02 4.04337785e-02 4.33270326e-02
  7.60031397e-02 4.34816788e-02 3.17213822e-02 4.54699282e-02]
 [           nan            nan            nan            nan
             nan            nan            nan            nan
             nan 6.16383615e-03 3.98514067e-03 4.23900821e-03
  4.72154975e-03 4.25242992e-03 3.15069808e-03 4.42396357e-03]
 [           nan            nan            nan            nan
             nan            nan            nan            nan
             nan            nan 1.22686190e-02 1.26724067e-02
  1.34632962e-02 1.26940874e-02 1.10393382e-02 1.29739514e-02]
 [           nan            nan            nan            nan
             nan            nan            nan            nan
             nan            nan            nan 2.94213229e-03
  3.02170788e-03 2.94420655e-03 2.76971901e-03 2.97072635e-03]
 [           nan            nan            nan            nan
             nan            nan            nan            nan
             nan            nan            nan            nan
  2.07026953e-04 1.90954046e-04 1.65514670e-04 1.96569831e-04]
 [           nan            nan            nan            nan
             nan            nan            nan            nan
             nan            nan            nan            nan
             nan 1.57501292e-02 3.68912660e-02 1.60700927e-02]
 [           nan            nan            nan            nan
             nan            nan            nan            nan
             nan            nan            nan            nan
             nan            nan 9.49383437e-06 1.01786490e-05]
 [           nan            nan            nan            nan
             nan            nan            nan            nan
             nan            nan            nan            nan
             nan            nan            nan 1.39754801e-02]
 [           nan            nan            nan            nan
             nan            nan            nan            nan
             nan            nan            nan            nan
             nan            nan            nan            nan]]
