S1:[ 1.81145482e-04 -1.66736586e-04  4.15733378e-05 -1.81609277e-03
 -1.82068879e-03  7.81436905e-03 -2.46658365e-03  1.64706769e-02
 -2.01150418e-03 -2.97689907e-03  2.25957952e-03 -7.13688207e-05
  7.08257812e-03  3.75292327e-07  3.06774121e-03  2.32090252e-03]
S1_conf:[1.54232878e-03 8.21495117e-04 2.03305878e-04 2.24026875e-03
 8.76028782e-02 7.48566086e-02 1.25952595e-02 1.39505287e-02
 1.73857298e-03 1.04375936e-02 3.39848999e-03 3.25448543e-04
 2.90122636e-02 4.39600751e-06 9.04658381e-03 3.33757206e-03]
ST:[1.92484462e-03 1.26859505e-03 5.87420147e-05 1.46193929e-02
 3.71419526e-01 7.18676600e-01 4.27662581e-02 6.84759637e-01
 1.21475327e-02 2.56332521e-01 3.26484725e-02 5.61178373e-05
 5.03236721e-01 1.60129979e-08 1.05240177e-01 2.09187703e-02]
ST_conf:[4.02409467e-03 8.06941061e-04 8.86441920e-05 8.10214471e-03
 1.93479604e+00 1.71618729e+00 2.18843262e-01 3.87793811e-01
 9.38091187e-03 2.87089488e-01 4.99524687e-02 1.05807773e-04
 4.99275715e-01 2.52808982e-08 1.34441096e-01 4.21893883e-02]
S2:[[            nan -3.21463890e-04 -3.21463890e-04 -3.21463890e-04
  -3.21463890e-04 -8.96822314e-04 -3.21463890e-04 -4.08924662e-04
  -3.21463890e-04 -3.21463890e-04 -3.21463890e-04 -3.21463890e-04
  -3.21463890e-04 -3.21463890e-04 -3.21463890e-04 -3.21463890e-04]
 [            nan             nan  5.78055379e-05  5.78055379e-05
   5.78055379e-05  4.37603650e-04  5.78055379e-05  1.74650239e-05
   5.78055379e-05  5.78055379e-05  5.78055379e-05  5.78055379e-05
   5.78055379e-05  5.78055379e-05  5.78055379e-05  5.78055379e-05]
 [            nan             nan             nan -4.22465886e-05
  -4.22465886e-05 -1.51302715e-04 -4.22465886e-05 -4.43241851e-05
  -4.22465886e-05 -4.22465886e-05 -4.22465886e-05 -4.22465886e-05
  -4.22465886e-05 -4.22465886e-05 -4.22465886e-05 -4.22465886e-05]
 [            nan             nan             nan             nan
   1.96461533e-03  2.21103572e-03  1.96461533e-03  2.09977859e-03
   1.96461533e-03  1.96461533e-03  1.96461533e-03  1.96461533e-03
   1.96461533e-03  1.96461533e-03  1.96461533e-03  1.96461533e-03]
 [            nan             nan             nan             nan
              nan  7.59728761e-02 -1.49178012e-03  3.03959412e-03
  -1.49178012e-03 -1.49178012e-03 -1.49178012e-03 -1.49178012e-03
  -6.94767220e-04 -1.49178012e-03 -1.49178012e-03 -1.49178012e-03]
 [            nan             nan             nan             nan
              nan             nan  1.38511615e-03  6.96522172e-03
  -3.25171312e-05  3.80329983e-03 -5.93623750e-04  5.44031304e-04
   3.22918517e-03  4.75218451e-04 -5.87263485e-04  5.27727763e-04]
 [            nan             nan             nan             nan
              nan             nan             nan  3.73308241e-03
   1.36693453e-03  1.36693453e-03  1.36693453e-03  1.36693453e-03
   1.36693453e-03  1.36693453e-03  1.36693453e-03  1.36693453e-03]
 [            nan             nan             nan             nan
              nan             nan             nan             nan
   1.56535090e-02  4.82925532e-02  1.43497229e-02  1.16853440e-02
  -1.30038509e-02  1.25008687e-02  2.24745004e-02  1.74728746e-02]
 [            nan             nan             nan             nan
              nan             nan             nan             nan
              nan  2.41709863e-03  2.41709863e-03  2.41709863e-03
   2.41709863e-03  2.41709863e-03  2.41709863e-03  2.41709863e-03]
 [            nan             nan             nan             nan
              nan             nan             nan             nan
              nan             nan  1.13141999e-03  1.13141999e-03
   1.13141999e-03  1.13141999e-03  1.13141999e-03  1.13141999e-03]
 [            nan             nan             nan             nan
              nan             nan             nan             nan
              nan             nan             nan -2.28021956e-03
  -2.28021956e-03 -2.28021956e-03 -2.28021956e-03 -2.28021956e-03]
 [            nan             nan             nan             nan
              nan             nan             nan             nan
              nan             nan             nan             nan
   4.70385380e-05  4.70385380e-05  4.70385380e-05  4.70385380e-05]
 [            nan             nan             nan             nan
              nan             nan             nan             nan
              nan             nan             nan             nan
              nan  1.05189738e-01  9.20695449e-02  9.72376028e-02]
 [            nan             nan             nan             nan
              nan             nan             nan             nan
              nan             nan             nan             nan
              nan             nan -3.79816050e-07 -3.79816050e-07]
 [            nan             nan             nan             nan
              nan             nan             nan             nan
              nan             nan             nan             nan
              nan             nan             nan  9.25186389e-04]
 [            nan             nan             nan             nan
              nan             nan             nan             nan
              nan             nan             nan             nan
              nan             nan             nan             nan]]
S2_conf:[[           nan 2.50877691e-03 2.50877691e-03 2.50877691e-03
  2.50877691e-03 2.90499390e-03 2.50877691e-03 2.60885474e-03
  2.50877691e-03 2.50877691e-03 2.50877691e-03 2.50877691e-03
  2.50877691e-03 2.50877691e-03 2.50877691e-03 2.50877691e-03]
 [           nan            nan 1.06659657e-03 1.06659657e-03
  1.06659657e-03 1.89197638e-03 1.06659657e-03 1.06639788e-03
  1.06659657e-03 1.06659657e-03 1.06659657e-03 1.06659657e-03
  1.06659657e-03 1.06659657e-03 1.06659657e-03 1.06659657e-03]
 [           nan            nan            nan 3.90128334e-04
  3.90128334e-04 5.09115812e-04 3.90128334e-04 3.89085793e-04
  3.90128334e-04 3.90128334e-04 3.90128334e-04 3.90128334e-04
  3.90128334e-04 3.90128334e-04 3.90128334e-04 3.90128334e-04]
 [           nan            nan            nan            nan
  3.15984558e-03 3.69705126e-03 3.15984558e-03 2.33759104e-03
  3.15984558e-03 3.15984558e-03 3.15984558e-03 3.15984558e-03
  3.15984558e-03 3.15984558e-03 3.15984558e-03 3.15984558e-03]
 [           nan            nan            nan            nan
             nan 2.89136333e-01 6.90735477e-02 1.36787139e-01
  6.90735477e-02 6.90735477e-02 6.90735477e-02 6.90735477e-02
  6.90492808e-02 6.90735477e-02 6.90735477e-02 6.90735477e-02]
 [           nan            nan            nan            nan
             nan            nan 7.68681155e-02 9.92669966e-02
  7.20675797e-02 8.55069705e-02 7.02329610e-02 7.39928282e-02
  6.65644525e-02 7.37610085e-02 7.02535294e-02 7.39378555e-02]
 [           nan            nan            nan            nan
             nan            nan            nan 2.05929091e-02
  2.00294758e-02 2.00294758e-02 2.00294758e-02 2.00294758e-02
  2.00294758e-02 2.00294758e-02 2.00294758e-02 2.00294758e-02]
 [           nan            nan            nan            nan
             nan            nan            nan            nan
  1.86695681e-01 4.30171654e-01 1.77058444e-01 1.57421746e-01
  4.91629840e-02 1.63422836e-01 2.37315204e-01 2.00168317e-01]
 [           nan            nan            nan            nan
             nan            nan            nan            nan
             nan 4.07267760e-03 4.07267760e-03 4.07267760e-03
  4.07267760e-03 4.07267760e-03 4.07267760e-03 4.07267760e-03]
 [           nan            nan            nan            nan
             nan            nan            nan            nan
             nan            nan 1.25822805e-02 1.25822805e-02
  1.25822805e-02 1.25822805e-02 1.25822805e-02 1.25822805e-02]
 [           nan            nan            nan            nan
             nan            nan            nan            nan
             nan            nan            nan 4.29039728e-03
  4.29039728e-03 4.29039728e-03 4.29039728e-03 4.29039728e-03]
 [           nan            nan            nan            nan
             nan            nan            nan            nan
             nan            nan            nan            nan
  3.82167393e-04 3.82167393e-04 3.82167393e-04 3.82167393e-04]
 [           nan            nan            nan            nan
             nan            nan            nan            nan
             nan            nan            nan            nan
             nan 1.71442511e-01 1.49791118e-01 1.58399813e-01]
 [           nan            nan            nan            nan
             nan            nan            nan            nan
             nan            nan            nan            nan
             nan            nan 9.02599659e-06 9.02599659e-06]
 [           nan            nan            nan            nan
             nan            nan            nan            nan
             nan            nan            nan            nan
             nan            nan            nan 1.42950913e-02]
 [           nan            nan            nan            nan
             nan            nan            nan            nan
             nan            nan            nan            nan
             nan            nan            nan            nan]]
