S1:[ 2.54196076e-04  1.02661544e-04  1.81563919e-06 -1.46707711e-03
  5.82423195e-02  9.14757919e-02  8.67472047e-03  2.86133786e-02
  1.83869240e-03 -1.91846516e-03 -1.11588604e-03  1.97509485e-04
  2.14599899e-02  3.89153968e-06  2.11639349e-02 -9.62380260e-04]
S1_conf:[3.83107243e-03 1.11755770e-03 2.81904075e-06 2.97360100e-03
 6.08173609e-02 1.07660784e-01 2.26320521e-02 3.01473508e-02
 2.04159757e-03 3.87218070e-03 1.48866474e-03 3.91517319e-04
 1.92249397e-02 8.37295883e-06 4.03030381e-02 1.56251072e-03]
ST:[6.20042130e-02 7.04080767e-03 7.16561000e-09 1.63661758e-02
 5.81506899e-01 9.39850314e-01 1.13443278e-01 7.05567379e-01
 1.97985206e-02 1.42520892e-01 1.79664562e-02 6.79724054e-04
 6.27422116e-01 3.65112959e-07 1.49743089e-01 2.02293719e-02]
ST_conf:[2.56271348e-02 3.89429811e-03 5.79484065e-09 1.33704617e-02
 2.74100740e-01 5.77247794e-01 4.83909862e-02 2.67857285e-01
 1.29717383e-02 1.59895188e-01 1.29831000e-02 5.38362001e-04
 3.21017182e-01 2.43301596e-07 7.68324193e-02 1.42431784e-02]
S2:[[            nan -2.06277653e-03 -2.36007749e-03 -2.47867407e-03
  -1.10939633e-05 -2.48937456e-03 -4.96623506e-03 -3.97885613e-03
  -2.09684293e-03 -1.74459488e-03 -1.86328214e-03 -2.38610003e-03
  -6.47658659e-03 -2.35756917e-03 -1.92082621e-03 -2.27606990e-03]
 [            nan             nan -6.56747760e-04 -7.67695046e-04
   4.28385713e-04 -8.37872951e-03  1.40665356e-05 -5.16397120e-03
  -8.46500074e-04 -3.02223548e-04 -5.31367614e-04 -6.85866830e-04
  -3.63172422e-05 -6.56069882e-04 -3.32356225e-04 -6.69484019e-04]
 [            nan             nan             nan -1.95633228e-06
  -2.03088044e-06 -9.70062516e-06 -3.52754105e-06 -1.69322473e-06
  -1.84455833e-06 -1.89634209e-06 -1.79350056e-06 -1.87447802e-06
  -3.15647815e-06 -1.87937040e-06 -1.52287007e-06 -1.85796785e-06]
 [            nan             nan             nan             nan
   1.09488236e-02 -5.89607117e-03  1.51497852e-03 -1.60822005e-03
   1.49637765e-03  1.41300635e-03  1.56719991e-03  1.51722029e-03
   2.38176595e-03  1.50661823e-03  1.66489283e-03  1.64194783e-03]
 [            nan             nan             nan             nan
              nan  1.64148927e-01 -3.04019389e-02 -2.12332716e-02
  -4.91230801e-02 -4.16732406e-02 -5.14241986e-02 -4.93716107e-02
  -3.50351425e-02 -4.91221289e-02 -6.28854016e-02 -5.11557814e-02]
 [            nan             nan             nan             nan
              nan             nan -7.18198069e-02 -5.73760216e-02
  -4.66355512e-02 -5.34130727e-02 -5.34227896e-02 -5.43306100e-02
  -4.79323335e-02 -5.43045462e-02 -3.26808085e-02 -5.17790427e-02]
 [            nan             nan             nan             nan
              nan             nan             nan  1.08707084e-02
  -3.86471392e-03 -5.55861354e-03 -4.41950873e-03 -4.21109350e-03
  -7.62460070e-03 -4.33487803e-03  3.93113977e-03 -4.22135883e-03]
 [            nan             nan             nan             nan
              nan             nan             nan             nan
   9.93071948e-03  1.16295659e-02  2.34861136e-02  1.97604033e-02
   3.31871992e-02  2.03507962e-02 -1.57175414e-02  3.28777560e-02]
 [            nan             nan             nan             nan
              nan             nan             nan             nan
              nan -1.89158563e-03 -1.47126620e-03 -1.27220840e-03
  -9.69385560e-04 -1.31579552e-03 -2.04123821e-03 -1.15325383e-03]
 [            nan             nan             nan             nan
              nan             nan             nan             nan
              nan             nan  9.00441833e-03  1.02976893e-02
   4.54726382e-03  9.94597126e-03  6.70217640e-03  1.10073221e-02]
 [            nan             nan             nan             nan
              nan             nan             nan             nan
              nan             nan             nan  3.71297535e-03
   1.14048341e-03  3.64622618e-03  2.12209314e-03  3.55728048e-03]
 [            nan             nan             nan             nan
              nan             nan             nan             nan
              nan             nan             nan             nan
  -9.48762871e-05 -3.39158202e-04 -5.04850954e-04 -3.56648136e-04]
 [            nan             nan             nan             nan
              nan             nan             nan             nan
              nan             nan             nan             nan
              nan  2.21901552e-02  2.97635837e-02  2.78393073e-02]
 [            nan             nan             nan             nan
              nan             nan             nan             nan
              nan             nan             nan             nan
              nan             nan -4.78664114e-06 -5.70614370e-06]
 [            nan             nan             nan             nan
              nan             nan             nan             nan
              nan             nan             nan             nan
              nan             nan             nan -2.43648011e-02]
 [            nan             nan             nan             nan
              nan             nan             nan             nan
              nan             nan             nan             nan
              nan             nan             nan             nan]]
S2_conf:[[           nan 6.31112088e-03 6.53372101e-03 6.51777748e-03
  1.36711237e-02 3.75412375e-02 9.95768514e-03 9.79017941e-03
  7.28448673e-03 6.10196560e-03 6.63681823e-03 6.60335694e-03
  7.72457334e-03 6.53474190e-03 7.84329591e-03 6.85302313e-03]
 [           nan            nan 1.18018246e-03 1.31181169e-03
  2.67150680e-03 1.62214112e-02 1.25238414e-03 6.82641392e-03
  1.34453362e-03 1.09123644e-03 1.06111855e-03 1.20265923e-03
  1.28343344e-03 1.17964478e-03 1.04366869e-03 1.19597062e-03]
 [           nan            nan            nan 2.75675272e-06
  2.67681278e-06 1.20852915e-05 4.34838627e-06 2.38133898e-06
  2.70390131e-06 2.73259924e-06 2.69913368e-06 2.70988773e-06
  3.05470742e-06 2.71341889e-06 2.23504993e-06 2.70789996e-06]
 [           nan            nan            nan            nan
  1.66489278e-02 2.13932636e-02 3.13816399e-03 8.99815021e-03
  3.34476529e-03 3.25986020e-03 3.24678111e-03 3.29967161e-03
  3.83800184e-03 3.29540075e-03 3.72631902e-03 3.23613320e-03]
 [           nan            nan            nan            nan
             nan 2.42683040e-01 7.23960385e-02 1.25504031e-01
  6.88131780e-02 7.32062101e-02 6.79998206e-02 6.87913045e-02
  7.03267389e-02 6.87666279e-02 9.19097256e-02 6.77499298e-02]
 [           nan            nan            nan            nan
             nan            nan 1.36491699e-01 1.29015154e-01
  1.30335527e-01 1.24615969e-01 1.23282587e-01 1.24116288e-01
  1.25421324e-01 1.24155906e-01 1.41060089e-01 1.25399230e-01]
 [           nan            nan            nan            nan
             nan            nan            nan 3.54928594e-02
  2.67360244e-02 2.63423144e-02 2.64393040e-02 2.67687065e-02
  2.83875974e-02 2.67173338e-02 3.82531501e-02 2.66553127e-02]
 [           nan            nan            nan            nan
             nan            nan            nan            nan
  6.41343243e-02 6.07445439e-02 7.25598474e-02 6.96729307e-02
  6.94321299e-02 6.97473799e-02 7.44029166e-02 8.37881050e-02]
 [           nan            nan            nan            nan
             nan            nan            nan            nan
             nan 2.64752458e-03 2.83503092e-03 2.90911654e-03
  3.21387744e-03 2.86786528e-03 2.83465919e-03 3.03158220e-03]
 [           nan            nan            nan            nan
             nan            nan            nan            nan
             nan            nan 1.25315006e-02 1.47601480e-02
  1.03008796e-02 1.41606047e-02 8.43427754e-03 1.60584064e-02]
 [           nan            nan            nan            nan
             nan            nan            nan            nan
             nan            nan            nan 4.25324063e-03
  5.29155957e-03 4.13607888e-03 2.97524009e-03 4.49381940e-03]
 [           nan            nan            nan            nan
             nan            nan            nan            nan
             nan            nan            nan            nan
  9.17255328e-04 5.48303026e-04 7.68982418e-04 5.48282233e-04]
 [           nan            nan            nan            nan
             nan            nan            nan            nan
             nan            nan            nan            nan
             nan 4.31084910e-02 6.26964721e-02 4.79178735e-02]
 [           nan            nan            nan            nan
             nan            nan            nan            nan
             nan            nan            nan            nan
             nan            nan 1.38116517e-05 1.26436183e-05]
 [           nan            nan            nan            nan
             nan            nan            nan            nan
             nan            nan            nan            nan
             nan            nan            nan 5.02278029e-02]
 [           nan            nan            nan            nan
             nan            nan            nan            nan
             nan            nan            nan            nan
             nan            nan            nan            nan]]
