S1:[-2.30303795e-03  3.29175589e-04  5.63265040e-04 -6.27552512e-05
  5.33098235e-02  9.01343345e-02  3.33074195e-03  2.64325145e-02
  2.41444242e-03 -1.04918426e-03 -1.29191342e-03  4.87638316e-05
  1.34469937e-02  5.53986774e-07  2.55883433e-02 -3.51637657e-03]
S1_conf:[5.92989263e-03 1.15635309e-03 1.06676401e-03 2.36668506e-03
 5.59395894e-02 1.11899402e-01 1.86383659e-02 3.96781207e-02
 2.66951671e-03 4.70711311e-03 2.92862424e-03 2.24881047e-04
 2.25868715e-02 7.71279629e-06 4.60711115e-02 5.93503341e-03]
ST:[6.28070681e-02 4.17622457e-03 2.35703094e-03 1.39045114e-02
 5.93968373e-01 8.29109439e-01 1.25742209e-01 7.05349656e-01
 2.01074806e-02 1.81508826e-01 1.50090319e-02 2.29439645e-04
 5.53574557e-01 1.54432918e-07 1.84985527e-01 1.83644173e-02]
ST_conf:[2.17112908e-02 3.18506335e-03 2.66756455e-03 1.12025684e-02
 2.66359273e-01 4.30280975e-01 6.00899263e-02 2.96404053e-01
 1.10295306e-02 1.92373408e-01 1.01724580e-02 1.62962475e-04
 2.35680817e-01 9.12903540e-08 1.12904329e-01 1.00914466e-02]
S2:[[            nan  2.58928672e-03  2.76120195e-03  2.50625574e-03
   2.17402589e-03  5.90511901e-03 -4.11151600e-04  3.48658185e-03
   3.45480213e-03  2.80131429e-03  3.12616563e-03  2.77501765e-03
  -7.65053887e-03  2.74355923e-03  3.28867643e-03  3.22427057e-03]
 [            nan             nan -1.03015189e-04 -9.51836389e-05
  -3.67851294e-03 -5.36559594e-04 -9.19024523e-04  5.46223870e-04
  -5.70453559e-05 -9.60959251e-05 -1.11573852e-04 -8.80680869e-05
   3.55146980e-05 -8.95179239e-05 -6.60141078e-05 -1.60323956e-04]
 [            nan             nan             nan -2.17143115e-04
  -1.10755195e-03  9.97441582e-04 -5.70022246e-04  5.69957352e-04
  -2.28195551e-04 -2.47315462e-04 -2.95677541e-04 -2.45424148e-04
  -2.99708874e-04 -2.44841117e-04 -2.92334440e-04 -3.64220757e-04]
 [            nan             nan             nan             nan
   9.23460882e-03 -1.11824953e-02  8.45301572e-05 -6.15449459e-03
  -1.38923946e-03 -1.21804851e-03 -8.65699715e-04 -1.23648599e-03
   1.59630326e-03 -1.24219900e-03 -9.55725091e-04 -3.81411980e-04]
 [            nan             nan             nan             nan
              nan  1.71152689e-01 -7.88534630e-03  6.94384765e-03
  -2.15188637e-02 -1.11041244e-02 -2.81917436e-02 -2.28897495e-02
  -2.51520550e-02 -2.29239181e-02 -3.23930899e-02 -3.08531258e-02]
 [            nan             nan             nan             nan
              nan             nan -5.39264219e-02 -4.79759326e-02
  -4.49517252e-02 -5.09148100e-02 -4.81490593e-02 -4.96279228e-02
  -3.22856608e-02 -4.98548126e-02 -2.83675346e-02 -4.50203376e-02]
 [            nan             nan             nan             nan
              nan             nan             nan  9.76686352e-03
  -4.58142917e-04 -9.03403397e-04 -1.02802508e-03 -6.80147559e-04
  -5.49782577e-03 -7.09248395e-04  7.98817239e-03 -1.64776720e-03]
 [            nan             nan             nan             nan
              nan             nan             nan             nan
   1.25931087e-02  1.46127537e-02  3.21165390e-02  2.91761825e-02
   3.60386469e-02  2.94660857e-02 -5.79336226e-03  4.72972398e-02]
 [            nan             nan             nan             nan
              nan             nan             nan             nan
              nan -3.50240045e-03 -3.02464422e-03 -3.01214898e-03
  -1.87529023e-03 -3.04381383e-03 -3.74951720e-03 -2.43707944e-03]
 [            nan             nan             nan             nan
              nan             nan             nan             nan
              nan             nan  7.37845820e-03  8.63833142e-03
   8.27661797e-03  8.23960185e-03  3.17636154e-03  1.12436088e-02]
 [            nan             nan             nan             nan
              nan             nan             nan             nan
              nan             nan             nan  3.76543450e-03
  -1.46293443e-03  3.77243785e-03  2.90503311e-03  2.42800957e-03]
 [            nan             nan             nan             nan
              nan             nan             nan             nan
              nan             nan             nan             nan
   1.29595131e-05 -1.03558252e-04 -2.24740247e-04 -1.36753031e-04]
 [            nan             nan             nan             nan
              nan             nan             nan             nan
              nan             nan             nan             nan
              nan  3.61960965e-02  3.67615552e-02  3.37001929e-02]
 [            nan             nan             nan             nan
              nan             nan             nan             nan
              nan             nan             nan             nan
              nan             nan  6.48381751e-07 -2.87334770e-06]
 [            nan             nan             nan             nan
              nan             nan             nan             nan
              nan             nan             nan             nan
              nan             nan             nan -2.94803801e-02]
 [            nan             nan             nan             nan
              nan             nan             nan             nan
              nan             nan             nan             nan
              nan             nan             nan             nan]]
S2_conf:[[           nan 1.14489924e-02 1.15474215e-02 1.14715048e-02
  2.31703685e-02 4.94930026e-02 1.73632764e-02 1.06569474e-02
  1.26210340e-02 1.16503275e-02 1.17370381e-02 1.14109674e-02
  1.44773018e-02 1.13720973e-02 1.32549808e-02 1.18242758e-02]
 [           nan            nan 1.42399069e-03 1.47755164e-03
  7.13296227e-03 6.67017601e-03 2.41278768e-03 2.38226478e-03
  1.42094039e-03 1.42928900e-03 1.35142512e-03 1.41580531e-03
  1.85297173e-03 1.41806675e-03 1.38939829e-03 1.31910340e-03]
 [           nan            nan            nan 1.35430028e-03
  1.35560902e-03 5.00144859e-03 1.22785768e-03 2.68577765e-03
  1.33775649e-03 1.30649717e-03 1.23857799e-03 1.30534980e-03
  1.12037229e-03 1.30608029e-03 1.34322080e-03 1.16138695e-03]
 [           nan            nan            nan            nan
  1.53954525e-02 3.02247954e-02 2.55907380e-03 1.57940668e-02
  5.16567005e-03 4.86946364e-03 4.19733188e-03 4.87755214e-03
  3.40481717e-03 4.88572465e-03 4.85073730e-03 3.34137690e-03]
 [           nan            nan            nan            nan
             nan 2.81088803e-01 7.88195714e-02 1.41064122e-01
  7.44659520e-02 8.37491158e-02 6.87947277e-02 7.30010626e-02
  6.46411593e-02 7.29865631e-02 9.31622205e-02 6.52807826e-02]
 [           nan            nan            nan            nan
             nan            nan 1.38664086e-01 1.61414490e-01
  1.49325000e-01 1.40624682e-01 1.38087205e-01 1.40178138e-01
  1.19914381e-01 1.40298098e-01 1.51434359e-01 1.38379692e-01]
 [           nan            nan            nan            nan
             nan            nan            nan 3.15901487e-02
  2.19989551e-02 2.19712624e-02 2.13298620e-02 2.19075195e-02
  2.03992807e-02 2.19207211e-02 2.92573162e-02 2.08770642e-02]
 [           nan            nan            nan            nan
             nan            nan            nan            nan
  6.49288981e-02 6.32283386e-02 7.03757465e-02 7.10768574e-02
  7.22609726e-02 7.10809682e-02 7.43461642e-02 7.87407647e-02]
 [           nan            nan            nan            nan
             nan            nan            nan            nan
             nan 4.26496115e-03 4.38125861e-03 4.53045393e-03
  3.47309613e-03 4.49547416e-03 4.48692589e-03 4.60847789e-03]
 [           nan            nan            nan            nan
             nan            nan            nan            nan
             nan            nan 1.29250625e-02 1.52562891e-02
  1.60088308e-02 1.44711435e-02 6.35549213e-03 2.08913051e-02]
 [           nan            nan            nan            nan
             nan            nan            nan            nan
             nan            nan            nan 7.44758819e-03
  8.93735354e-03 7.45568688e-03 7.42554766e-03 5.23604729e-03]
 [           nan            nan            nan            nan
             nan            nan            nan            nan
             nan            nan            nan            nan
  4.29442765e-04 3.59754898e-04 4.66661421e-04 3.48803307e-04]
 [           nan            nan            nan            nan
             nan            nan            nan            nan
             nan            nan            nan            nan
             nan 5.40533571e-02 6.40743042e-02 5.22286651e-02]
 [           nan            nan            nan            nan
             nan            nan            nan            nan
             nan            nan            nan            nan
             nan            nan 1.89195608e-05 1.51548159e-05]
 [           nan            nan            nan            nan
             nan            nan            nan            nan
             nan            nan            nan            nan
             nan            nan            nan 5.22362458e-02]
 [           nan            nan            nan            nan
             nan            nan            nan            nan
             nan            nan            nan            nan
             nan            nan            nan            nan]]
