S1:[ 0.          0.          0.          0.          0.         -0.00085713
  0.         -0.19950044  0.          0.          0.          0.
  0.          0.          0.          0.        ]
S1_conf:[0.00000000e+00 0.00000000e+00 0.00000000e+00 0.00000000e+00
 0.00000000e+00 1.38002119e+28 0.00000000e+00 2.88924660e+30
 0.00000000e+00 0.00000000e+00 0.00000000e+00 0.00000000e+00
 0.00000000e+00 0.00000000e+00 0.00000000e+00 0.00000000e+00]
ST:[0.00000000e+00 0.00000000e+00 0.00000000e+00 0.00000000e+00
 0.00000000e+00 1.31953354e-03 0.00000000e+00 7.14845833e+01
 0.00000000e+00 0.00000000e+00 0.00000000e+00 0.00000000e+00
 0.00000000e+00 0.00000000e+00 0.00000000e+00 0.00000000e+00]
ST_conf:[0.00000000e+00 0.00000000e+00 0.00000000e+00 0.00000000e+00
 0.00000000e+00 2.12450771e+28 0.00000000e+00 1.03526885e+33
 0.00000000e+00 0.00000000e+00 0.00000000e+00 0.00000000e+00
 0.00000000e+00 0.00000000e+00 0.00000000e+00 0.00000000e+00]
S2:[[            nan -2.87554827e-03 -2.87554827e-03 -2.87554827e-03
  -2.87554827e-03 -2.87554827e-03 -2.87554827e-03 -2.87554827e-03
  -2.87554827e-03 -2.87554827e-03 -2.87554827e-03 -2.87554827e-03
  -2.87554827e-03 -2.87554827e-03 -2.87554827e-03 -2.87554827e-03]
 [            nan             nan -9.38637516e-05 -9.38637516e-05
  -9.38637516e-05 -9.38637516e-05 -9.38637516e-05 -9.38637516e-05
  -9.38637516e-05 -9.38637516e-05 -9.38637516e-05 -9.38637516e-05
  -9.38637516e-05 -9.38637516e-05 -9.38637516e-05 -9.38637516e-05]
 [            nan             nan             nan -6.30117137e-05
  -6.30117137e-05 -6.30117137e-05 -6.30117137e-05 -6.30117137e-05
  -6.30117137e-05 -6.30117137e-05 -6.30117137e-05 -6.30117137e-05
  -6.30117137e-05 -6.30117137e-05 -6.30117137e-05 -6.30117137e-05]
 [            nan             nan             nan             nan
  -8.03342222e-04 -8.03342222e-04 -8.03342222e-04 -8.03342222e-04
  -8.03342222e-04 -8.03342222e-04 -8.03342222e-04 -8.03342222e-04
  -8.03342222e-04 -8.03342222e-04 -8.03342222e-04 -8.03342222e-04]
 [            nan             nan             nan             nan
              nan  1.35155148e-02 -6.50112731e-03 -6.50112731e-03
  -6.50112731e-03 -6.50112731e-03 -6.50112731e-03 -6.50112731e-03
  -6.50112731e-03 -6.50112731e-03 -6.50112731e-03 -6.50112731e-03]
 [            nan             nan             nan             nan
              nan             nan  2.45458081e-02  2.45458081e-02
   2.45458081e-02  2.45458081e-02  2.45458081e-02  2.45458081e-02
   2.45458081e-02  2.45458081e-02  2.45458081e-02  2.45458081e-02]
 [            nan             nan             nan             nan
              nan             nan             nan  1.88304915e-02
   1.88304915e-02  1.88304915e-02  1.88304915e-02  1.88304915e-02
   1.88304915e-02  1.88304915e-02  1.88304915e-02  1.88304915e-02]
 [            nan             nan             nan             nan
              nan             nan             nan             nan
   2.04852963e-01  2.04852963e-01  2.04852963e-01  2.04852963e-01
   2.04852963e-01  2.04852963e-01  2.04852963e-01  2.04852963e-01]
 [            nan             nan             nan             nan
              nan             nan             nan             nan
              nan -7.17410632e-05 -7.17410632e-05 -7.17410632e-05
  -7.17410632e-05 -7.17410632e-05 -7.17410632e-05 -7.17410632e-05]
 [            nan             nan             nan             nan
              nan             nan             nan             nan
              nan             nan -8.94200718e-03 -8.94200718e-03
  -8.94200718e-03 -8.94200718e-03 -8.94200718e-03 -8.94200718e-03]
 [            nan             nan             nan             nan
              nan             nan             nan             nan
              nan             nan             nan  1.86711164e-02
   1.86711164e-02  1.86711164e-02  1.86711164e-02  1.86711164e-02]
 [            nan             nan             nan             nan
              nan             nan             nan             nan
              nan             nan             nan             nan
   1.19698639e-04  1.19698639e-04  1.19698639e-04  1.19698639e-04]
 [            nan             nan             nan             nan
              nan             nan             nan             nan
              nan             nan             nan             nan
              nan -5.78045058e-02 -5.78045058e-02 -5.78045058e-02]
 [            nan             nan             nan             nan
              nan             nan             nan             nan
              nan             nan             nan             nan
              nan             nan  1.09050517e-05  1.09050517e-05]
 [            nan             nan             nan             nan
              nan             nan             nan             nan
              nan             nan             nan             nan
              nan             nan             nan  2.17124318e-03]
 [            nan             nan             nan             nan
              nan             nan             nan             nan
              nan             nan             nan             nan
              nan             nan             nan             nan]]
S2_conf:[[           nan 2.67212512e-03 2.67212512e-03 2.67212512e-03
  2.67212512e-03 2.67212512e-03 2.67212512e-03 2.67212512e-03
  2.67212512e-03 2.67212512e-03 2.67212512e-03 2.67212512e-03
  2.67212512e-03 2.67212512e-03 2.67212512e-03 2.67212512e-03]
 [           nan            nan 8.72236056e-05 8.72236056e-05
  8.72236056e-05 8.72236056e-05 8.72236056e-05 8.72236056e-05
  8.72236056e-05 8.72236056e-05 8.72236056e-05 8.72236056e-05
  8.72236056e-05 8.72236056e-05 8.72236056e-05 8.72236056e-05]
 [           nan            nan            nan 5.85541145e-05
  5.85541145e-05 5.85541145e-05 5.85541145e-05 5.85541145e-05
  5.85541145e-05 5.85541145e-05 5.85541145e-05 5.85541145e-05
  5.85541145e-05 5.85541145e-05 5.85541145e-05 5.85541145e-05]
 [           nan            nan            nan            nan
  7.46511874e-04 7.46511874e-04 7.46511874e-04 7.46511874e-04
  7.46511874e-04 7.46511874e-04 7.46511874e-04 7.46511874e-04
  7.46511874e-04 7.46511874e-04 7.46511874e-04 7.46511874e-04]
 [           nan            nan            nan            nan
             nan 2.17605801e+29 1.04671042e+29 1.04671042e+29
  1.04671042e+29 1.04671042e+29 1.04671042e+29 1.04671042e+29
  1.04671042e+29 1.04671042e+29 1.04671042e+29 1.04671042e+29]
 [           nan            nan            nan            nan
             nan            nan 1.38002119e+28 1.38002119e+28
  1.38002119e+28 1.38002119e+28 1.38002119e+28 1.38002119e+28
  1.38002119e+28 1.38002119e+28 1.38002119e+28 1.38002119e+28]
 [           nan            nan            nan            nan
             nan            nan            nan 1.74983775e-02
  1.74983775e-02 1.74983775e-02 1.74983775e-02 1.74983775e-02
  1.74983775e-02 1.74983775e-02 1.74983775e-02 1.74983775e-02]
 [           nan            nan            nan            nan
             nan            nan            nan            nan
  2.79866688e+30 2.79866688e+30 2.79866688e+30 2.79866688e+30
  2.79866688e+30 2.79866688e+30 2.79866688e+30 2.79866688e+30]
 [           nan            nan            nan            nan
             nan            nan            nan            nan
             nan 6.66659290e-05 6.66659290e-05 6.66659290e-05
  6.66659290e-05 6.66659290e-05 6.66659290e-05 6.66659290e-05]
 [           nan            nan            nan            nan
             nan            nan            nan            nan
             nan            nan 8.30942823e-03 8.30942823e-03
  8.30942823e-03 8.30942823e-03 8.30942823e-03 8.30942823e-03]
 [           nan            nan            nan            nan
             nan            nan            nan            nan
             nan            nan            nan 1.73502770e-02
  1.73502770e-02 1.73502770e-02 1.73502770e-02 1.73502770e-02]
 [           nan            nan            nan            nan
             nan            nan            nan            nan
             nan            nan            nan            nan
  1.11230872e-04 1.11230872e-04 1.11230872e-04 1.11230872e-04]
 [           nan            nan            nan            nan
             nan            nan            nan            nan
             nan            nan            nan            nan
             nan 9.71274773e+29 9.71274773e+29 9.71274773e+29]
 [           nan            nan            nan            nan
             nan            nan            nan            nan
             nan            nan            nan            nan
             nan            nan 1.01336023e-05 1.01336023e-05]
 [           nan            nan            nan            nan
             nan            nan            nan            nan
             nan            nan            nan            nan
             nan            nan            nan 2.01764425e-03]
 [           nan            nan            nan            nan
             nan            nan            nan            nan
             nan            nan            nan            nan
             nan            nan            nan            nan]]
