S1:[ 8.72741481e-02  3.03288953e-04 -2.61867383e-06  5.05002635e-03
  1.67748377e-01  5.08081398e-02  1.47766220e-02  2.59688041e-01
  9.99334877e-03  5.13059707e-02 -8.65538011e-03 -1.07728449e-03
  2.68668615e-02 -3.04377945e-05  9.60175901e-02 -3.01373924e-03]
S1_conf:[7.35142757e-02 2.37029335e-03 1.05985934e-05 1.17818111e-02
 9.69504564e-02 5.63106457e-02 4.37398633e-02 1.18836734e-01
 2.14261227e-02 3.83397518e-02 1.13320023e-02 7.25152035e-03
 6.15756725e-02 1.17672305e-04 6.44282418e-02 2.61160679e-02]
ST:[2.16717440e-01 4.42544903e-04 3.87957304e-09 1.17116448e-02
 3.65036690e-01 1.49054586e-01 9.89011615e-02 3.93589058e-01
 2.04444768e-02 1.04653179e-01 9.30690097e-03 1.89356393e-03
 8.55231493e-02 1.26637271e-06 1.61036707e-01 2.84263953e-02]
ST_conf:[1.13487926e-01 3.24180590e-04 2.08207023e-09 1.06502116e-02
 1.47627925e-01 5.24522805e-02 5.21737386e-02 8.85279123e-02
 9.52017868e-03 5.69833732e-02 7.78284258e-03 1.01159912e-03
 3.66572526e-02 1.04361518e-06 6.12727634e-02 1.24515168e-02]
S2:[[            nan -2.11227370e-02 -2.03983174e-02 -2.34510135e-02
   8.45861400e-03  1.55247729e-02 -9.88772893e-03  5.90884300e-02
  -3.08638243e-02 -5.57494146e-02 -1.23048836e-02 -2.11401552e-02
   9.85573740e-03 -2.04131282e-02 -1.76634531e-03 -2.48760171e-02]
 [            nan             nan  9.77420994e-04  1.13061474e-03
   1.48825870e-03  1.11297326e-03  3.70570007e-04  2.45803910e-03
   1.02787043e-03  1.25100956e-03  6.46574912e-04  9.10721643e-04
   1.24151152e-03  9.73886989e-04  3.29371683e-04  8.49372554e-04]
 [            nan             nan             nan  1.19847819e-05
   1.71418339e-05  1.36812706e-05  1.31753660e-05  1.50229044e-05
   1.13412906e-05  7.04255317e-06  1.09738589e-05  1.19742615e-05
   2.40253607e-05  1.21680890e-05  1.15085016e-05  1.10251106e-05]
 [            nan             nan             nan             nan
  -2.21530764e-04  2.27715890e-05 -3.52546102e-03  5.61551891e-03
  -3.85529644e-04  1.44522919e-03 -4.40601315e-04 -1.47423190e-03
  -1.36132835e-03 -1.72395763e-03 -9.15849583e-03 -9.52926629e-04]
 [            nan             nan             nan             nan
              nan -1.38434063e-02  3.77639095e-03 -1.68226788e-02
  -6.81118922e-04  5.60923025e-03 -3.14580803e-03 -2.82544430e-03
   2.08054844e-02 -4.09519846e-03 -9.23749242e-03  1.14212030e-02]
 [            nan             nan             nan             nan
              nan             nan -1.20876170e-02  2.02906751e-02
  -2.11002707e-02 -9.46718163e-03 -2.46602072e-02 -2.98503751e-02
  -3.97698279e-03 -2.50761545e-02 -4.22131327e-02 -1.25163567e-02]
 [            nan             nan             nan             nan
              nan             nan             nan  6.01843975e-03
  -6.05304069e-03 -4.57515857e-03 -1.31440407e-02 -9.81871612e-03
  -8.56524098e-04 -1.08322662e-02 -9.38116258e-03 -8.14697784e-03]
 [            nan             nan             nan             nan
              nan             nan             nan             nan
  -1.32447090e-02  1.32189926e-02 -2.71307054e-02 -1.08450458e-02
  -6.56218436e-02 -1.76597707e-02 -6.23266072e-03 -3.89697518e-02]
 [            nan             nan             nan             nan
              nan             nan             nan             nan
              nan -5.35251259e-03 -3.56143567e-05 -1.86835351e-03
  -8.59168476e-03 -1.49867605e-03  8.10637737e-03 -3.16803929e-03]
 [            nan             nan             nan             nan
              nan             nan             nan             nan
              nan             nan -1.91372298e-02 -2.24173418e-02
  -9.82825123e-03 -2.21978692e-02 -1.28934203e-02 -2.75487622e-02]
 [            nan             nan             nan             nan
              nan             nan             nan             nan
              nan             nan             nan  8.99021557e-03
   8.82764870e-03  8.78909071e-03  9.39010856e-03  8.44873701e-03]
 [            nan             nan             nan             nan
              nan             nan             nan             nan
              nan             nan             nan             nan
   2.49442551e-03  7.37895146e-04 -1.45830026e-03  6.64462417e-04]
 [            nan             nan             nan             nan
              nan             nan             nan             nan
              nan             nan             nan             nan
              nan -9.68499201e-03  8.54243733e-03 -1.27726607e-02]
 [            nan             nan             nan             nan
              nan             nan             nan             nan
              nan             nan             nan             nan
              nan             nan  1.41600736e-04  8.83011133e-05]
 [            nan             nan             nan             nan
              nan             nan             nan             nan
              nan             nan             nan             nan
              nan             nan             nan -6.98566141e-02]
 [            nan             nan             nan             nan
              nan             nan             nan             nan
              nan             nan             nan             nan
              nan             nan             nan             nan]]
S2_conf:[[           nan 1.06482522e-01 1.06465979e-01 1.06746444e-01
  1.22499712e-01 1.21972621e-01 1.11468854e-01 1.46631449e-01
  1.04404623e-01 1.21167814e-01 1.05252979e-01 1.05861641e-01
  1.15219948e-01 1.06492413e-01 1.17048016e-01 1.02697052e-01]
 [           nan            nan 2.87865547e-03 2.90295238e-03
  3.51081104e-03 3.04430894e-03 2.96741766e-03 4.56342443e-03
  2.77868733e-03 3.61657707e-03 2.80784184e-03 2.86445670e-03
  2.84190769e-03 2.87927037e-03 3.71185097e-03 2.85397464e-03]
 [           nan            nan            nan 2.08072192e-05
  2.83741110e-05 1.96869721e-05 2.35927841e-05 3.73014397e-05
  1.79125609e-05 1.78773181e-05 2.06078175e-05 2.10515951e-05
  2.58619955e-05 2.10593987e-05 2.71252796e-05 2.20390841e-05]
 [           nan            nan            nan            nan
  1.70330681e-02 1.80797637e-02 1.51081069e-02 1.99907642e-02
  1.87754039e-02 2.08505215e-02 1.53456744e-02 1.73398565e-02
  1.84188807e-02 1.72200242e-02 1.74924652e-02 1.69851935e-02]
 [           nan            nan            nan            nan
             nan 1.44739797e-01 1.59792117e-01 1.77899264e-01
  1.41658708e-01 1.62360402e-01 1.38470682e-01 1.41011469e-01
  1.42261625e-01 1.40542509e-01 1.46518565e-01 1.34946775e-01]
 [           nan            nan            nan            nan
             nan            nan 8.98281521e-02 1.13284439e-01
  1.05472569e-01 9.46728007e-02 9.72914440e-02 9.79610896e-02
  9.30530731e-02 9.65302003e-02 1.17189557e-01 1.00056433e-01]
 [           nan            nan            nan            nan
             nan            nan            nan 6.50099167e-02
  6.74551262e-02 6.79436101e-02 6.32871841e-02 6.54388149e-02
  6.59921856e-02 6.48870661e-02 6.78176789e-02 5.93492466e-02]
 [           nan            nan            nan            nan
             nan            nan            nan            nan
  1.86862985e-01 1.97047933e-01 1.78600622e-01 1.82669427e-01
  1.90672004e-01 1.77554509e-01 2.24137828e-01 1.64903334e-01]
 [           nan            nan            nan            nan
             nan            nan            nan            nan
             nan 3.52692775e-02 3.21236672e-02 3.31461841e-02
  4.21343361e-02 3.27317699e-02 4.40295504e-02 3.08576804e-02]
 [           nan            nan            nan            nan
             nan            nan            nan            nan
             nan            nan 5.56796566e-02 5.64047295e-02
  6.18411249e-02 5.67099655e-02 5.21017484e-02 5.38225231e-02]
 [           nan            nan            nan            nan
             nan            nan            nan            nan
             nan            nan            nan 1.79713499e-02
  1.72182107e-02 1.78192375e-02 1.95838361e-02 1.69184653e-02]
 [           nan            nan            nan            nan
             nan            nan            nan            nan
             nan            nan            nan            nan
  8.98026314e-03 1.08614274e-02 1.39057292e-02 1.06173971e-02]
 [           nan            nan            nan            nan
             nan            nan            nan            nan
             nan            nan            nan            nan
             nan 6.97085984e-02 7.92771875e-02 6.96895776e-02]
 [           nan            nan            nan            nan
             nan            nan            nan            nan
             nan            nan            nan            nan
             nan            nan 1.99058602e-04 1.73167310e-04]
 [           nan            nan            nan            nan
             nan            nan            nan            nan
             nan            nan            nan            nan
             nan            nan            nan 8.71291898e-02]
 [           nan            nan            nan            nan
             nan            nan            nan            nan
             nan            nan            nan            nan
             nan            nan            nan            nan]]
