S1:[ 5.36973445e-05 -4.08745421e-06  1.99219999e-06  8.68909821e-05
  3.58389531e-03  2.19267716e-03 -1.21086152e-03  7.16281554e-03
  8.89986268e-04 -8.86236500e-04  7.96942005e-04  7.06173514e-05
  7.09125794e-03  3.12701107e-07  1.70514270e-03 -3.07794446e-04]
S1_conf:[4.78167465e-03 5.69408775e-04 2.02514339e-05 1.24455373e-02
 5.73489516e+00 3.03659864e+01 2.16393201e+00 6.23361600e-02
 1.10142122e-02 3.09008144e-03 1.41406750e-02 1.59027307e-03
 6.98532362e-02 4.21788695e-05 3.98954153e-03 3.91139271e-02]
ST:[4.84898759e-04 5.17100679e-05 3.35342498e-07 3.93486284e-04
 2.75584409e-01 5.71905835e-01 2.47361008e-02 9.78649386e-01
 1.50891342e-02 1.22428839e-01 2.44795778e-02 2.50954314e-03
 9.50761304e-01 4.69013374e-09 7.61223671e-02 1.31805647e-03]
ST_conf:[2.60047706e-03 2.09281292e-05 4.25562560e-07 1.88799197e-02
 5.52997548e+01 6.80502241e+02 9.37584791e+00 3.91021962e-01
 1.13536424e-02 1.46334474e-01 3.64974299e-02 2.11164144e-03
 3.74846150e-01 2.16676087e-07 9.89305452e-02 1.92102590e-01]
S2:[[            nan -5.28828068e-05 -5.28828068e-05 -5.28828068e-05
  -5.28828068e-05 -5.28828068e-05 -5.28828068e-05 -5.28828068e-05
  -5.28828068e-05 -5.28828068e-05 -5.28828068e-05 -5.28828068e-05
  -5.28828068e-05 -5.28828068e-05 -5.28828068e-05 -5.28828068e-05]
 [            nan             nan  8.40509887e-06  8.40509887e-06
   8.40509887e-06  8.40509887e-06  8.40509887e-06  8.40509887e-06
   8.40509887e-06  8.40509887e-06  8.40509887e-06  8.40509887e-06
   8.40509887e-06  8.40509887e-06  8.40509887e-06  8.40509887e-06]
 [            nan             nan             nan -1.99160587e-06
  -1.99160587e-06 -1.99160587e-06 -1.99160587e-06 -1.99160587e-06
  -1.99160587e-06 -1.99160587e-06 -1.99160587e-06 -1.99160587e-06
  -1.99160587e-06 -1.99160587e-06 -1.99160587e-06 -1.99160587e-06]
 [            nan             nan             nan             nan
  -8.13428940e-05 -8.13428940e-05 -8.13428940e-05 -8.13428940e-05
  -8.13428940e-05 -8.13428940e-05 -8.13428940e-05 -8.13428940e-05
  -8.13428940e-05 -8.13428940e-05 -8.13428940e-05 -8.13428940e-05]
 [            nan             nan             nan             nan
              nan -4.37697722e-03 -4.37697722e-03 -4.37697722e-03
  -4.37697722e-03 -4.37697722e-03 -4.37697722e-03 -4.37697722e-03
  -4.37697722e-03 -4.37697722e-03 -4.37697722e-03 -4.37697722e-03]
 [            nan             nan             nan             nan
              nan             nan -5.62230737e-03 -5.62230737e-03
  -5.62230737e-03 -5.62230737e-03 -5.62230737e-03 -5.62230737e-03
  -5.62230737e-03 -5.62230737e-03 -5.62230737e-03 -5.62230737e-03]
 [            nan             nan             nan             nan
              nan             nan             nan  1.22483476e-03
   1.22483476e-03  1.22483476e-03  1.22483476e-03  1.22483476e-03
   1.22483476e-03  1.22483476e-03  1.22483476e-03  1.22483476e-03]
 [            nan             nan             nan             nan
              nan             nan             nan             nan
  -7.27433442e-03 -7.27433442e-03 -7.27433442e-03 -7.27433442e-03
  -7.27433442e-03 -7.27433442e-03 -7.27433442e-03 -7.27433442e-03]
 [            nan             nan             nan             nan
              nan             nan             nan             nan
              nan -8.72170224e-04 -8.72170224e-04 -8.72170224e-04
  -8.72170224e-04 -8.72170224e-04 -8.72170224e-04 -8.72170224e-04]
 [            nan             nan             nan             nan
              nan             nan             nan             nan
              nan             nan  8.56451047e-04  8.56451047e-04
   8.56451047e-04  8.56451047e-04  8.56451047e-04  8.56451047e-04]
 [            nan             nan             nan             nan
              nan             nan             nan             nan
              nan             nan             nan -7.75042337e-04
  -7.75042337e-04 -7.75042337e-04 -7.75042337e-04 -7.75042337e-04]
 [            nan             nan             nan             nan
              nan             nan             nan             nan
              nan             nan             nan             nan
  -7.06173514e-05 -7.06173514e-05 -7.06173514e-05 -7.06173514e-05]
 [            nan             nan             nan             nan
              nan             nan             nan             nan
              nan             nan             nan             nan
              nan -7.76837086e-03 -7.76837086e-03 -7.76837086e-03]
 [            nan             nan             nan             nan
              nan             nan             nan             nan
              nan             nan             nan             nan
              nan             nan -2.96440198e-07 -2.96440198e-07]
 [            nan             nan             nan             nan
              nan             nan             nan             nan
              nan             nan             nan             nan
              nan             nan             nan -1.67802210e-03]
 [            nan             nan             nan             nan
              nan             nan             nan             nan
              nan             nan             nan             nan
              nan             nan             nan             nan]]
S2_conf:[[           nan 1.01483663e-02 1.01483663e-02 1.01483663e-02
  1.01483663e-02 1.01483663e-02 1.01483663e-02 1.01483663e-02
  1.01483663e-02 1.01483663e-02 1.01483663e-02 1.01483663e-02
  1.01483663e-02 1.01483663e-02 1.01483663e-02 1.01483663e-02]
 [           nan            nan 4.59777091e-02 4.59777091e-02
  4.59777091e-02 4.59777091e-02 4.59777091e-02 4.59777091e-02
  4.59777091e-02 4.59777091e-02 4.59777091e-02 4.59777091e-02
  4.59777091e-02 4.59777091e-02 4.59777091e-02 4.59777091e-02]
 [           nan            nan            nan 2.11590463e-05
  2.11590463e-05 2.11590463e-05 2.11590463e-05 2.11590463e-05
  2.11590463e-05 2.11590463e-05 2.11590463e-05 2.11590463e-05
  2.11590463e-05 2.11590463e-05 2.11590463e-05 2.11590463e-05]
 [           nan            nan            nan            nan
  5.97820742e-02 5.97820742e-02 5.97820742e-02 5.97820742e-02
  5.97820742e-02 5.97820742e-02 5.97820742e-02 5.97820742e-02
  5.97820742e-02 5.97820742e-02 5.97820742e-02 5.97820742e-02]
 [           nan            nan            nan            nan
             nan 1.17436703e+01 1.17436703e+01 1.17436703e+01
  1.17436703e+01 1.17436703e+01 1.17436703e+01 1.17436703e+01
  1.17436703e+01 1.17436703e+01 1.17436703e+01 1.17436703e+01]
 [           nan            nan            nan            nan
             nan            nan 3.04098105e+01 3.04098105e+01
  3.04098105e+01 3.04098105e+01 3.04098105e+01 3.04098105e+01
  3.04098105e+01 3.04098105e+01 3.04098105e+01 3.04098105e+01]
 [           nan            nan            nan            nan
             nan            nan            nan 2.28992109e+00
  2.28992109e+00 2.28992109e+00 2.28992109e+00 2.28992109e+00
  2.28992109e+00 2.28992109e+00 2.28992109e+00 2.28992109e+00]
 [           nan            nan            nan            nan
             nan            nan            nan            nan
  2.54328539e+00 2.54328539e+00 2.54328539e+00 2.54328539e+00
  2.54328539e+00 2.54328539e+00 2.54328539e+00 2.54328539e+00]
 [           nan            nan            nan            nan
             nan            nan            nan            nan
             nan 1.91096464e-01 1.91096464e-01 1.91096464e-01
  1.91096464e-01 1.91096464e-01 1.91096464e-01 1.91096464e-01]
 [           nan            nan            nan            nan
             nan            nan            nan            nan
             nan            nan 3.17645135e-01 3.17645135e-01
  3.17645135e-01 3.17645135e-01 3.17645135e-01 3.17645135e-01]
 [           nan            nan            nan            nan
             nan            nan            nan            nan
             nan            nan            nan 2.34829721e-01
  2.34829721e-01 2.34829721e-01 2.34829721e-01 2.34829721e-01]
 [           nan            nan            nan            nan
             nan            nan            nan            nan
             nan            nan            nan            nan
  1.59027307e-03 1.59027307e-03 1.59027307e-03 1.59027307e-03]
 [           nan            nan            nan            nan
             nan            nan            nan            nan
             nan            nan            nan            nan
             nan 1.02101357e+01 1.02101357e+01 1.02101357e+01]
 [           nan            nan            nan            nan
             nan            nan            nan            nan
             nan            nan            nan            nan
             nan            nan 1.76206150e-04 1.76206150e-04]
 [           nan            nan            nan            nan
             nan            nan            nan            nan
             nan            nan            nan            nan
             nan            nan            nan 2.89908877e-01]
 [           nan            nan            nan            nan
             nan            nan            nan            nan
             nan            nan            nan            nan
             nan            nan            nan            nan]]
