S1:[-7.37915458e-04  1.63138045e-04  1.91165672e-06  1.71572180e-04
  2.47823294e-01  1.90562599e-01  1.53453084e-02  1.92880762e-01
  2.26601961e-03  3.26472230e-02  2.72405122e-03 -1.67576583e-04
  1.26784621e-01 -3.20252324e-07  2.44141834e-02  1.59840254e-03]
S1_conf:[3.26427145e-03 6.92893989e-04 2.69481711e-06 3.90692184e-03
 3.76210043e-02 2.69813412e-02 1.28472442e-02 2.89016591e-02
 2.08559473e-03 1.33727825e-02 2.67406073e-03 4.66896940e-04
 2.30024828e-02 1.38792524e-05 1.62625355e-02 2.10417249e-03]
ST:[2.29598174e-03 1.40282179e-04 2.51526301e-09 3.90402249e-03
 3.20054825e-01 2.54073329e-01 3.01650605e-02 2.85869377e-01
 1.25523583e-03 6.54312678e-02 1.54340774e-03 5.20105711e-05
 1.61223833e-01 5.84969854e-08 5.30822527e-02 1.01216454e-03]
ST_conf:[3.73660695e-04 2.31552161e-05 7.86326629e-10 4.86612239e-04
 3.28533730e-02 2.33167898e-02 3.96129248e-03 2.47798157e-02
 2.92283589e-04 8.39181198e-03 3.42452588e-04 1.58592137e-05
 1.50738498e-02 2.77154348e-08 7.81400770e-03 1.86327476e-04]
S2:[[            nan  1.08407067e-03  1.03635789e-03  8.91899001e-04
   7.20850006e-04  2.32769628e-04  9.91924097e-04  1.36416604e-04
   1.23228774e-03  1.51822436e-03  1.01447019e-03  1.06844098e-03
   6.83459825e-04  1.03692986e-03  1.37141898e-03  1.13890306e-03]
 [            nan             nan -4.37747458e-04 -4.53688703e-04
  -3.26392916e-04 -5.57898771e-04 -5.50489678e-04 -6.14426498e-04
  -4.61172347e-04 -6.04882325e-04 -4.26995699e-04 -4.34231820e-04
  -5.15419402e-04 -4.37741052e-04 -3.83270206e-04 -4.51796389e-04]
 [            nan             nan             nan -2.31512225e-06
  -4.60696559e-06 -3.98425256e-06 -2.89261124e-06 -2.80585052e-06
  -2.56242855e-06 -2.24752961e-06 -2.51407226e-06 -2.47275303e-06
  -2.91063087e-06 -2.51248050e-06 -1.48663214e-06 -2.53922742e-06]
 [            nan             nan             nan             nan
   5.88692263e-03  4.89287954e-03  4.61672773e-03  4.08175189e-03
   5.51380949e-03  5.41189251e-03  5.47717016e-03  5.41058777e-03
   4.77804640e-03  5.38705029e-03  3.06423113e-03  5.34943032e-03]
 [            nan             nan             nan             nan
              nan -2.66394399e-02 -2.53580384e-02  8.50577819e-03
  -3.31801471e-02 -2.16242075e-02 -3.27860812e-02 -3.18473876e-02
  -3.01643740e-02 -3.19040900e-02 -2.46522276e-02 -3.23306153e-02]
 [            nan             nan             nan             nan
              nan             nan  2.12550371e-02  2.78350565e-02
   1.87794230e-02  1.95515728e-02  2.07762590e-02  1.97238290e-02
   2.03476907e-02  1.99196612e-02  2.46329799e-02  2.01345142e-02]
 [            nan             nan             nan             nan
              nan             nan             nan  5.30789026e-03
   2.68394533e-03  3.91653475e-03  2.75064640e-03  2.57237440e-03
   4.91109416e-03  2.47939112e-03  2.24941153e-03  2.53907392e-03]
 [            nan             nan             nan             nan
              nan             nan             nan             nan
  -7.37698412e-03  5.53350192e-03 -4.14081514e-03 -5.47738911e-03
   1.65695770e-03 -5.54124605e-03  5.87907072e-03 -7.45924989e-03]
 [            nan             nan             nan             nan
              nan             nan             nan             nan
              nan -1.68267691e-03 -1.55109630e-03 -1.63467180e-03
  -6.57019301e-04 -1.64140174e-03 -1.47744364e-03 -1.58062454e-03]
 [            nan             nan             nan             nan
              nan             nan             nan             nan
              nan             nan -5.28006566e-03 -4.81391730e-03
   1.22390599e-03 -4.94010072e-03 -5.14769461e-03 -4.91928492e-03]
 [            nan             nan             nan             nan
              nan             nan             nan             nan
              nan             nan             nan -3.62126610e-03
  -3.31592940e-03 -3.62764294e-03 -3.66168906e-03 -3.51399256e-03]
 [            nan             nan             nan             nan
              nan             nan             nan             nan
              nan             nan             nan             nan
   1.92166887e-04 -4.26634706e-05  3.87807646e-06 -4.76949338e-05]
 [            nan             nan             nan             nan
              nan             nan             nan             nan
              nan             nan             nan             nan
              nan  2.49378049e-03  6.11114657e-03  1.38920353e-03]
 [            nan             nan             nan             nan
              nan             nan             nan             nan
              nan             nan             nan             nan
              nan             nan -4.98050405e-07 -8.73295241e-06]
 [            nan             nan             nan             nan
              nan             nan             nan             nan
              nan             nan             nan             nan
              nan             nan             nan -5.88731555e-04]
 [            nan             nan             nan             nan
              nan             nan             nan             nan
              nan             nan             nan             nan
              nan             nan             nan             nan]]
S2_conf:[[           nan 4.72054355e-03 4.70149084e-03 4.68789140e-03
  5.56806959e-03 5.17433026e-03 4.71902413e-03 5.19374330e-03
  4.71826251e-03 5.01684327e-03 4.71507225e-03 4.69546060e-03
  5.08996423e-03 4.70170517e-03 4.71290892e-03 4.73862210e-03]
 [           nan            nan 9.52767249e-04 9.50859798e-04
  1.11853373e-03 1.02093795e-03 9.49670960e-04 1.30534646e-03
  9.69994764e-04 1.02128640e-03 9.50526973e-04 9.54371326e-04
  9.73608803e-04 9.52764602e-04 9.85179414e-04 9.65344236e-04]
 [           nan            nan            nan 4.29555583e-06
  3.93869173e-06 4.05943103e-06 4.75989323e-06 4.17249751e-06
  4.22206926e-06 4.34320331e-06 4.19789677e-06 4.21129027e-06
  4.38151981e-06 4.21019623e-06 4.45218522e-06 4.20644693e-06]
 [           nan            nan            nan            nan
  6.99602513e-03 7.11087255e-03 6.69150963e-03 7.64469924e-03
  6.58463589e-03 6.89194651e-03 6.68365473e-03 6.62238049e-03
  7.08804867e-03 6.62359601e-03 6.93963507e-03 6.67549874e-03]
 [           nan            nan            nan            nan
             nan 4.94606124e-02 4.36849136e-02 5.81143970e-02
  4.39967308e-02 4.64343090e-02 4.42422434e-02 4.41890034e-02
  4.74400916e-02 4.41960629e-02 4.57511702e-02 4.40025030e-02]
 [           nan            nan            nan            nan
             nan            nan 3.90331360e-02 4.75919708e-02
  3.98267697e-02 4.29937746e-02 4.05768541e-02 3.99668425e-02
  3.90144505e-02 4.00124631e-02 4.25337455e-02 3.98750524e-02]
 [           nan            nan            nan            nan
             nan            nan            nan 2.26671169e-02
  1.86473546e-02 1.91049604e-02 1.86233391e-02 1.85201201e-02
  2.02326400e-02 1.85273640e-02 1.93325534e-02 1.85927267e-02]
 [           nan            nan            nan            nan
             nan            nan            nan            nan
  4.38676214e-02 4.58777418e-02 4.44801268e-02 4.39019343e-02
  4.65356597e-02 4.39152409e-02 4.65442307e-02 4.37544294e-02]
 [           nan            nan            nan            nan
             nan            nan            nan            nan
             nan 3.38812545e-03 3.09537028e-03 3.08294907e-03
  3.33093295e-03 3.08060047e-03 3.31829957e-03 3.09159373e-03]
 [           nan            nan            nan            nan
             nan            nan            nan            nan
             nan            nan 2.20646518e-02 2.19549555e-02
  2.12582965e-02 2.19222333e-02 2.20110555e-02 2.18192735e-02]
 [           nan            nan            nan            nan
             nan            nan            nan            nan
             nan            nan            nan 4.16108909e-03
  4.34758829e-03 4.16115787e-03 4.30771203e-03 4.16321835e-03]
 [           nan            nan            nan            nan
             nan            nan            nan            nan
             nan            nan            nan            nan
  7.82249666e-04 7.50743829e-04 7.97303620e-04 7.55084216e-04]
 [           nan            nan            nan            nan
             nan            nan            nan            nan
             nan            nan            nan            nan
             nan 3.00963404e-02 3.06106497e-02 3.00298780e-02]
 [           nan            nan            nan            nan
             nan            nan            nan            nan
             nan            nan            nan            nan
             nan            nan 2.11925963e-05 2.51808269e-05]
 [           nan            nan            nan            nan
             nan            nan            nan            nan
             nan            nan            nan            nan
             nan            nan            nan 2.47425372e-02]
 [           nan            nan            nan            nan
             nan            nan            nan            nan
             nan            nan            nan            nan
             nan            nan            nan            nan]]
