S1:[-4.24217659e-05 -5.81859054e-06  5.16135927e-07  3.70037474e-04
  3.11656342e-03  1.10115074e-03 -1.14019666e-03  8.52640833e-03
  5.21376047e-04  1.15283922e-03 -2.06978670e-04  2.23587891e-05
  8.16414921e-03 -9.24634696e-08 -1.06995702e-03 -3.35155406e-04]
S1_conf:[1.83523653e-02 5.44537770e-03 3.87406250e-03 2.50566282e-01
 2.39775029e+01 2.14435440e+02 1.98607421e+01 1.84026600e+00
 1.68672464e-02 3.87428672e-02 3.98944382e+00 1.85860886e-04
 3.96521026e+00 2.26969731e-04 9.88052442e-03 4.93667748e-02]
ST:[1.31068725e-04 4.25905462e-05 2.91339256e-08 4.75678334e-03
 1.59779320e-01 6.97485732e-01 1.24416644e-02 9.03969917e-01
 3.34417785e-03 8.43227267e-02 7.46677726e-04 2.19310736e-04
 8.12485430e-01 8.18417343e-09 2.14758945e-02 1.25529127e-03]
ST_conf:[5.73093976e-04 2.85887888e-04 1.19892462e-05 4.46451514e-02
 3.26679881e+02 8.12766887e+03 2.65122129e+02 1.57641989e+00
 2.10224995e-03 1.08765467e-01 8.57390188e+00 1.74859987e-04
 7.08789941e+00 3.37162276e-07 2.62527578e-02 2.14537781e-02]
S2:[[            nan  4.16773309e-05  4.16773309e-05  4.16773309e-05
   4.16773309e-05  4.46837585e-05  4.16773309e-05  4.16773309e-05
   4.16773309e-05  4.16773309e-05  4.16773309e-05  4.16773309e-05
   4.16773309e-05  4.16773309e-05  4.16773309e-05  4.16773309e-05]
 [            nan             nan  2.00635888e-05  2.00635888e-05
   2.00635888e-05  2.00864112e-05  2.00635888e-05  2.00635888e-05
   2.00635888e-05  2.00635888e-05  2.00635888e-05  2.00635888e-05
   2.00635888e-05  2.00635888e-05  2.00635888e-05  2.00635888e-05]
 [            nan             nan             nan -4.01402097e-07
  -4.01402097e-07 -5.80929287e-07 -4.01402097e-07 -4.01402097e-07
  -4.01402097e-07 -4.01402097e-07 -4.01402097e-07 -4.01402097e-07
  -4.01402097e-07 -4.01402097e-07 -4.01402097e-07 -4.01402097e-07]
 [            nan             nan             nan             nan
  -3.49153946e-04 -3.46773242e-04 -3.49153946e-04 -3.49153946e-04
  -3.49153946e-04 -3.49153946e-04 -3.49153946e-04 -3.49153946e-04
  -3.49153946e-04 -3.49153946e-04 -3.49153946e-04 -3.49153946e-04]
 [            nan             nan             nan             nan
              nan  2.29756354e-03 -5.26201596e-03 -5.26201596e-03
  -5.26201596e-03 -5.26201596e-03 -5.26201596e-03 -5.26201596e-03
  -5.26201596e-03 -5.26201596e-03 -5.26201596e-03 -5.26201596e-03]
 [            nan             nan             nan             nan
              nan             nan -4.46509099e-03 -5.73030668e-04
  -4.63112588e-03 -4.77724339e-03 -4.50969370e-03 -4.57550909e-03
  -5.33584345e-03 -4.57934295e-03 -4.55597301e-03 -4.39207761e-03]
 [            nan             nan             nan             nan
              nan             nan             nan  1.21653100e-03
   1.21653100e-03  1.21653100e-03  1.21653100e-03  1.21653100e-03
   1.21653100e-03  1.21653100e-03  1.21653100e-03  1.21653100e-03]
 [            nan             nan             nan             nan
              nan             nan             nan             nan
  -5.71227457e-03 -6.68335603e-03 -5.42838861e-03 -5.47090561e-03
  -8.46361042e-03 -5.50636713e-03 -5.34382437e-03 -5.45829746e-03]
 [            nan             nan             nan             nan
              nan             nan             nan             nan
              nan -4.36774102e-04 -4.36774102e-04 -4.36774102e-04
  -4.36774102e-04 -4.36774102e-04 -4.36774102e-04 -4.36774102e-04]
 [            nan             nan             nan             nan
              nan             nan             nan             nan
              nan             nan -8.91593640e-04 -8.91593640e-04
  -8.91593640e-04 -8.91593640e-04 -8.91593640e-04 -8.91593640e-04]
 [            nan             nan             nan             nan
              nan             nan             nan             nan
              nan             nan             nan  4.38114644e-04
   4.38114644e-04  4.38114644e-04  4.38114644e-04  4.38114644e-04]
 [            nan             nan             nan             nan
              nan             nan             nan             nan
              nan             nan             nan             nan
  -2.23587891e-05 -2.23587891e-05 -2.23587891e-05 -2.23587891e-05]
 [            nan             nan             nan             nan
              nan             nan             nan             nan
              nan             nan             nan             nan
              nan  2.94727203e-03  3.58306814e-03  3.13545111e-03]
 [            nan             nan             nan             nan
              nan             nan             nan             nan
              nan             nan             nan             nan
              nan             nan  2.12397490e-07  2.12397490e-07]
 [            nan             nan             nan             nan
              nan             nan             nan             nan
              nan             nan             nan             nan
              nan             nan             nan  9.98269081e-04]
 [            nan             nan             nan             nan
              nan             nan             nan             nan
              nan             nan             nan             nan
              nan             nan             nan             nan]]
S2_conf:[[           nan 3.64374969e-02 3.64374969e-02 3.64374969e-02
  3.64374969e-02 3.64349917e-02 3.64374969e-02 3.64374969e-02
  3.64374969e-02 3.64374969e-02 3.64374969e-02 3.64374969e-02
  3.64374969e-02 3.64374969e-02 3.64374969e-02 3.64374969e-02]
 [           nan            nan 8.92691394e-03 8.92691394e-03
  8.92691394e-03 8.92670665e-03 8.92691394e-03 8.92691394e-03
  8.92691394e-03 8.92691394e-03 8.92691394e-03 8.92691394e-03
  8.92691394e-03 8.92691394e-03 8.92691394e-03 8.92691394e-03]
 [           nan            nan            nan 2.09734067e-03
  2.09734067e-03 2.09751072e-03 2.09734067e-03 2.09734067e-03
  2.09734067e-03 2.09734067e-03 2.09734067e-03 2.09734067e-03
  2.09734067e-03 2.09734067e-03 2.09734067e-03 2.09734067e-03]
 [           nan            nan            nan            nan
  4.88281283e-02 4.88280259e-02 4.88281283e-02 4.88281283e-02
  4.88281283e-02 4.88281283e-02 4.88281283e-02 4.88281283e-02
  4.88281283e-02 4.88281283e-02 4.88281283e-02 4.88281283e-02]
 [           nan            nan            nan            nan
             nan 6.63979551e+01 1.66838090e+02 1.66838090e+02
  1.66838090e+02 1.66838090e+02 1.66838090e+02 1.66838090e+02
  1.66838090e+02 1.66838090e+02 1.66838090e+02 1.66838090e+02]
 [           nan            nan            nan            nan
             nan            nan 5.38566936e+00 2.01465054e+02
  5.38611622e+00 5.38656496e+00 5.42475232e+00 5.38604826e+00
  5.38932796e+00 5.38604925e+00 5.38591421e+00 5.38586776e+00]
 [           nan            nan            nan            nan
             nan            nan            nan 2.05608377e+01
  2.05608377e+01 2.05608377e+01 2.05608377e+01 2.05608377e+01
  2.05608377e+01 2.05608377e+01 2.05608377e+01 2.05608377e+01]
 [           nan            nan            nan            nan
             nan            nan            nan            nan
  1.99405821e+01 1.99405564e+01 1.99407914e+01 1.99264194e+01
  1.99402822e+01 1.99266396e+01 1.99266792e+01 1.99283082e+01]
 [           nan            nan            nan            nan
             nan            nan            nan            nan
             nan 2.03092961e-01 2.03092961e-01 2.03092961e-01
  2.03092961e-01 2.03092961e-01 2.03092961e-01 2.03092961e-01]
 [           nan            nan            nan            nan
             nan            nan            nan            nan
             nan            nan 2.66502124e-01 2.66502124e-01
  2.66502124e-01 2.66502124e-01 2.66502124e-01 2.66502124e-01]
 [           nan            nan            nan            nan
             nan            nan            nan            nan
             nan            nan            nan 1.16114317e+00
  1.16114317e+00 1.16114317e+00 1.16114317e+00 1.16114317e+00]
 [           nan            nan            nan            nan
             nan            nan            nan            nan
             nan            nan            nan            nan
  1.85860886e-04 1.85860886e-04 1.85860886e-04 1.85860886e-04]
 [           nan            nan            nan            nan
             nan            nan            nan            nan
             nan            nan            nan            nan
             nan 2.34460140e+01 2.34461240e+01 2.34460466e+01]
 [           nan            nan            nan            nan
             nan            nan            nan            nan
             nan            nan            nan            nan
             nan            nan 2.07651034e-02 2.07651034e-02]
 [           nan            nan            nan            nan
             nan            nan            nan            nan
             nan            nan            nan            nan
             nan            nan            nan 7.14454713e-02]
 [           nan            nan            nan            nan
             nan            nan            nan            nan
             nan            nan            nan            nan
             nan            nan            nan            nan]]
