S1:[ 9.69330221e-03 -3.50906750e-04 -4.76076848e-06  5.07311657e-03
  2.03051210e-01  1.66255249e-01  2.66441407e-02  2.85150094e-01
  8.07094004e-04  1.78102661e-02  3.42283833e-03  2.72259216e-04
  1.06713492e-01 -4.55639020e-06  1.02477698e-02  7.65086388e-04]
S1_conf:[2.82783702e-02 2.69189307e-04 8.48873967e-06 1.12180550e-02
 8.11496011e-02 8.13636774e-02 2.90837775e-02 1.23074014e-01
 2.49752852e-03 2.77485506e-02 3.35328862e-03 2.00571905e-03
 6.31673082e-02 6.56396200e-05 3.27556680e-02 3.56757653e-03]
ST:[4.58956299e-02 1.15944409e-05 5.26978273e-09 6.32439972e-03
 3.34335209e-01 2.02803895e-01 4.01421999e-02 3.36803809e-01
 4.25223489e-04 4.09292494e-02 1.43188453e-03 2.09753534e-04
 1.50208686e-01 2.53443119e-07 3.45925373e-02 5.87494450e-04]
ST_conf:[2.24138985e-02 7.77055349e-06 4.71443922e-09 2.18659403e-03
 1.00407318e-01 3.77039580e-02 1.32339397e-02 7.56543608e-02
 2.20742426e-04 1.32446567e-02 9.98772547e-04 8.78064181e-05
 3.84886564e-02 1.78501648e-07 1.31588726e-02 5.81905346e-04]
S2:[[            nan  3.65666115e-02  3.65557957e-02  3.62898877e-02
   2.93780806e-02  2.66094699e-02  3.32244806e-02  3.40903553e-02
   3.55870693e-02  2.25793949e-02  3.81678659e-02  3.65789884e-02
   3.82369658e-02  3.65559231e-02  4.15986776e-02  3.67362721e-02]
 [            nan             nan  4.74899200e-04  4.65165736e-04
   4.53006407e-04  4.63378066e-04  4.73021728e-04  2.23419676e-04
   4.60245644e-04  4.17852172e-04  4.92993010e-04  4.76122113e-04
   2.40169831e-04  4.75080987e-04  4.84778052e-04  4.74483297e-04]
 [            nan             nan             nan  5.69081802e-07
   1.12320925e-06  1.53460256e-06  2.28257484e-06  3.72394444e-07
   1.63409242e-06  3.47200926e-06  1.52316638e-06  1.28568584e-06
   7.49039342e-06  1.37974552e-06  3.13765544e-06  1.49408166e-06]
 [            nan             nan             nan             nan
  -7.12743388e-03 -5.11550073e-03 -6.91845197e-03  3.26167113e-03
  -5.41928325e-03 -6.47350276e-03 -4.42820814e-03 -5.02489846e-03
  -7.64819785e-03 -5.11760650e-03 -4.73217022e-03 -5.34340118e-03]
 [            nan             nan             nan             nan
              nan  7.19168009e-02  6.00112650e-02  5.15638668e-02
   5.64979904e-02  6.45793910e-02  5.82991882e-02  5.98244521e-02
   1.04858897e-01  5.87024163e-02  6.31563389e-02  5.66326165e-02]
 [            nan             nan             nan             nan
              nan             nan  5.17666530e-03  4.11786784e-03
   1.17737719e-02  1.31209520e-02  1.14726006e-02  1.43651997e-02
   4.99819895e-02  1.34658988e-02  9.48673833e-03  1.34136741e-02]
 [            nan             nan             nan             nan
              nan             nan             nan -4.80017681e-03
  -4.54014958e-03 -5.99268591e-03 -3.33391414e-03 -4.11698984e-03
   9.07429335e-03 -4.34074579e-03 -4.40996764e-03 -4.36552536e-03]
 [            nan             nan             nan             nan
              nan             nan             nan             nan
   6.49764070e-02  7.70469585e-02  6.85794850e-02  6.48190805e-02
   9.21020317e-03  6.52848991e-02  8.79721564e-02  6.75985512e-02]
 [            nan             nan             nan             nan
              nan             nan             nan             nan
              nan -3.29171428e-04  8.14808169e-04  3.48419472e-04
   1.76460745e-03  3.46503430e-04  9.38210650e-04  2.83032975e-04]
 [            nan             nan             nan             nan
              nan             nan             nan             nan
              nan             nan  2.72702379e-02  2.61446408e-02
   2.40107921e-02  2.61378177e-02  2.95412000e-02  2.54421809e-02]
 [            nan             nan             nan             nan
              nan             nan             nan             nan
              nan             nan             nan -7.79224421e-03
  -8.12972132e-03 -7.75677641e-03 -7.53799213e-03 -7.82536737e-03]
 [            nan             nan             nan             nan
              nan             nan             nan             nan
              nan             nan             nan             nan
  -7.38566917e-04 -7.52960631e-04 -9.70970878e-04 -7.33209476e-04]
 [            nan             nan             nan             nan
              nan             nan             nan             nan
              nan             nan             nan             nan
              nan  4.06772867e-02  4.52236532e-02  4.19011091e-02]
 [            nan             nan             nan             nan
              nan             nan             nan             nan
              nan             nan             nan             nan
              nan             nan  4.46152304e-05  3.03006340e-05]
 [            nan             nan             nan             nan
              nan             nan             nan             nan
              nan             nan             nan             nan
              nan             nan             nan -4.42951171e-04]
 [            nan             nan             nan             nan
              nan             nan             nan             nan
              nan             nan             nan             nan
              nan             nan             nan             nan]]
S2_conf:[[           nan 5.48688628e-02 5.48646148e-02 5.46529037e-02
  5.02486346e-02 6.19592985e-02 5.36599000e-02 6.97744835e-02
  5.48850804e-02 5.21482685e-02 5.53057626e-02 5.48518993e-02
  5.68781032e-02 5.48616277e-02 5.27631985e-02 5.50979410e-02]
 [           nan            nan 4.38661723e-04 4.28269247e-04
  4.66645457e-04 4.28216597e-04 4.00959050e-04 4.93909750e-04
  4.33464627e-04 4.47556070e-04 4.51538411e-04 4.38385562e-04
  4.30959828e-04 4.38742601e-04 4.19293908e-04 4.40321744e-04]
 [           nan            nan            nan 1.40985622e-05
  1.57213238e-05 1.33606385e-05 1.34485259e-05 1.60436133e-05
  1.40753224e-05 1.40386710e-05 1.41093564e-05 1.41261422e-05
  1.51895391e-05 1.40765347e-05 1.46953682e-05 1.40633176e-05]
 [           nan            nan            nan            nan
  1.87696333e-02 2.01222835e-02 2.11400701e-02 2.46511046e-02
  1.99080304e-02 1.93805108e-02 2.06199888e-02 2.00241177e-02
  2.13834640e-02 2.01007652e-02 2.09498361e-02 2.02568657e-02]
 [           nan            nan            nan            nan
             nan 1.38034743e-01 1.21173877e-01 1.48216228e-01
  1.13969147e-01 1.21998805e-01 1.16548117e-01 1.15271476e-01
  1.36407142e-01 1.14648039e-01 1.13801339e-01 1.14421922e-01]
 [           nan            nan            nan            nan
             nan            nan 1.03942899e-01 1.28268479e-01
  1.03186098e-01 1.12343666e-01 1.03457442e-01 1.04098712e-01
  1.06439104e-01 1.03281247e-01 9.95287159e-02 1.03862986e-01]
 [           nan            nan            nan            nan
             nan            nan            nan 4.43848363e-02
  4.14586674e-02 4.30491220e-02 4.16599637e-02 4.14959646e-02
  4.12650034e-02 4.14695932e-02 4.35069775e-02 4.16464364e-02]
 [           nan            nan            nan            nan
             nan            nan            nan            nan
  1.66060306e-01 1.73812537e-01 1.67209168e-01 1.66151628e-01
  1.69646484e-01 1.66328044e-01 1.81422092e-01 1.67156056e-01]
 [           nan            nan            nan            nan
             nan            nan            nan            nan
             nan 6.54518316e-03 7.09768874e-03 6.55636456e-03
  5.47623699e-03 6.55872484e-03 6.23824533e-03 6.62846792e-03]
 [           nan            nan            nan            nan
             nan            nan            nan            nan
             nan            nan 5.29363576e-02 5.17885643e-02
  5.13066887e-02 5.18425110e-02 5.41103058e-02 5.24643077e-02]
 [           nan            nan            nan            nan
             nan            nan            nan            nan
             nan            nan            nan 6.70020283e-03
  6.39152728e-03 6.70724482e-03 6.75793514e-03 6.71565493e-03]
 [           nan            nan            nan            nan
             nan            nan            nan            nan
             nan            nan            nan            nan
  2.94487053e-03 3.31068821e-03 3.44525045e-03 3.31796247e-03]
 [           nan            nan            nan            nan
             nan            nan            nan            nan
             nan            nan            nan            nan
             nan 7.79658549e-02 8.42657566e-02 7.80722254e-02]
 [           nan            nan            nan            nan
             nan            nan            nan            nan
             nan            nan            nan            nan
             nan            nan 9.61941946e-05 9.15022346e-05]
 [           nan            nan            nan            nan
             nan            nan            nan            nan
             nan            nan            nan            nan
             nan            nan            nan 4.73763758e-02]
 [           nan            nan            nan            nan
             nan            nan            nan            nan
             nan            nan            nan            nan
             nan            nan            nan            nan]]
