S1:[5.85744669e-04 1.88684984e-04 1.08164897e-04 1.09665793e-03
 3.32082528e-02 1.78598772e-01 1.49748412e-02 3.52330767e-02
 3.16457046e-03 9.05736978e-03 1.25017288e-04 9.15040409e-05
 2.38143392e-02 1.70927873e-06 4.43330333e-03 6.15065902e-04]
S1_conf:[1.07346905e-03 2.49504845e-04 1.59409628e-04 1.30086431e-03
 3.40880812e-02 1.94079557e-01 4.39044849e-02 3.42999028e-02
 4.88348752e-03 1.52470573e-02 1.64733974e-03 1.51261640e-04
 4.36642630e-02 3.92154857e-06 1.05178268e-02 1.63628019e-03]
ST:[2.77255976e-04 1.50524949e-05 6.90917323e-06 6.36543081e-03
 3.07999735e-01 6.52946992e-01 5.77213878e-02 5.16551989e-01
 2.19772514e-03 5.31205019e-02 9.96077262e-04 5.47608636e-06
 4.51377474e-01 7.15873896e-09 2.10770629e-02 1.87923684e-03]
ST_conf:[1.45580514e-04 5.06013145e-06 5.64271879e-06 2.71039901e-03
 1.36512368e-01 1.92471640e-01 2.58607198e-02 1.73148378e-01
 1.62924490e-03 2.78845898e-02 5.54255320e-04 5.27459271e-06
 1.58537017e-01 5.15486710e-09 1.19615277e-02 8.61010213e-04]
S2:[[            nan -7.24273663e-04 -7.23385033e-04 -7.34735621e-04
  -5.78266391e-04 -1.08914270e-03 -1.04462736e-03 -4.79748827e-04
  -7.20840495e-04 -7.35713886e-04 -7.13661115e-04 -7.23424928e-04
  -1.17769102e-03 -7.23359046e-04 -7.28989445e-04 -7.20300591e-04]
 [            nan             nan -2.45042377e-04 -2.46285023e-04
  -3.77756094e-04 -5.15152707e-04 -2.83280432e-04 -2.71366031e-04
  -2.51413382e-04 -2.68908600e-04 -2.45232963e-04 -2.44987398e-04
  -1.91014437e-04 -2.44781526e-04 -2.54524892e-04 -2.46416831e-04]
 [            nan             nan             nan -1.09108390e-04
  -1.51642277e-04 -8.16218413e-05 -1.11293317e-04 -1.33694621e-04
  -1.09796845e-04 -1.13873829e-04 -1.07816405e-04 -1.07794215e-04
  -1.13043552e-04 -1.07733646e-04 -1.07037994e-04 -1.08066891e-04]
 [            nan             nan             nan             nan
   2.02419062e-03 -3.30992922e-03 -2.08883659e-03 -2.16599551e-03
  -8.70697316e-04 -7.41538753e-04 -8.04229191e-04 -8.68376013e-04
   1.66336742e-03 -8.67967372e-04 -8.22416197e-04 -8.55718852e-04]
 [            nan             nan             nan             nan
              nan  1.01740297e-01 -2.37208682e-02  3.72562640e-03
  -3.76425603e-02 -4.04844075e-02 -3.69354432e-02 -3.66099228e-02
  -1.37181614e-02 -3.65818825e-02 -3.72125166e-02 -3.63795108e-02]
 [            nan             nan             nan             nan
              nan             nan -1.83233118e-01 -1.28497234e-01
  -1.64001272e-01 -1.66205652e-01 -1.63703934e-01 -1.64069313e-01
  -1.51067618e-01 -1.64025554e-01 -1.65720592e-01 -1.64067258e-01]
 [            nan             nan             nan             nan
              nan             nan             nan -1.95030288e-03
  -6.24158499e-03 -3.76343640e-03 -6.84384953e-03 -7.17259477e-03
  -1.29500269e-02 -7.20221926e-03 -5.51229177e-03 -6.87351717e-03]
 [            nan             nan             nan             nan
              nan             nan             nan             nan
   1.40939874e-02  2.39524445e-02  1.66716435e-02  1.75746648e-02
   7.58682479e-02  1.75387864e-02  2.94393825e-02  2.08155993e-02]
 [            nan             nan             nan             nan
              nan             nan             nan             nan
              nan -5.13977566e-03 -4.44446401e-03 -4.39408471e-03
  -2.20484059e-03 -4.38704533e-03 -4.85339517e-03 -4.46460275e-03]
 [            nan             nan             nan             nan
              nan             nan             nan             nan
              nan             nan -1.30727985e-02 -1.29228309e-02
  -4.50202311e-03 -1.29051101e-02 -1.40540140e-02 -1.30952064e-02]
 [            nan             nan             nan             nan
              nan             nan             nan             nan
              nan             nan             nan  1.22272707e-05
  -4.51636496e-04  1.06879610e-05  8.01001857e-05  3.38081939e-05]
 [            nan             nan             nan             nan
              nan             nan             nan             nan
              nan             nan             nan             nan
  -7.82969473e-05 -1.17732893e-04 -1.17807008e-04 -1.18144618e-04]
 [            nan             nan             nan             nan
              nan             nan             nan             nan
              nan             nan             nan             nan
              nan  7.16765649e-02  8.40910629e-02  7.29497763e-02]
 [            nan             nan             nan             nan
              nan             nan             nan             nan
              nan             nan             nan             nan
              nan             nan -3.03724181e-07 -5.29209163e-07]
 [            nan             nan             nan             nan
              nan             nan             nan             nan
              nan             nan             nan             nan
              nan             nan             nan -2.86383837e-03]
 [            nan             nan             nan             nan
              nan             nan             nan             nan
              nan             nan             nan             nan
              nan             nan             nan             nan]]
S2_conf:[[           nan 1.13684943e-03 1.13675486e-03 1.13644682e-03
  1.24269759e-03 3.49044211e-03 1.29906031e-03 1.28489992e-03
  1.14345678e-03 1.15946705e-03 1.13952718e-03 1.13673815e-03
  1.13442489e-03 1.13652455e-03 1.15084232e-03 1.13894893e-03]
 [           nan            nan 3.09307380e-04 3.10638966e-04
  3.60042258e-04 6.11297072e-04 3.15309457e-04 3.84659907e-04
  3.20112192e-04 3.45418832e-04 3.11234640e-04 3.09291589e-04
  2.82024133e-04 3.08952783e-04 3.30918892e-04 3.12420782e-04]
 [           nan            nan            nan 1.82311569e-04
  2.06080001e-04 2.79964132e-04 1.66873409e-04 2.11564429e-04
  1.83986588e-04 1.90012661e-04 1.81901521e-04 1.81200749e-04
  1.72068681e-04 1.81112574e-04 1.82901360e-04 1.81816924e-04]
 [           nan            nan            nan            nan
  6.37239484e-03 1.53774780e-02 3.40296688e-03 3.06552271e-03
  2.18891283e-03 2.40045863e-03 2.20433775e-03 2.18057732e-03
  5.60186611e-03 2.18034163e-03 2.02043227e-03 2.17152781e-03]
 [           nan            nan            nan            nan
             nan 1.24240223e-01 4.57798748e-02 7.70529645e-02
  3.95276248e-02 4.08595990e-02 3.90751318e-02 3.90760477e-02
  4.46259957e-02 3.90619125e-02 3.92845219e-02 3.91688032e-02]
 [           nan            nan            nan            nan
             nan            nan 2.37645703e-01 2.14958559e-01
  1.96552499e-01 1.96558384e-01 1.95563559e-01 1.96665638e-01
  2.22298768e-01 1.96669252e-01 1.96516682e-01 1.96659843e-01]
 [           nan            nan            nan            nan
             nan            nan            nan 5.25496745e-02
  4.76137527e-02 4.93132106e-02 4.69473714e-02 4.70094040e-02
  4.72217031e-02 4.69906489e-02 4.83866882e-02 4.71513668e-02]
 [           nan            nan            nan            nan
             nan            nan            nan            nan
  7.13657185e-02 8.52488438e-02 6.91987151e-02 6.92397799e-02
  8.76825346e-02 6.90727726e-02 8.41972481e-02 7.20044604e-02]
 [           nan            nan            nan            nan
             nan            nan            nan            nan
             nan 8.14010573e-03 6.93967220e-03 6.86714425e-03
  5.03560855e-03 6.85516336e-03 7.69948116e-03 6.98481035e-03]
 [           nan            nan            nan            nan
             nan            nan            nan            nan
             nan            nan 2.06050269e-02 2.04236399e-02
  1.92944909e-02 2.03936650e-02 2.25236522e-02 2.07161560e-02]
 [           nan            nan            nan            nan
             nan            nan            nan            nan
             nan            nan            nan 1.45333888e-03
  1.36111003e-03 1.45413073e-03 1.37819463e-03 1.45368586e-03]
 [           nan            nan            nan            nan
             nan            nan            nan            nan
             nan            nan            nan            nan
  1.79626216e-04 1.53478809e-04 1.54700906e-04 1.53575547e-04]
 [           nan            nan            nan            nan
             nan            nan            nan            nan
             nan            nan            nan            nan
             nan 9.02318519e-02 1.00298587e-01 9.09166375e-02]
 [           nan            nan            nan            nan
             nan            nan            nan            nan
             nan            nan            nan            nan
             nan            nan 2.71181582e-06 3.03801650e-06]
 [           nan            nan            nan            nan
             nan            nan            nan            nan
             nan            nan            nan            nan
             nan            nan            nan 1.47037424e-02]
 [           nan            nan            nan            nan
             nan            nan            nan            nan
             nan            nan            nan            nan
             nan            nan            nan            nan]]
