S1:[-1.19257010e-04  4.51495110e-05 -7.98544295e-05 -1.93243985e-04
 -5.31943385e-03  4.59458271e-02 -2.01708938e-04  2.07498935e-02
  1.26250452e-03  1.35082703e-03 -1.07274994e-03 -3.08953638e-05
  7.19238896e-03 -1.01901501e-06 -1.70159407e-03 -1.02100650e-03]
S1_conf:[9.51891261e-04 5.48512701e-04 1.00976522e-04 3.89288107e-03
 6.53876953e-02 1.57664403e-01 7.65838509e-03 4.02207560e-02
 1.52290793e-03 8.84937896e-03 1.50235871e-03 8.44978485e-05
 6.17930126e-02 2.91463300e-06 4.52595214e-03 1.16604386e-03]
ST:[5.96786163e-04 5.19086703e-04 2.30046923e-05 8.66170590e-03
 3.34944242e-01 7.43038943e-01 4.56960881e-02 5.53514064e-01
 7.06134068e-03 9.63244139e-02 6.29899629e-03 7.31750125e-06
 6.61149592e-01 4.62024573e-09 2.84495140e-02 3.21801566e-03]
ST_conf:[9.47741876e-04 4.39530457e-04 2.91301402e-05 5.40478124e-03
 1.23779468e+00 1.23889191e+00 1.06611496e-01 3.51888834e-01
 5.73882295e-03 8.04386635e-02 9.70837943e-03 1.75116319e-05
 6.43757330e-01 1.24103463e-08 3.65433286e-02 2.32896937e-03]
S2:[[            nan  2.04107049e-04  2.04107049e-04  2.04107049e-04
   2.04107049e-04  1.13566294e-03  2.04107049e-04  5.08586255e-04
   2.04107049e-04  2.04107049e-04  2.04107049e-04  2.04107049e-04
   2.04107049e-04  2.04107049e-04  2.04107049e-04  2.04107049e-04]
 [            nan             nan -1.44763610e-04 -1.44763610e-04
  -1.44763610e-04  1.92574563e-04 -1.44763610e-04 -2.27825651e-04
  -1.44763610e-04 -1.44763610e-04 -1.44763610e-04 -1.44763610e-04
  -1.44763610e-04 -1.44763610e-04 -1.44763610e-04 -1.44763610e-04]
 [            nan             nan             nan  6.30709865e-05
   6.30709865e-05 -7.35224485e-05  6.30709865e-05  5.81267638e-05
   6.30709865e-05  6.30709865e-05  6.30709865e-05  6.30709865e-05
   6.30709865e-05  6.30709865e-05  6.30709865e-05  6.30709865e-05]
 [            nan             nan             nan             nan
   2.05859787e-04 -3.90930258e-04  2.05859787e-04  8.19353217e-04
   2.05859787e-04  2.05859787e-04  2.05859787e-04  2.05859787e-04
   2.05859787e-04  2.05859787e-04  2.05859787e-04  2.05859787e-04]
 [            nan             nan             nan             nan
              nan  2.74591447e-01 -2.58507967e-03  1.61697729e-02
  -2.58507967e-03 -2.58507967e-03 -2.58507967e-03 -2.58507967e-03
   5.56550092e-03 -2.58507967e-03 -2.58507967e-03 -2.58507967e-03]
 [            nan             nan             nan             nan
              nan             nan -1.56166540e-02  2.32724323e-03
  -1.72890654e-02 -2.34564087e-02 -1.59673861e-02 -1.67192159e-02
  -1.94137713e-02 -1.67446335e-02 -1.53895461e-02 -1.38466390e-02]
 [            nan             nan             nan             nan
              nan             nan             nan  5.25465015e-03
   4.61498746e-04  4.61498746e-04  4.61498746e-04  4.61498746e-04
   4.61498746e-04  4.61498746e-04  4.61498746e-04  4.61498746e-04]
 [            nan             nan             nan             nan
              nan             nan             nan             nan
   6.03934868e-02  2.78237116e-02  5.84288854e-02  5.81428068e-02
  -1.61099895e-02  5.84676206e-02  5.44414960e-02  6.17541110e-02]
 [            nan             nan             nan             nan
              nan             nan             nan             nan
              nan -1.68507234e-03 -1.68507234e-03 -1.68507234e-03
  -1.68507234e-03 -1.68507234e-03 -1.68507234e-03 -1.68507234e-03]
 [            nan             nan             nan             nan
              nan             nan             nan             nan
              nan             nan -1.08094882e-04 -1.08094882e-04
  -1.08094882e-04 -1.08094882e-04 -1.08094882e-04 -1.08094882e-04]
 [            nan             nan             nan             nan
              nan             nan             nan             nan
              nan             nan             nan  1.16694717e-03
   1.16694717e-03  1.16694717e-03  1.16694717e-03  1.16694717e-03]
 [            nan             nan             nan             nan
              nan             nan             nan             nan
              nan             nan             nan             nan
   2.47490589e-05  2.47490589e-05  2.47490589e-05  2.47490589e-05]
 [            nan             nan             nan             nan
              nan             nan             nan             nan
              nan             nan             nan             nan
              nan  1.05016983e-01  1.10829690e-01  1.09902429e-01]
 [            nan             nan             nan             nan
              nan             nan             nan             nan
              nan             nan             nan             nan
              nan             nan  1.10788433e-06  1.10788433e-06]
 [            nan             nan             nan             nan
              nan             nan             nan             nan
              nan             nan             nan             nan
              nan             nan             nan -8.46806946e-04]
 [            nan             nan             nan             nan
              nan             nan             nan             nan
              nan             nan             nan             nan
              nan             nan             nan             nan]]
S2_conf:[[           nan 1.05960569e-03 1.05960569e-03 1.05960569e-03
  1.05960569e-03 9.93349248e-03 1.05960569e-03 1.58365730e-03
  1.05960569e-03 1.05960569e-03 1.05960569e-03 1.05960569e-03
  1.05960569e-03 1.05960569e-03 1.05960569e-03 1.05960569e-03]
 [           nan            nan 6.13621225e-04 6.13621225e-04
  6.13621225e-04 2.31714443e-03 6.13621225e-04 6.54253631e-04
  6.13621225e-04 6.13621225e-04 6.13621225e-04 6.13621225e-04
  6.13621225e-04 6.13621225e-04 6.13621225e-04 6.13621225e-04]
 [           nan            nan            nan 1.88227277e-04
  1.88227277e-04 6.64070494e-04 1.88227277e-04 1.89340596e-04
  1.88227277e-04 1.88227277e-04 1.88227277e-04 1.88227277e-04
  1.88227277e-04 1.88227277e-04 1.88227277e-04 1.88227277e-04]
 [           nan            nan            nan            nan
  3.70314830e-03 5.73964731e-03 3.70314830e-03 4.97101518e-03
  3.70314830e-03 3.70314830e-03 3.70314830e-03 3.70314830e-03
  3.70314830e-03 3.70314830e-03 3.70314830e-03 3.70314830e-03]
 [           nan            nan            nan            nan
             nan 1.42193838e+00 3.00292338e-02 2.75419192e-01
  3.00292338e-02 3.00292338e-02 3.00292338e-02 3.00292338e-02
  1.70157694e-01 3.00292338e-02 3.00292338e-02 3.00292338e-02]
 [           nan            nan            nan            nan
             nan            nan 2.33526467e-01 2.59154056e-01
  2.31644912e-01 2.25504736e-01 2.33132094e-01 2.32278932e-01
  2.27683762e-01 2.32250419e-01 2.33800584e-01 2.35639149e-01]
 [           nan            nan            nan            nan
             nan            nan            nan 1.74266973e-02
  9.71945162e-03 9.71945162e-03 9.71945162e-03 9.71945162e-03
  9.71945162e-03 9.71945162e-03 9.71945162e-03 9.71945162e-03]
 [           nan            nan            nan            nan
             nan            nan            nan            nan
  2.90323920e-01 1.69602278e-01 2.82984525e-01 2.81916156e-01
  5.17874165e-02 2.83129190e-01 2.68102675e-01 2.95409443e-01]
 [           nan            nan            nan            nan
             nan            nan            nan            nan
             nan 2.94740118e-03 2.94740118e-03 2.94740118e-03
  2.94740118e-03 2.94740118e-03 2.94740118e-03 2.94740118e-03]
 [           nan            nan            nan            nan
             nan            nan            nan            nan
             nan            nan 1.06775849e-02 1.06775849e-02
  1.06775849e-02 1.06775849e-02 1.06775849e-02 1.06775849e-02]
 [           nan            nan            nan            nan
             nan            nan            nan            nan
             nan            nan            nan 1.63684702e-03
  1.63684702e-03 1.63684702e-03 1.63684702e-03 1.63684702e-03]
 [           nan            nan            nan            nan
             nan            nan            nan            nan
             nan            nan            nan            nan
  8.53078137e-05 8.53078137e-05 8.53078137e-05 8.53078137e-05]
 [           nan            nan            nan            nan
             nan            nan            nan            nan
             nan            nan            nan            nan
             nan 1.56807163e-01 1.66423638e-01 1.63452700e-01]
 [           nan            nan            nan            nan
             nan            nan            nan            nan
             nan            nan            nan            nan
             nan            nan 3.42076957e-06 3.42076957e-06]
 [           nan            nan            nan            nan
             nan            nan            nan            nan
             nan            nan            nan            nan
             nan            nan            nan 1.24246916e-02]
 [           nan            nan            nan            nan
             nan            nan            nan            nan
             nan            nan            nan            nan
             nan            nan            nan            nan]]
