S1:[ 4.32840495e-05 -4.52776589e-05 -2.06978226e-05 -2.24591517e-03
 -1.18186219e-03  4.62787367e-02 -1.67030191e-03 -2.00640044e-02
  6.69017775e-04 -8.43143042e-03  4.94298885e-04 -8.67367719e-06
  1.38333810e-02 -3.05006585e-06  3.78327007e-03  2.72541539e-04]
S1_conf:[3.30204218e-04 1.68596007e-04 5.83425166e-05 4.91560163e-03
 1.90057125e-02 6.39145571e-02 4.25120947e-03 4.51444406e-02
 1.31403729e-03 1.40464419e-02 2.17730391e-03 4.34634189e-05
 2.24981702e-02 4.86387708e-06 9.44777914e-03 1.32447015e-03]
ST:[2.00777188e-04 1.70525546e-05 7.27775603e-06 9.94751479e-03
 3.72497650e-01 4.92571672e-01 3.76103612e-02 4.40704753e-01
 3.07432774e-03 6.11437083e-02 1.73560669e-03 1.79691571e-06
 6.12364843e-01 3.01002212e-09 2.64659254e-02 2.65490787e-03]
ST_conf:[1.51674733e-04 1.57258011e-05 7.50253311e-06 1.16353696e-02
 2.30009287e-01 2.77703713e-01 3.00187619e-02 2.66004410e-01
 3.48303975e-03 5.64668766e-02 2.31711685e-03 1.74031474e-06
 3.58820078e-01 2.70210941e-09 2.76187509e-02 2.51405879e-03]
S2:[[            nan -4.69490281e-04 -4.69357070e-04 -4.73283395e-04
  -4.56842566e-04  8.15162238e-05 -4.68403883e-04 -5.15938402e-04
  -4.69954299e-04 -4.80576888e-04 -4.67689854e-04 -4.69394875e-04
  -4.42283649e-04 -4.69369878e-04 -4.61427283e-04 -4.68852834e-04]
 [            nan             nan  1.48368570e-04  1.40839733e-04
   1.26981705e-04 -1.51364127e-04  1.50196331e-04  6.95096710e-05
   1.47223367e-04  1.26854256e-04  1.51565503e-04  1.48296078e-04
   1.78370131e-04  1.48344010e-04  1.63574156e-04  1.49335456e-04]
 [            nan             nan             nan -2.32485634e-05
  -9.09530459e-06  5.39648977e-05 -2.55358613e-05  7.56284222e-07
  -2.48090956e-05 -1.98296982e-05 -2.58705666e-05 -2.50713285e-05
  -2.72252892e-05 -2.50830460e-05 -2.88061811e-05 -2.53254130e-05]
 [            nan             nan             nan             nan
   4.44390069e-03  8.32298654e-03  4.94668719e-03  1.06540394e-03
   4.82100466e-03  3.95989734e-03  5.00456914e-03  4.86635367e-03
   6.36882705e-03  4.86838002e-03  5.51223682e-03  4.91029353e-03]
 [            nan             nan             nan             nan
              nan  4.34503613e-02  1.87148876e-02  3.85331214e-02
   1.69590777e-02  1.63327518e-02  1.69116882e-02  1.66339852e-02
   1.44234894e-02  1.66403124e-02  1.65459500e-02  1.67886419e-02]
 [            nan             nan             nan             nan
              nan             nan -3.43232201e-02  1.51138471e-01
  -2.27865567e-02 -1.66560335e-02 -2.46049445e-02 -2.45022185e-02
   1.28211413e-01 -2.45224625e-02 -4.08409555e-02 -2.88994886e-02]
 [            nan             nan             nan             nan
              nan             nan             nan  1.00208202e-02
   2.40796596e-03  2.56793189e-03  2.37386561e-03  2.39954158e-03
   9.46299850e-04  2.39916515e-03  2.27955736e-03  2.39137898e-03]
 [            nan             nan             nan             nan
              nan             nan             nan             nan
   6.30886641e-02  5.24131630e-02  6.53643883e-02  6.36508743e-02
   1.14417479e-01  6.36759958e-02  7.16581530e-02  6.41956149e-02]
 [            nan             nan             nan             nan
              nan             nan             nan             nan
              nan  4.57760681e-04  6.67050284e-04  6.39360188e-04
   1.04333083e-03  6.39766148e-04  7.68756453e-04  6.48163103e-04]
 [            nan             nan             nan             nan
              nan             nan             nan             nan
              nan             nan  1.65710633e-02  1.61397935e-02
   1.97100897e-02  1.61461163e-02  1.81551244e-02  1.62768978e-02]
 [            nan             nan             nan             nan
              nan             nan             nan             nan
              nan             nan             nan -1.23405103e-03
  -1.15154267e-03 -1.23418959e-03 -1.27821765e-03 -1.23705571e-03]
 [            nan             nan             nan             nan
              nan             nan             nan             nan
              nan             nan             nan             nan
   7.25537157e-05  5.08789678e-05  6.09612880e-05  5.15353024e-05]
 [            nan             nan             nan             nan
              nan             nan             nan             nan
              nan             nan             nan             nan
              nan  1.38328683e-02  8.05992051e-03  1.13172677e-02]
 [            nan             nan             nan             nan
              nan             nan             nan             nan
              nan             nan             nan             nan
              nan             nan  5.50411781e-06  5.15739429e-06]
 [            nan             nan             nan             nan
              nan             nan             nan             nan
              nan             nan             nan             nan
              nan             nan             nan -1.04260314e-02]
 [            nan             nan             nan             nan
              nan             nan             nan             nan
              nan             nan             nan             nan
              nan             nan             nan             nan]]
S2_conf:[[           nan 5.76569357e-04 5.76622369e-04 5.75112606e-04
  5.81991193e-04 1.02312152e-03 5.77005343e-04 5.65007623e-04
  5.76385680e-04 5.72599852e-04 5.77296423e-04 5.76607311e-04
  5.87810814e-04 5.76617266e-04 5.80002490e-04 5.76824164e-04]
 [           nan            nan 3.23207041e-04 3.09251016e-04
  2.94031956e-04 7.10087368e-04 3.26615900e-04 1.95502521e-04
  3.21075169e-04 2.83747650e-04 3.29174465e-04 3.23072000e-04
  3.84994579e-04 3.23161289e-04 3.51783502e-04 3.25009365e-04]
 [           nan            nan            nan 8.94104361e-05
  9.54780849e-05 2.65564934e-04 9.15978557e-05 8.17396667e-05
  9.08821413e-05 8.65154615e-05 9.19337710e-05 9.11382080e-05
  1.02231635e-04 9.11497076e-05 9.50428990e-05 9.13886695e-05]
 [           nan            nan            nan            nan
  9.55451562e-03 1.45835811e-02 1.10601101e-02 4.92932836e-03
  1.08078330e-02 9.08876220e-03 1.11763894e-02 1.08988265e-02
  1.36808285e-02 1.09028933e-02 1.21985312e-02 1.09870290e-02]
 [           nan            nan            nan            nan
             nan 5.50290492e-02 3.42251434e-02 5.82708805e-02
  3.27143902e-02 3.07019999e-02 3.31027645e-02 3.26161398e-02
  3.86213933e-02 3.26245535e-02 3.42989517e-02 3.28066373e-02]
 [           nan            nan            nan            nan
             nan            nan 9.76457218e-02 2.43204211e-01
  1.11538908e-01 1.06767242e-01 1.10621514e-01 1.09387270e-01
  2.83500568e-01 1.09387055e-01 9.97935921e-02 1.04979524e-01]
 [           nan            nan            nan            nan
             nan            nan            nan 1.41736652e-02
  6.40557181e-03 6.27737785e-03 6.43474437e-03 6.41271980e-03
  7.17282070e-03 6.41304011e-03 6.51867428e-03 6.41968270e-03]
 [           nan            nan            nan            nan
             nan            nan            nan            nan
  1.21700110e-01 1.00091993e-01 1.26321882e-01 1.22841491e-01
  1.67829026e-01 1.22892498e-01 1.39124317e-01 1.23947668e-01]
 [           nan            nan            nan            nan
             nan            nan            nan            nan
             nan 2.11159989e-03 2.44792318e-03 2.40170176e-03
  2.86961929e-03 2.40237608e-03 2.62132134e-03 2.41634628e-03]
 [           nan            nan            nan            nan
             nan            nan            nan            nan
             nan            nan 3.31878430e-02 3.23301284e-02
  4.10106546e-02 3.23426918e-02 3.63502989e-02 3.26026333e-02]
 [           nan            nan            nan            nan
             nan            nan            nan            nan
             nan            nan            nan 2.73408384e-03
  2.92776866e-03 2.73433119e-03 2.81328424e-03 2.73944901e-03]
 [           nan            nan            nan            nan
             nan            nan            nan            nan
             nan            nan            nan            nan
  1.78564837e-04 1.35273684e-04 1.55454407e-04 1.36582338e-04]
 [           nan            nan            nan            nan
             nan            nan            nan            nan
             nan            nan            nan            nan
             nan 6.86570754e-02 7.38907493e-02 6.72251007e-02]
 [           nan            nan            nan            nan
             nan            nan            nan            nan
             nan            nan            nan            nan
             nan            nan 9.48045940e-06 8.83301273e-06]
 [           nan            nan            nan            nan
             nan            nan            nan            nan
             nan            nan            nan            nan
             nan            nan            nan 1.90879014e-02]
 [           nan            nan            nan            nan
             nan            nan            nan            nan
             nan            nan            nan            nan
             nan            nan            nan            nan]]
