S1:[-2.49912531e-03  3.67023355e-04  1.79150872e-04  3.15853396e-04
  4.94353600e-02  1.73821784e-01  8.76781786e-03  4.61314187e-02
  1.00835651e-03  5.76029601e-03 -2.51465658e-05  1.34540671e-04
  5.18706101e-02  4.31283746e-06  1.81642823e-03 -2.54702741e-04]
S1_conf:[6.70870390e-03 7.19672033e-04 3.71321269e-04 2.47748818e-03
 3.73275103e-02 1.18425304e-01 2.79998793e-02 3.67386949e-02
 1.02236193e-03 1.09021086e-02 8.48946815e-04 2.73186402e-04
 5.28887204e-02 9.36207303e-06 8.63540352e-03 9.36047373e-04]
ST:[6.25786134e-03 1.16793678e-04 9.49851878e-05 5.06871531e-03
 3.19190793e-01 5.91319300e-01 5.36101446e-02 5.01605642e-01
 1.02714136e-03 3.41052666e-02 4.67369517e-04 1.11215097e-05
 4.29379246e-01 1.82901586e-08 1.85418325e-02 1.08005917e-03]
ST_conf:[2.78948208e-03 5.96534126e-05 9.32031198e-05 2.08873762e-03
 8.61267936e-02 1.72953824e-01 2.17073604e-02 1.24254150e-01
 6.41945460e-04 1.50033908e-02 4.28819184e-04 6.66033519e-06
 1.20152451e-01 1.18629394e-08 1.23255236e-02 4.75243230e-04]
S2:[[            nan  3.29412093e-03  3.27512578e-03  3.36762013e-03
   1.88401103e-03  3.19966769e-03  4.33302632e-03  1.61310013e-03
   3.24076024e-03  3.27959082e-03  3.25189135e-03  3.26340983e-03
   6.60626797e-03  3.26566075e-03  3.35940018e-03  3.22297689e-03]
 [            nan             nan -4.90264392e-04 -4.94074430e-04
  -9.88401234e-04 -9.51223521e-04 -6.40958967e-04 -5.17265035e-04
  -5.00605604e-04 -5.56801135e-04 -4.93242909e-04 -4.91454703e-04
   1.85034420e-05 -4.90776172e-04 -4.94962670e-04 -4.88998413e-04]
 [            nan             nan             nan -1.39546737e-04
  -2.12675079e-04  1.44040738e-04 -6.74953739e-05 -3.32538833e-04
  -1.32080162e-04 -1.53332751e-04 -1.30535567e-04 -1.35623010e-04
  -7.33843166e-05 -1.35329188e-04 -1.13423281e-04 -1.39951526e-04]
 [            nan             nan             nan             nan
   5.08750453e-03  3.41442555e-03  1.04698065e-03 -1.04251255e-05
   1.96694617e-03  2.26372645e-03  1.97098878e-03  1.91504888e-03
   4.68663268e-03  1.91121958e-03  2.06181372e-03  2.01896408e-03]
 [            nan             nan             nan             nan
              nan  5.34409323e-02 -4.24843426e-02  5.34044627e-04
  -4.97235878e-02 -5.33298258e-02 -4.94216096e-02 -4.93681197e-02
  -2.30983117e-02 -4.93256793e-02 -4.95527755e-02 -4.88357760e-02]
 [            nan             nan             nan             nan
              nan             nan -1.56793832e-01 -1.05617275e-01
  -1.46862744e-01 -1.46698347e-01 -1.46859078e-01 -1.47103426e-01
  -1.07872288e-01 -1.47081723e-01 -1.46509782e-01 -1.46185946e-01]
 [            nan             nan             nan             nan
              nan             nan             nan  8.40569513e-04
   3.53681877e-03  5.88417444e-03  3.59983241e-03  3.47833093e-03
  -7.50385142e-03  3.42253185e-03  4.23086814e-03  3.57782748e-03]
 [            nan             nan             nan             nan
              nan             nan             nan             nan
   2.88748546e-02  3.66743803e-02  2.86049589e-02  2.92976625e-02
   8.85958505e-02  2.92870289e-02  4.78182975e-02  3.16960914e-02]
 [            nan             nan             nan             nan
              nan             nan             nan             nan
              nan -2.39236168e-03 -2.11502968e-03 -2.10386201e-03
   7.96179863e-05 -2.09416140e-03 -2.38151059e-03 -2.07441968e-03]
 [            nan             nan             nan             nan
              nan             nan             nan             nan
              nan             nan -1.02451053e-02 -1.01923216e-02
  -2.20970468e-03 -1.01674836e-02 -1.09098919e-02 -1.00342619e-02]
 [            nan             nan             nan             nan
              nan             nan             nan             nan
              nan             nan             nan  1.48020169e-04
   5.20231687e-04  1.45151610e-04  1.36654669e-04  1.62517077e-04]
 [            nan             nan             nan             nan
              nan             nan             nan             nan
              nan             nan             nan             nan
  -1.04200985e-04 -1.83917538e-04 -1.80745138e-04 -1.88121071e-04]
 [            nan             nan             nan             nan
              nan             nan             nan             nan
              nan             nan             nan             nan
              nan  5.38629111e-02  6.57204880e-02  5.33002529e-02]
 [            nan             nan             nan             nan
              nan             nan             nan             nan
              nan             nan             nan             nan
              nan             nan -6.75281268e-06 -5.92269466e-06]
 [            nan             nan             nan             nan
              nan             nan             nan             nan
              nan             nan             nan             nan
              nan             nan             nan  1.32266320e-03]
 [            nan             nan             nan             nan
              nan             nan             nan             nan
              nan             nan             nan             nan
              nan             nan             nan             nan]]
S2_conf:[[           nan 7.51187259e-03 7.49982173e-03 7.55019282e-03
  7.45198703e-03 1.49559114e-02 8.66902590e-03 7.51253006e-03
  7.48607585e-03 7.47551045e-03 7.45931802e-03 7.48759602e-03
  8.66739962e-03 7.48834777e-03 7.48053244e-03 7.47402002e-03]
 [           nan            nan 9.31722173e-04 9.31418756e-04
  1.07515371e-03 1.66076204e-03 1.00196095e-03 1.04514075e-03
  9.29518747e-04 9.60558858e-04 9.28395817e-04 9.30183643e-04
  1.21924981e-03 9.29610585e-04 9.37588711e-04 9.27561973e-04]
 [           nan            nan            nan 4.83816672e-04
  5.75442665e-04 8.57264407e-04 5.20550436e-04 6.72725489e-04
  4.80051122e-04 4.84163831e-04 4.79246375e-04 4.78208361e-04
  4.82197144e-04 4.77949485e-04 4.55947854e-04 4.73955548e-04]
 [           nan            nan            nan            nan
  8.72261578e-03 1.43059784e-02 5.55785629e-03 4.78134607e-03
  5.38653578e-03 5.62997536e-03 5.40883659e-03 5.38222853e-03
  8.26306245e-03 5.37911507e-03 5.36199449e-03 5.37594755e-03]
 [           nan            nan            nan            nan
             nan 9.31833730e-02 4.76216603e-02 7.65272507e-02
  4.48986221e-02 4.54252659e-02 4.50290852e-02 4.49707751e-02
  5.31904924e-02 4.49627239e-02 4.48258219e-02 4.50383497e-02]
 [           nan            nan            nan            nan
             nan            nan 1.50598032e-01 1.35794808e-01
  1.31726423e-01 1.32326943e-01 1.31627599e-01 1.32030280e-01
  1.48554601e-01 1.32061152e-01 1.32857130e-01 1.31637089e-01]
 [           nan            nan            nan            nan
             nan            nan            nan 4.11898954e-02
  3.48813839e-02 3.64617923e-02 3.48907879e-02 3.48927849e-02
  3.35407628e-02 3.48585064e-02 3.62811124e-02 3.47568244e-02]
 [           nan            nan            nan            nan
             nan            nan            nan            nan
  8.55697941e-02 9.76620006e-02 8.48834533e-02 8.53534480e-02
  9.92849877e-02 8.51965701e-02 1.01578585e-01 8.64754122e-02]
 [           nan            nan            nan            nan
             nan            nan            nan            nan
             nan 3.90164659e-03 3.09745678e-03 3.09304057e-03
  1.78677908e-03 3.07619739e-03 3.61470677e-03 3.06746770e-03]
 [           nan            nan            nan            nan
             nan            nan            nan            nan
             nan            nan 1.67591749e-02 1.67444277e-02
  1.73922127e-02 1.66952365e-02 1.82069838e-02 1.66879122e-02]
 [           nan            nan            nan            nan
             nan            nan            nan            nan
             nan            nan            nan 8.47256943e-04
  1.23745401e-03 8.46239759e-04 8.16337639e-04 8.45063286e-04]
 [           nan            nan            nan            nan
             nan            nan            nan            nan
             nan            nan            nan            nan
  4.08614503e-04 2.96500543e-04 2.99504616e-04 2.97535437e-04]
 [           nan            nan            nan            nan
             nan            nan            nan            nan
             nan            nan            nan            nan
             nan 1.00027625e-01 1.09600121e-01 9.98401919e-02]
 [           nan            nan            nan            nan
             nan            nan            nan            nan
             nan            nan            nan            nan
             nan            nan 1.61381383e-05 1.47127604e-05]
 [           nan            nan            nan            nan
             nan            nan            nan            nan
             nan            nan            nan            nan
             nan            nan            nan 1.34761624e-02]
 [           nan            nan            nan            nan
             nan            nan            nan            nan
             nan            nan            nan            nan
             nan            nan            nan            nan]]
