S1:[-2.87823089e-03 -4.85029863e-04  1.86524523e-06  1.31295606e-02
  2.06518579e-01  1.80273906e-01  2.11921963e-02  2.41156972e-01
 -1.87198305e-04  3.45793832e-02  2.01663809e-03  3.22881534e-04
  1.24075108e-01  6.25615793e-06  3.22886090e-02  3.00433221e-04]
S1_conf:[6.63622908e-03 9.10209258e-04 4.72529265e-06 1.55350553e-02
 8.28906124e-02 8.67192366e-02 2.74731887e-02 1.14640679e-01
 4.12333811e-03 4.09707529e-02 7.72475338e-03 2.13846908e-03
 6.89758104e-02 6.91943552e-05 4.48276892e-02 5.83013590e-03]
ST:[3.38545822e-03 6.53824124e-05 1.72686890e-09 1.20212692e-02
 3.21145143e-01 2.21924350e-01 3.21470528e-02 2.87134762e-01
 1.41433379e-03 8.36209539e-02 2.92108070e-03 2.23348396e-04
 1.58420457e-01 3.22031192e-07 6.51396828e-02 1.37010453e-03]
ST_conf:[1.52292887e-03 3.34689930e-05 1.33312839e-09 3.84062136e-03
 8.58655054e-02 5.41870836e-02 9.11824375e-03 5.72380165e-02
 6.68209241e-04 2.09790327e-02 1.22001268e-03 9.34106413e-05
 4.02010704e-02 2.28647465e-07 1.80105927e-02 1.09880984e-03]
S2:[[            nan  1.15060987e-02  1.15202626e-02  1.16783291e-02
   1.03680798e-02  7.69388542e-03  1.08465988e-02  9.53759509e-03
   1.12287684e-02  6.37640400e-03  1.19974433e-02  1.15221845e-02
   1.27239727e-02  1.15222542e-02  1.26701070e-02  1.15461670e-02]
 [            nan             nan  5.72683128e-04  5.46192226e-04
   5.12996920e-04  9.58637478e-04  4.25463720e-04  7.00050656e-04
   4.92173696e-04  2.76157622e-04  5.84953609e-04  5.79248418e-04
   5.03774874e-04  5.73273725e-04  7.02618486e-04  5.86555146e-04]
 [            nan             nan             nan -5.26669368e-06
  -1.01403214e-05  1.20517931e-06 -3.07009253e-06 -9.91594190e-07
  -3.91744049e-06 -6.21463447e-07 -3.90603701e-06 -3.90942759e-06
  -5.59555231e-07 -3.74598067e-06 -4.25909485e-06 -3.74850223e-06]
 [            nan             nan             nan             nan
  -1.77090287e-02 -1.73888165e-02 -1.74705084e-02 -5.48579694e-03
  -1.79016435e-02 -1.69251160e-02 -1.67903569e-02 -1.71648466e-02
  -2.04949106e-02 -1.72260770e-02 -1.67578374e-02 -1.77109852e-02]
 [            nan             nan             nan             nan
              nan  7.24473227e-02  5.67189972e-02  6.61804393e-02
   5.20140209e-02  6.35787053e-02  5.64117763e-02  5.85341287e-02
   9.47627428e-02  5.75194049e-02  6.28344741e-02  5.38183867e-02]
 [            nan             nan             nan             nan
              nan             nan -2.56656346e-03 -1.64090023e-02
   2.50917631e-03  3.24129269e-03  3.13498494e-03  4.91325491e-03
   3.30805277e-02  3.89826811e-03  9.43205576e-03  4.63489503e-03]
 [            nan             nan             nan             nan
              nan             nan             nan  1.93436476e-03
   6.40774644e-04 -2.19796545e-03  2.24869654e-03  5.03088813e-04
   1.21593358e-02  2.54602572e-04  1.22413624e-04  1.07958544e-03]
 [            nan             nan             nan             nan
              nan             nan             nan             nan
   8.62427702e-02  1.04839010e-01  8.57793819e-02  8.52202510e-02
   3.04061547e-02  8.54242564e-02  1.15347157e-01  8.40445243e-02]
 [            nan             nan             nan             nan
              nan             nan             nan             nan
              nan -9.82028145e-04  4.16366556e-04  2.92205909e-04
   1.84139627e-03  3.02956119e-04 -1.17453947e-04  4.25322362e-04]
 [            nan             nan             nan             nan
              nan             nan             nan             nan
              nan             nan  2.92003397e-02  2.52555591e-02
   2.72179309e-02  2.53783233e-02  3.14036246e-02  2.48014713e-02]
 [            nan             nan             nan             nan
              nan             nan             nan             nan
              nan             nan             nan -1.01314023e-02
  -1.18934414e-02 -1.00913810e-02 -8.79940517e-03 -1.02335390e-02]
 [            nan             nan             nan             nan
              nan             nan             nan             nan
              nan             nan             nan             nan
  -6.55938081e-04 -8.60959848e-04 -1.31952113e-03 -8.61672629e-04]
 [            nan             nan             nan             nan
              nan             nan             nan             nan
              nan             nan             nan             nan
              nan  3.32815336e-02  3.82358908e-02  3.63582975e-02]
 [            nan             nan             nan             nan
              nan             nan             nan             nan
              nan             nan             nan             nan
              nan             nan  7.18979246e-05  4.07913126e-05]
 [            nan             nan             nan             nan
              nan             nan             nan             nan
              nan             nan             nan             nan
              nan             nan             nan -6.42462519e-03]
 [            nan             nan             nan             nan
              nan             nan             nan             nan
              nan             nan             nan             nan
              nan             nan             nan             nan]]
S2_conf:[[           nan 1.33943940e-02 1.33855313e-02 1.34867325e-02
  1.42439357e-02 1.41930444e-02 1.34219694e-02 1.74152659e-02
  1.33870325e-02 1.23113653e-02 1.35840592e-02 1.34079306e-02
  1.39346141e-02 1.33865288e-02 1.33388823e-02 1.34253099e-02]
 [           nan            nan 1.68618925e-03 1.61372273e-03
  1.94871071e-03 1.60429297e-03 1.59458925e-03 1.84394010e-03
  1.67450205e-03 1.74322198e-03 1.73185177e-03 1.68473057e-03
  1.80472893e-03 1.68618493e-03 1.58700862e-03 1.68545108e-03]
 [           nan            nan            nan 9.69899197e-06
  8.94003822e-06 9.38157199e-06 8.49293975e-06 1.11177912e-05
  9.01145009e-06 8.96311712e-06 9.19102404e-06 9.10548287e-06
  9.89876770e-06 8.98550243e-06 9.08840785e-06 8.96127727e-06]
 [           nan            nan            nan            nan
  2.43626921e-02 2.71151887e-02 2.49470232e-02 2.95343227e-02
  2.26689916e-02 2.29581088e-02 2.29778709e-02 2.30235455e-02
  2.48363448e-02 2.31094834e-02 2.46357583e-02 2.30996106e-02]
 [           nan            nan            nan            nan
             nan 1.25974590e-01 1.07873357e-01 1.25611261e-01
  1.03492569e-01 1.19346550e-01 1.06495360e-01 1.05139198e-01
  1.15484904e-01 1.04625088e-01 1.10819122e-01 1.03070556e-01]
 [           nan            nan            nan            nan
             nan            nan 1.04039947e-01 1.40226767e-01
  1.03926465e-01 1.10268011e-01 1.03964188e-01 1.04301971e-01
  1.11349519e-01 1.04090313e-01 1.07417580e-01 1.04195490e-01]
 [           nan            nan            nan            nan
             nan            nan            nan 4.64351746e-02
  4.20615561e-02 4.50627102e-02 4.20710416e-02 4.22390842e-02
  4.49151064e-02 4.20848190e-02 4.41807678e-02 4.18995730e-02]
 [           nan            nan            nan            nan
             nan            nan            nan            nan
  1.48608749e-01 1.56436976e-01 1.48971966e-01 1.49415848e-01
  1.56035082e-01 1.49505914e-01 1.73319926e-01 1.49181601e-01]
 [           nan            nan            nan            nan
             nan            nan            nan            nan
             nan 8.93410476e-03 9.22836675e-03 8.94734856e-03
  8.40169308e-03 8.95230976e-03 8.35152850e-03 8.99150348e-03]
 [           nan            nan            nan            nan
             nan            nan            nan            nan
             nan            nan 7.82478691e-02 7.59580079e-02
  7.82670625e-02 7.61033666e-02 8.19681499e-02 7.68385641e-02]
 [           nan            nan            nan            nan
             nan            nan            nan            nan
             nan            nan            nan 1.42287729e-02
  1.43668044e-02 1.42128596e-02 1.38714716e-02 1.41610356e-02]
 [           nan            nan            nan            nan
             nan            nan            nan            nan
             nan            nan            nan            nan
  3.33416595e-03 3.42839029e-03 3.95914274e-03 3.38979168e-03]
 [           nan            nan            nan            nan
             nan            nan            nan            nan
             nan            nan            nan            nan
             nan 8.71220622e-02 9.62561299e-02 8.73693706e-02]
 [           nan            nan            nan            nan
             nan            nan            nan            nan
             nan            nan            nan            nan
             nan            nan 1.11601205e-04 1.02998442e-04]
 [           nan            nan            nan            nan
             nan            nan            nan            nan
             nan            nan            nan            nan
             nan            nan            nan 7.23344976e-02]
 [           nan            nan            nan            nan
             nan            nan            nan            nan
             nan            nan            nan            nan
             nan            nan            nan            nan]]
