S1:[ 2.89996356e-03 -1.80581022e-04  2.09546344e-05  5.97363301e-03
  1.63655079e-01  1.88944448e-01  2.27167273e-02  2.76244332e-01
 -4.88406194e-04  1.27042861e-02  3.44404908e-03  5.83617369e-04
  1.07955682e-01  2.01945500e-05  3.26365545e-03  1.97353905e-03]
S1_conf:[2.31762761e-02 3.25483957e-04 2.39292517e-05 1.19952846e-02
 8.76216405e-02 9.15501763e-02 2.96763432e-02 1.14066393e-01
 2.59384910e-03 3.36209981e-02 3.34011767e-03 3.00003190e-03
 6.93162291e-02 8.18449375e-05 3.34961913e-02 3.85377492e-03]
ST:[4.60905278e-02 6.78264337e-06 6.43189252e-08 6.88816024e-03
 3.35010957e-01 2.21117655e-01 3.90189015e-02 3.43904427e-01
 3.95708545e-04 4.38780946e-02 1.06076679e-03 3.61893204e-04
 1.79520209e-01 3.99634013e-07 3.27257046e-02 7.20360442e-04]
ST_conf:[2.61058908e-02 4.34496070e-06 4.19174656e-08 2.26039757e-03
 1.10757544e-01 5.31015988e-02 1.56875081e-02 7.44691437e-02
 1.63243944e-04 1.80916227e-02 6.82672623e-04 1.47765487e-04
 6.03987328e-02 2.26793332e-07 1.39168754e-02 3.85497581e-04]
S2:[[            nan  3.83131792e-02  3.83590785e-02  3.87048775e-02
   2.88175584e-02  2.89626469e-02  3.68276183e-02  3.58963311e-02
   3.81303330e-02  2.48593384e-02  3.94699483e-02  3.84314532e-02
   3.97891711e-02  3.83396779e-02  4.42910014e-02  3.89500091e-02]
 [            nan             nan  4.54940939e-04  4.45798813e-04
   4.65638968e-04  2.94343784e-04  4.49313910e-04  1.58994800e-04
   4.48578569e-04  4.27793382e-04  4.71704464e-04  4.54932244e-04
   1.29319339e-04  4.55339362e-04  4.42866407e-04  4.48682359e-04]
 [            nan             nan             nan -2.80566792e-05
  -2.03287548e-06 -2.86866171e-05 -2.55764757e-05 -4.36291921e-05
  -2.66970043e-05 -1.72890050e-05 -2.66171134e-05 -2.60927775e-05
  -3.66587758e-05 -2.63970586e-05 -3.19857309e-05 -2.69074751e-05]
 [            nan             nan             nan             nan
  -8.54769511e-03 -8.59084312e-03 -9.65163028e-03  5.21871118e-03
  -7.83427980e-03 -8.84236881e-03 -7.19793605e-03 -7.54960270e-03
  -1.04121422e-02 -7.69424399e-03 -6.93289968e-03 -8.07689025e-03]
 [            nan             nan             nan             nan
              nan  9.23825173e-02  7.51897381e-02  5.51300906e-02
   7.19960930e-02  8.49052490e-02  7.43516592e-02  7.56957057e-02
   1.26455713e-01  7.41416984e-02  8.19158774e-02  7.37611950e-02]
 [            nan             nan             nan             nan
              nan             nan -1.42958507e-02 -1.43872162e-02
  -6.57471803e-03 -3.40277210e-04 -6.11857007e-03 -3.89795840e-03
   4.02336165e-02 -5.29481279e-03 -3.11400944e-03 -4.69060121e-03]
 [            nan             nan             nan             nan
              nan             nan             nan -5.03359763e-03
  -5.56888774e-03 -6.72594344e-03 -4.54262304e-03 -5.25589184e-03
   1.14677379e-02 -5.39992510e-03 -6.89749398e-03 -5.55011463e-03]
 [            nan             nan             nan             nan
              nan             nan             nan             nan
   7.50987149e-02  8.94814022e-02  7.61018479e-02  7.31125188e-02
   1.18640788e-02  7.39335877e-02  9.91915335e-02  7.24773782e-02]
 [            nan             nan             nan             nan
              nan             nan             nan             nan
              nan  2.57934199e-03  3.14241348e-03  2.87656394e-03
   4.00220267e-03  2.88802663e-03  3.06186111e-03  2.83341164e-03]
 [            nan             nan             nan             nan
              nan             nan             nan             nan
              nan             nan  3.24318365e-02  3.17193875e-02
   2.79617432e-02  3.15787413e-02  3.37781676e-02  3.16539548e-02]
 [            nan             nan             nan             nan
              nan             nan             nan             nan
              nan             nan             nan -7.33211244e-03
  -6.92204280e-03 -7.28564867e-03 -7.41682153e-03 -7.49257222e-03]
 [            nan             nan             nan             nan
              nan             nan             nan             nan
              nan             nan             nan             nan
  -1.57780087e-03 -1.62096991e-03 -1.89623918e-03 -1.56000702e-03]
 [            nan             nan             nan             nan
              nan             nan             nan             nan
              nan             nan             nan             nan
              nan  6.94521398e-02  7.68875050e-02  6.85738324e-02]
 [            nan             nan             nan             nan
              nan             nan             nan             nan
              nan             nan             nan             nan
              nan             nan  1.88191836e-06 -2.07507620e-05]
 [            nan             nan             nan             nan
              nan             nan             nan             nan
              nan             nan             nan             nan
              nan             nan             nan  7.10314500e-03]
 [            nan             nan             nan             nan
              nan             nan             nan             nan
              nan             nan             nan             nan
              nan             nan             nan             nan]]
S2_conf:[[           nan 4.47501841e-02 4.47523765e-02 4.40013729e-02
  4.17601575e-02 5.29301655e-02 4.32647425e-02 6.03448337e-02
  4.47342221e-02 4.00531815e-02 4.50523494e-02 4.46455698e-02
  4.82349515e-02 4.47453332e-02 4.43253079e-02 4.50910837e-02]
 [           nan            nan 5.15952967e-04 5.08312897e-04
  5.60059886e-04 5.35782165e-04 4.90597527e-04 5.73910509e-04
  5.11817448e-04 5.18208689e-04 5.29377482e-04 5.14773104e-04
  5.13240180e-04 5.16058086e-04 4.91950693e-04 5.13168889e-04]
 [           nan            nan            nan 3.62429472e-05
  3.56099086e-05 3.24121410e-05 3.47235524e-05 4.61102581e-05
  3.56820083e-05 3.32036396e-05 3.55153637e-05 3.55061603e-05
  3.24015413e-05 3.53920938e-05 3.55293930e-05 3.57927119e-05]
 [           nan            nan            nan            nan
  2.09569228e-02 2.23062309e-02 2.24978496e-02 2.64423898e-02
  2.14184096e-02 2.12050948e-02 2.19397553e-02 2.14794346e-02
  2.21254281e-02 2.15323509e-02 2.32308174e-02 2.16168986e-02]
 [           nan            nan            nan            nan
             nan 1.39599925e-01 1.28350721e-01 1.48562854e-01
  1.20811514e-01 1.26879775e-01 1.22353530e-01 1.21733841e-01
  1.34974551e-01 1.21056443e-01 1.24801905e-01 1.21525341e-01]
 [           nan            nan            nan            nan
             nan            nan 1.18434764e-01 1.54474297e-01
  1.16400751e-01 1.33766670e-01 1.17763941e-01 1.17978787e-01
  1.15955316e-01 1.17061950e-01 1.18064090e-01 1.17732564e-01]
 [           nan            nan            nan            nan
             nan            nan            nan 4.71562730e-02
  4.17187007e-02 4.49749000e-02 4.20541046e-02 4.18809625e-02
  4.48997697e-02 4.18526016e-02 4.48473816e-02 4.17191432e-02]
 [           nan            nan            nan            nan
             nan            nan            nan            nan
  1.71735531e-01 1.81569779e-01 1.74505253e-01 1.72435498e-01
  1.83255075e-01 1.72819012e-01 1.92840384e-01 1.74134416e-01]
 [           nan            nan            nan            nan
             nan            nan            nan            nan
             nan 5.66825672e-03 6.04820456e-03 5.72002044e-03
  5.36206350e-03 5.72122913e-03 5.51545836e-03 5.76932989e-03]
 [           nan            nan            nan            nan
             nan            nan            nan            nan
             nan            nan 5.84560067e-02 5.76843603e-02
  6.01259096e-02 5.77053750e-02 6.13175462e-02 5.78460646e-02]
 [           nan            nan            nan            nan
             nan            nan            nan            nan
             nan            nan            nan 6.90810297e-03
  6.28935786e-03 6.90305857e-03 6.75881800e-03 6.89193141e-03]
 [           nan            nan            nan            nan
             nan            nan            nan            nan
             nan            nan            nan            nan
  4.47089125e-03 4.87210506e-03 5.17992740e-03 4.83791667e-03]
 [           nan            nan            nan            nan
             nan            nan            nan            nan
             nan            nan            nan            nan
             nan 9.19321514e-02 9.73230755e-02 9.20120016e-02]
 [           nan            nan            nan            nan
             nan            nan            nan            nan
             nan            nan            nan            nan
             nan            nan 1.28690350e-04 1.24298617e-04]
 [           nan            nan            nan            nan
             nan            nan            nan            nan
             nan            nan            nan            nan
             nan            nan            nan 4.54177285e-02]
 [           nan            nan            nan            nan
             nan            nan            nan            nan
             nan            nan            nan            nan
             nan            nan            nan            nan]]
