S1:[-1.42696712e-05 -9.23715987e-06 -1.73727483e-05 -2.83636171e-04
  1.87895072e-03  1.60641721e-04  8.15999963e-05 -9.70406275e-02
 -3.46597138e-04  2.86579814e-04 -1.83463755e-03  0.00000000e+00
  1.96455890e-03  2.76367321e-07  1.92324153e-04 -1.38910788e-04]
S1_conf:[1.44710243e-02 3.02446147e-02 1.46067195e-02 8.91579138e-02
 9.08062941e-01 1.36169051e+28 1.92142160e+27 1.27458075e+01
 3.25125677e-01 1.72110208e+00 4.47105392e+00 0.00000000e+00
 9.09846121e-01 1.40990468e-02 1.52501887e-01 3.50995274e-01]
ST:[3.03884683e-07 5.07970195e-07 4.76909437e-07 1.87531554e-04
 6.31681299e-03 1.33842760e-02 2.51740443e-04 2.00123088e+01
 3.49824466e-04 9.30630353e-04 3.63033434e-03 0.00000000e+00
 6.95595257e-03 2.34996650e-08 5.93990041e-05 9.30945852e-05]
ST_conf:[8.44503775e-05 3.37189491e-04 9.59388930e-05 2.42141526e-02
 8.42111366e-01 5.02087356e+28 9.99917686e+26 2.60050951e+03
 5.55182703e-02 1.09417418e+00 7.50533184e+00 0.00000000e+00
 9.20089777e-01 7.40751140e-05 1.10110582e-02 4.56158575e-02]
S2:[[            nan  5.73142241e-04  5.73142241e-04  5.73142241e-04
   5.73142241e-04  5.73142241e-04  5.73142241e-04  5.73142241e-04
   5.73142241e-04  5.73142241e-04  5.73142241e-04  5.73142241e-04
   5.73142241e-04  5.73142241e-04  5.73142241e-04  5.73142241e-04]
 [            nan             nan -2.20220314e-05 -2.20220314e-05
  -2.20220314e-05 -2.20220314e-05 -2.20220314e-05 -2.20220314e-05
  -2.20220314e-05 -2.20220314e-05 -2.20220314e-05 -2.20220314e-05
  -2.20220314e-05 -2.20220314e-05 -2.20220314e-05 -2.20220314e-05]
 [            nan             nan             nan  8.63212883e-06
   8.63212883e-06  8.63212883e-06  8.63212883e-06  8.63212883e-06
   8.63212883e-06  8.63212883e-06  8.63212883e-06  8.63212883e-06
   8.63212883e-06  8.63212883e-06  8.63212883e-06  8.63212883e-06]
 [            nan             nan             nan             nan
   4.02620879e-03  4.02620879e-03  4.02620879e-03  4.02620879e-03
   4.02620879e-03  4.02620879e-03  4.02620879e-03  4.02620879e-03
   4.02620879e-03  4.02620879e-03  4.02620879e-03  4.02620879e-03]
 [            nan             nan             nan             nan
              nan  3.00013990e-02 -1.60742017e-03 -6.80102512e-03
  -6.80102512e-03 -6.80102512e-03 -6.80102512e-03 -6.80102512e-03
  -6.80102512e-03 -6.80102512e-03 -6.80102512e-03 -6.80102512e-03]
 [            nan             nan             nan             nan
              nan             nan  3.94603810e-02  1.34506826e+00
   4.77139148e-02  3.44174330e-02  5.62807406e-02  4.23189828e-02
   1.81251889e-02  4.23486431e-02  4.01040846e-02  4.50051312e-02]
 [            nan             nan             nan             nan
              nan             nan             nan  1.24182484e-02
   1.24182484e-02  1.24182484e-02  1.24182484e-02  1.24182484e-02
   1.24182484e-02  1.24182484e-02  1.24182484e-02  1.24182484e-02]
 [            nan             nan             nan             nan
              nan             nan             nan             nan
   8.51434138e-02  8.51434138e-02  8.51434138e-02  8.51434138e-02
   8.51434138e-02  8.51434138e-02  8.51434138e-02  8.51434138e-02]
 [            nan             nan             nan             nan
              nan             nan             nan             nan
              nan  4.11817364e-04  4.11817364e-04  4.11817364e-04
   4.11817364e-04  4.11817364e-04  4.11817364e-04  4.11817364e-04]
 [            nan             nan             nan             nan
              nan             nan             nan             nan
              nan             nan  2.85180770e-03  2.85180770e-03
   2.85180770e-03  2.85180770e-03  2.85180770e-03  2.85180770e-03]
 [            nan             nan             nan             nan
              nan             nan             nan             nan
              nan             nan             nan -2.58400523e-03
  -2.58400523e-03 -2.58400523e-03 -2.58400523e-03 -2.58400523e-03]
 [            nan             nan             nan             nan
              nan             nan             nan             nan
              nan             nan             nan             nan
   2.54113006e-05  2.54113006e-05  2.54113006e-05  2.54113006e-05]
 [            nan             nan             nan             nan
              nan             nan             nan             nan
              nan             nan             nan             nan
              nan -3.59435758e-02 -3.59435758e-02 -3.59435758e-02]
 [            nan             nan             nan             nan
              nan             nan             nan             nan
              nan             nan             nan             nan
              nan             nan  2.98755126e-06  2.98755126e-06]
 [            nan             nan             nan             nan
              nan             nan             nan             nan
              nan             nan             nan             nan
              nan             nan             nan -6.23696721e-04]
 [            nan             nan             nan             nan
              nan             nan             nan             nan
              nan             nan             nan             nan
              nan             nan             nan             nan]]
S2_conf:[[           nan 3.33164455e-02 3.33164455e-02 3.33164455e-02
  3.33164455e-02 3.33164455e-02 3.33164455e-02 3.33164455e-02
  3.33164455e-02 3.33164455e-02 3.33164455e-02 3.33164455e-02
  3.33164455e-02 3.33164455e-02 3.33164455e-02 3.33164455e-02]
 [           nan            nan 3.04877034e-02 3.04877034e-02
  3.04877034e-02 3.04877034e-02 3.04877034e-02 3.04877034e-02
  3.04877034e-02 3.04877034e-02 3.04877034e-02 3.04877034e-02
  3.04877034e-02 3.04877034e-02 3.04877034e-02 3.04877034e-02]
 [           nan            nan            nan 1.98758768e-02
  1.98758768e-02 1.98758768e-02 1.98758768e-02 1.98758768e-02
  1.98758768e-02 1.98758768e-02 1.98758768e-02 1.98758768e-02
  1.98758768e-02 1.98758768e-02 1.98758768e-02 1.98758768e-02]
 [           nan            nan            nan            nan
  6.84064410e-01 6.84064410e-01 6.84064410e-01 6.84064410e-01
  6.84064410e-01 6.84064410e-01 6.84064410e-01 6.84064410e-01
  6.84064410e-01 6.84064410e-01 6.84064410e-01 6.84064410e-01]
 [           nan            nan            nan            nan
             nan 2.48712535e+29 1.51029906e+27 3.91071866e+28
  3.91071866e+28 3.91071866e+28 3.91071866e+28 3.91071866e+28
  3.91071866e+28 3.91071866e+28 3.91071866e+28 3.91071866e+28]
 [           nan            nan            nan            nan
             nan            nan 1.36169051e+28 1.36169051e+28
  1.36169051e+28 1.36169051e+28 1.36169051e+28 1.36169051e+28
  1.36169051e+28 1.36169051e+28 1.36169051e+28 1.36169051e+28]
 [           nan            nan            nan            nan
             nan            nan            nan 1.92142160e+27
  1.92142160e+27 1.92142160e+27 1.92142160e+27 1.92142160e+27
  1.92142160e+27 1.92142160e+27 1.92142160e+27 1.92142160e+27]
 [           nan            nan            nan            nan
             nan            nan            nan            nan
  1.51919192e+29 1.51919192e+29 1.51919192e+29 1.51919192e+29
  1.51919192e+29 1.51919192e+29 1.51919192e+29 1.51919192e+29]
 [           nan            nan            nan            nan
             nan            nan            nan            nan
             nan 6.97993563e-01 6.97993563e-01 6.97993563e-01
  6.97993563e-01 6.97993563e-01 6.97993563e-01 6.97993563e-01]
 [           nan            nan            nan            nan
             nan            nan            nan            nan
             nan            nan 2.16015447e+00 2.16015447e+00
  2.16015447e+00 2.16015447e+00 2.16015447e+00 2.16015447e+00]
 [           nan            nan            nan            nan
             nan            nan            nan            nan
             nan            nan            nan 1.76676168e+26
  1.76676168e+26 1.76676168e+26 1.76676168e+26 1.76676168e+26]
 [           nan            nan            nan            nan
             nan            nan            nan            nan
             nan            nan            nan            nan
  2.43147558e-05 2.43147558e-05 2.43147558e-05 2.43147558e-05]
 [           nan            nan            nan            nan
             nan            nan            nan            nan
             nan            nan            nan            nan
             nan 2.58562633e+29 2.58562633e+29 2.58562633e+29]
 [           nan            nan            nan            nan
             nan            nan            nan            nan
             nan            nan            nan            nan
             nan            nan 1.42705850e-02 1.42705850e-02]
 [           nan            nan            nan            nan
             nan            nan            nan            nan
             nan            nan            nan            nan
             nan            nan            nan 2.26937938e-01]
 [           nan            nan            nan            nan
             nan            nan            nan            nan
             nan            nan            nan            nan
             nan            nan            nan            nan]]
