S1:[ 2.36919995e-04  2.03000625e-05 -3.04763549e-07  4.81959650e-05
  1.44119912e-03  1.51835572e-03 -1.68999777e-03  1.00952225e-02
  3.85038666e-04  1.04209562e-03 -2.01444607e-04  8.35143165e-06
  9.16055006e-03 -1.42893102e-06 -9.58531767e-04 -3.20991014e-04]
S1_conf:[5.86719381e-03 1.93356142e-03 1.74478282e-05 1.88581330e-02
 1.72677440e-01 1.94364170e-01 3.82978592e-02 1.73900641e-02
 1.00365871e-03 6.63923958e-03 6.68228746e-03 1.21910138e-03
 4.30033814e-02 1.99171313e-05 5.34763084e-03 4.41379619e-03]
ST:[2.27042538e-03 3.32138145e-04 8.04810814e-09 5.75109413e-03
 1.97892630e-01 6.81099142e-01 4.38840411e-02 7.52497540e-01
 1.50203117e-03 4.83772651e-02 1.20619930e-03 5.05308281e-04
 7.48684737e-01 3.66661023e-08 1.42784129e-02 1.00040745e-03]
ST_conf:[1.44036390e-02 2.01392673e-03 9.73077074e-08 4.31098832e-02
 3.76475819e+00 8.80273193e+00 1.49112816e+00 4.48562294e-01
 8.69856032e-04 5.81688548e-02 4.79612157e-02 5.40876906e-04
 8.17349011e-01 8.71863814e-08 2.10780976e-02 9.41972604e-03]
S2:[[            nan -2.49974602e-04 -2.49974602e-04 -2.49974602e-04
  -2.49974602e-04 -3.74869046e-04 -2.49974602e-04 -2.49974602e-04
  -2.49974602e-04 -2.49974602e-04 -2.49974602e-04 -2.49974602e-04
  -2.49974602e-04 -2.49974602e-04 -2.49974602e-04 -2.49974602e-04]
 [            nan             nan  4.71235371e-05  4.71235371e-05
   4.71235371e-05  4.28918790e-05  4.71235371e-05  4.71235371e-05
   4.71235371e-05  4.71235371e-05  4.71235371e-05  4.71235371e-05
   4.71235371e-05  4.71235371e-05  4.71235371e-05  4.71235371e-05]
 [            nan             nan             nan  1.56734176e-07
   1.56734176e-07  1.22944926e-06  1.56734176e-07  1.56734176e-07
   1.56734176e-07  1.56734176e-07  1.56734176e-07  1.56734176e-07
   1.56734176e-07  1.56734176e-07  1.56734176e-07  1.56734176e-07]
 [            nan             nan             nan             nan
  -3.94234944e-05 -2.10182313e-05 -3.94234944e-05 -3.94234944e-05
  -3.94234944e-05 -3.94234944e-05 -3.94234944e-05 -3.94234944e-05
  -3.94234944e-05 -3.94234944e-05 -3.94234944e-05 -3.94234944e-05]
 [            nan             nan             nan             nan
              nan  3.82608487e-02 -4.19835912e-03 -4.19788469e-03
  -4.19835912e-03 -4.19835912e-03 -4.19835912e-03 -4.19835912e-03
  -4.19835912e-03 -4.19835912e-03 -4.19835912e-03 -4.19835912e-03]
 [            nan             nan             nan             nan
              nan             nan -2.22676142e-03  3.97341135e-03
  -2.66950255e-03 -3.21848094e-03 -2.56285449e-03 -2.50635976e-03
  -5.21594639e-03 -2.54246739e-03 -2.45050024e-03 -2.12160214e-03]
 [            nan             nan             nan             nan
              nan             nan             nan  1.90735477e-03
   1.81041133e-03  1.81041133e-03  1.81041133e-03  1.81041133e-03
   1.81041133e-03  1.81041133e-03  1.81041133e-03  1.81041133e-03]
 [            nan             nan             nan             nan
              nan             nan             nan             nan
  -8.77442719e-04 -4.20039883e-03 -3.88070876e-04 -7.36855834e-04
  -1.04771060e-02 -8.43265153e-04 -8.40956654e-04 -3.22473384e-04]
 [            nan             nan             nan             nan
              nan             nan             nan             nan
              nan -3.33741207e-04 -3.33741207e-04 -3.33741207e-04
  -3.33741207e-04 -3.33741207e-04 -3.33741207e-04 -3.33741207e-04]
 [            nan             nan             nan             nan
              nan             nan             nan             nan
              nan             nan -5.56335885e-04 -5.56335885e-04
  -5.56335885e-04 -5.56335885e-04 -5.56335885e-04 -5.56335885e-04]
 [            nan             nan             nan             nan
              nan             nan             nan             nan
              nan             nan             nan  3.03817499e-04
   3.03817499e-04  3.03817499e-04  3.03817499e-04  3.03817499e-04]
 [            nan             nan             nan             nan
              nan             nan             nan             nan
              nan             nan             nan             nan
  -8.44686894e-06 -8.44686894e-06 -8.44686894e-06 -8.44686894e-06]
 [            nan             nan             nan             nan
              nan             nan             nan             nan
              nan             nan             nan             nan
              nan  2.14358977e-02  2.24148594e-02  2.18056180e-02]
 [            nan             nan             nan             nan
              nan             nan             nan             nan
              nan             nan             nan             nan
              nan             nan  1.50487186e-06  1.50487186e-06]
 [            nan             nan             nan             nan
              nan             nan             nan             nan
              nan             nan             nan             nan
              nan             nan             nan  6.84259384e-04]
 [            nan             nan             nan             nan
              nan             nan             nan             nan
              nan             nan             nan             nan
              nan             nan             nan             nan]]
S2_conf:[[           nan 3.83304187e-03 3.83304187e-03 3.83304187e-03
  3.83304187e-03 1.97757973e-02 3.83304187e-03 3.83304187e-03
  3.83304187e-03 3.83304187e-03 3.83304187e-03 3.83304187e-03
  3.83304187e-03 3.83304187e-03 3.83304187e-03 3.83304187e-03]
 [           nan            nan 2.07773114e-03 2.07773114e-03
  2.07773114e-03 2.39921967e-03 2.07773114e-03 2.07773114e-03
  2.07773114e-03 2.07773114e-03 2.07773114e-03 2.07773114e-03
  2.07773114e-03 2.07773114e-03 2.07773114e-03 2.07773114e-03]
 [           nan            nan            nan 2.82325757e-05
  2.82325757e-05 1.49831080e-04 2.82325757e-05 2.82325757e-05
  2.82325757e-05 2.82325757e-05 2.82325757e-05 2.82325757e-05
  2.82325757e-05 2.82325757e-05 2.82325757e-05 2.82325757e-05]
 [           nan            nan            nan            nan
  1.76738242e-02 1.93864420e-02 1.76738242e-02 1.76738242e-02
  1.76738242e-02 1.76738242e-02 1.76738242e-02 1.76738242e-02
  1.76738242e-02 1.76738242e-02 1.76738242e-02 1.76738242e-02]
 [           nan            nan            nan            nan
             nan 3.57916438e+00 1.93230062e-01 1.93228504e-01
  1.93230062e-01 1.93230062e-01 1.93230062e-01 1.93230062e-01
  1.93230062e-01 1.93230062e-01 1.93230062e-01 1.93230062e-01]
 [           nan            nan            nan            nan
             nan            nan 1.20562211e-01 3.74667873e-01
  1.20059334e-01 1.19624868e-01 1.19880542e-01 1.20222649e-01
  1.19883683e-01 1.20185285e-01 1.20293315e-01 1.20679413e-01]
 [           nan            nan            nan            nan
             nan            nan            nan 4.12067013e-02
  3.78316151e-02 3.78316151e-02 3.78316151e-02 3.78316151e-02
  3.78316151e-02 3.78316151e-02 3.78316151e-02 3.78316151e-02]
 [           nan            nan            nan            nan
             nan            nan            nan            nan
  7.38719856e-02 3.43056661e-02 7.34338528e-02 6.51741712e-02
  8.47147338e-02 6.51817008e-02 5.88167033e-02 8.12837404e-02]
 [           nan            nan            nan            nan
             nan            nan            nan            nan
             nan 5.08400748e-03 5.08400748e-03 5.08400748e-03
  5.08400748e-03 5.08400748e-03 5.08400748e-03 5.08400748e-03]
 [           nan            nan            nan            nan
             nan            nan            nan            nan
             nan            nan 1.16552137e-02 1.16552137e-02
  1.16552137e-02 1.16552137e-02 1.16552137e-02 1.16552137e-02]
 [           nan            nan            nan            nan
             nan            nan            nan            nan
             nan            nan            nan 9.34741836e-03
  9.34741836e-03 9.34741836e-03 9.34741836e-03 9.34741836e-03]
 [           nan            nan            nan            nan
             nan            nan            nan            nan
             nan            nan            nan            nan
  1.16927515e-03 1.16927515e-03 1.16927515e-03 1.16927515e-03]
 [           nan            nan            nan            nan
             nan            nan            nan            nan
             nan            nan            nan            nan
             nan 1.38670964e-01 1.39418917e-01 1.38952249e-01]
 [           nan            nan            nan            nan
             nan            nan            nan            nan
             nan            nan            nan            nan
             nan            nan 2.11280963e-05 2.11280963e-05]
 [           nan            nan            nan            nan
             nan            nan            nan            nan
             nan            nan            nan            nan
             nan            nan            nan 1.91093325e-02]
 [           nan            nan            nan            nan
             nan            nan            nan            nan
             nan            nan            nan            nan
             nan            nan            nan            nan]]
