S1:[-4.26408490e-03 -1.30425457e-04  5.37545837e-06  1.36940461e-02
  1.72907317e-01  2.00376350e-01  1.60566838e-02  2.18769878e-01
 -1.18778900e-03  2.71270537e-02  3.69880344e-03 -3.62654862e-04
  1.29264418e-01  1.14097076e-05  2.50445693e-02  7.38328944e-05]
S1_conf:[7.86430499e-03 4.20839882e-04 2.01345099e-05 1.56036505e-02
 8.04747091e-02 7.63887410e-02 2.82446319e-02 1.18148884e-01
 4.07620129e-03 4.10945926e-02 6.86089761e-03 2.24736311e-03
 6.53710161e-02 9.73071818e-05 4.30394756e-02 5.57436694e-03]
ST:[3.66043119e-03 1.70234264e-05 2.05597285e-08 1.22884412e-02
 3.03363559e-01 2.41204703e-01 2.88699822e-02 2.79434306e-01
 1.71403667e-03 9.62481650e-02 2.97340082e-03 2.39427571e-04
 1.88495874e-01 5.51519785e-07 6.68095272e-02 1.17782288e-03]
ST_conf:[1.71986358e-03 1.04141200e-05 1.13307559e-08 4.23204797e-03
 9.14827795e-02 5.53330247e-02 7.65677744e-03 7.35449096e-02
 9.86264190e-04 3.04393284e-02 1.34566817e-03 1.02943335e-04
 5.35760581e-02 4.67315182e-07 2.08915132e-02 6.48665086e-04]
S2:[[            nan  1.46336621e-02  1.46416213e-02  1.50352141e-02
   1.19715258e-02  9.23799767e-03  1.43205384e-02  1.33315168e-02
   1.44642560e-02  9.28572044e-03  1.51428723e-02  1.46480450e-02
   1.61685663e-02  1.46436828e-02  1.56479423e-02  1.47091922e-02]
 [            nan             nan  3.41087582e-04  3.12692430e-04
   3.32626865e-04  3.42068985e-04  2.78870599e-04  4.03578008e-04
   2.90555214e-04  2.09661113e-04  3.70873971e-04  3.35648020e-04
   2.82758083e-04  3.41579916e-04  3.82392578e-04  3.40202388e-04]
 [            nan             nan             nan  3.89856094e-06
   8.87742354e-07 -1.36450955e-06  4.67697033e-06  4.30118407e-06
   5.57746687e-06  6.30521669e-06  5.33682265e-06  5.75716746e-06
   1.28313208e-05  5.79747431e-06  1.37058982e-05  5.57203109e-06]
 [            nan             nan             nan             nan
  -1.84815918e-02 -1.93401666e-02 -1.91375002e-02 -5.45376209e-03
  -1.90517801e-02 -1.68734383e-02 -1.75518485e-02 -1.79857075e-02
  -2.31224175e-02 -1.81906133e-02 -1.74614288e-02 -1.87401005e-02]
 [            nan             nan             nan             nan
              nan  8.14524039e-02  5.75110018e-02  6.72155428e-02
   5.31570274e-02  7.53819052e-02  5.88295071e-02  5.95345402e-02
   1.01019492e-01  5.82889980e-02  6.93545081e-02  5.64104022e-02]
 [            nan             nan             nan             nan
              nan             nan -1.52210743e-02 -3.15342153e-02
  -1.16106301e-02 -6.08575779e-03 -1.05743651e-02 -7.69348725e-03
   2.86014907e-02 -9.12479796e-03 -1.32754437e-04 -7.53124956e-03]
 [            nan             nan             nan             nan
              nan             nan             nan -6.53261292e-04
  -6.07999955e-04 -6.55673441e-04  2.88964631e-04 -1.22213950e-03
   1.34481327e-02 -1.48027747e-03 -4.34146516e-05 -6.34150394e-04]
 [            nan             nan             nan             nan
              nan             nan             nan             nan
   9.85386444e-02  1.24638362e-01  1.00829191e-01  9.94269571e-02
   4.16259008e-02  9.97455078e-02  1.38373776e-01  9.89996883e-02]
 [            nan             nan             nan             nan
              nan             nan             nan             nan
              nan  3.55454991e-03  4.92529055e-03  4.68769626e-03
   6.00206271e-03  4.69820598e-03  4.53432263e-03  4.74460836e-03]
 [            nan             nan             nan             nan
              nan             nan             nan             nan
              nan             nan  4.52495614e-02  4.15053090e-02
   4.03357446e-02  4.14312385e-02  4.67387608e-02  4.15620347e-02]
 [            nan             nan             nan             nan
              nan             nan             nan             nan
              nan             nan             nan -1.19586562e-02
  -1.31655791e-02 -1.19437712e-02 -1.08113639e-02 -1.22088895e-02]
 [            nan             nan             nan             nan
              nan             nan             nan             nan
              nan             nan             nan             nan
   5.90061943e-05 -5.07102958e-05 -7.28431407e-04 -7.36355558e-06]
 [            nan             nan             nan             nan
              nan             nan             nan             nan
              nan             nan             nan             nan
              nan  5.64053731e-02  6.79366196e-02  5.73606694e-02]
 [            nan             nan             nan             nan
              nan             nan             nan             nan
              nan             nan             nan             nan
              nan             nan  6.80656501e-05  2.20958196e-05]
 [            nan             nan             nan             nan
              nan             nan             nan             nan
              nan             nan             nan             nan
              nan             nan             nan  3.97742945e-03]
 [            nan             nan             nan             nan
              nan             nan             nan             nan
              nan             nan             nan             nan
              nan             nan             nan             nan]]
S2_conf:[[           nan 1.45235120e-02 1.45214680e-02 1.46246162e-02
  1.52485343e-02 1.73222547e-02 1.42509610e-02 1.86554108e-02
  1.44657961e-02 1.32279448e-02 1.46840258e-02 1.45197432e-02
  1.62531562e-02 1.45200668e-02 1.41994670e-02 1.45654387e-02]
 [           nan            nan 8.06924577e-04 7.71244822e-04
  9.00861617e-04 8.52381288e-04 7.84514763e-04 8.58150289e-04
  7.76254111e-04 7.72980344e-04 8.42359654e-04 8.02670965e-04
  8.76468509e-04 8.07130420e-04 7.88257745e-04 8.10465514e-04]
 [           nan            nan            nan 2.45613001e-05
  2.71699190e-05 2.09453587e-05 2.48542168e-05 2.34079259e-05
  2.55365316e-05 2.60938596e-05 2.55478320e-05 2.52518631e-05
  2.88929458e-05 2.53407795e-05 3.07021515e-05 2.54498723e-05]
 [           nan            nan            nan            nan
  2.74428534e-02 2.78066078e-02 2.75921510e-02 3.18137895e-02
  2.58754120e-02 2.43726715e-02 2.66963807e-02 2.63414463e-02
  2.83039097e-02 2.64806042e-02 2.87963020e-02 2.64667968e-02]
 [           nan            nan            nan            nan
             nan 1.29834015e-01 1.16256245e-01 1.22347411e-01
  1.11179022e-01 1.24601889e-01 1.13526304e-01 1.13070704e-01
  1.26073579e-01 1.12660420e-01 1.14180626e-01 1.12244973e-01]
 [           nan            nan            nan            nan
             nan            nan 9.38242461e-02 1.22990572e-01
  9.35155408e-02 1.05541337e-01 9.49125805e-02 9.45933546e-02
  1.00979130e-01 9.44188475e-02 1.04045532e-01 9.57316753e-02]
 [           nan            nan            nan            nan
             nan            nan            nan 4.42153485e-02
  4.57851515e-02 4.77794726e-02 4.59436376e-02 4.62743269e-02
  4.64964248e-02 4.60281169e-02 4.91565765e-02 4.57759496e-02]
 [           nan            nan            nan            nan
             nan            nan            nan            nan
  1.58415340e-01 1.79026503e-01 1.61443026e-01 1.61269943e-01
  1.74998756e-01 1.61269635e-01 1.87381735e-01 1.61920717e-01]
 [           nan            nan            nan            nan
             nan            nan            nan            nan
             nan 9.47099754e-03 1.07023066e-02 1.01943963e-02
  9.90411177e-03 1.01878448e-02 1.00914721e-02 1.01881740e-02]
 [           nan            nan            nan            nan
             nan            nan            nan            nan
             nan            nan 7.31006282e-02 7.10569324e-02
  7.39279817e-02 7.09591030e-02 7.56721170e-02 7.11266829e-02]
 [           nan            nan            nan            nan
             nan            nan            nan            nan
             nan            nan            nan 1.41712046e-02
  1.42247082e-02 1.41391202e-02 1.41347895e-02 1.41803725e-02]
 [           nan            nan            nan            nan
             nan            nan            nan            nan
             nan            nan            nan            nan
  4.14691870e-03 4.53383797e-03 5.19207515e-03 4.44214651e-03]
 [           nan            nan            nan            nan
             nan            nan            nan            nan
             nan            nan            nan            nan
             nan 9.25251842e-02 1.03547573e-01 9.28123422e-02]
 [           nan            nan            nan            nan
             nan            nan            nan            nan
             nan            nan            nan            nan
             nan            nan 1.63223907e-04 1.47325634e-04]
 [           nan            nan            nan            nan
             nan            nan            nan            nan
             nan            nan            nan            nan
             nan            nan            nan 6.20869709e-02]
 [           nan            nan            nan            nan
             nan            nan            nan            nan
             nan            nan            nan            nan
             nan            nan            nan            nan]]
