S1:[-2.04785795e-03 -8.42058806e-04  2.48625140e-06  8.57148801e-04
  4.13611696e-02  1.69247802e-01  9.62850699e-03  4.17236517e-02
  2.62284661e-03  4.19340859e-03 -4.45794327e-04  2.86082276e-04
  3.98597957e-02  4.53667077e-06  1.05519284e-03  7.58568602e-04]
S1_conf:[4.52075321e-03 1.55490728e-03 3.34156834e-06 1.87805565e-03
 3.30613541e-02 1.16258939e-01 2.93687837e-02 3.62355207e-02
 3.76666558e-03 7.66062237e-03 9.90276073e-04 5.12365453e-04
 4.98571608e-02 8.15976757e-06 6.13234500e-03 2.20931582e-03]
ST:[4.07670227e-03 3.26407378e-04 9.88935488e-10 6.22369881e-03
 3.36966736e-01 6.05274159e-01 6.43534331e-02 5.17157337e-01
 1.31671069e-03 2.45667686e-02 2.55674481e-04 3.90931624e-05
 4.53608838e-01 2.38456273e-08 1.00907250e-02 1.64692772e-03]
ST_conf:[2.09664396e-03 1.54563634e-04 5.52222625e-10 2.41999834e-03
 1.17822709e-01 1.81879669e-01 2.45701934e-02 1.41419277e-01
 6.68064785e-04 1.13128613e-02 1.98714870e-04 2.87029315e-05
 1.46102797e-01 1.69017648e-08 6.39832256e-03 7.92971531e-04]
S2:[[            nan  2.92747470e-03  2.94939983e-03  3.01493817e-03
   1.90836362e-03  2.71039370e-03  3.66782001e-03  2.35462526e-03
   2.95771466e-03  3.03686585e-03  2.92025468e-03  2.95360135e-03
   4.06444883e-03  2.94951947e-03  3.01853740e-03  2.94286587e-03]
 [            nan             nan  1.46184267e-03  1.45212382e-03
   2.06640403e-03  1.59369986e-03  1.38790675e-03  1.70452917e-03
   1.52663714e-03  1.61437241e-03  1.47245210e-03  1.47177412e-03
   6.92969832e-04  1.46193011e-03  1.54417404e-03  1.51980930e-03]
 [            nan             nan             nan -2.65313488e-06
  -3.41471081e-06 -9.11169982e-06 -3.48668424e-06 -2.57641942e-06
  -2.62737683e-06 -2.63474170e-06 -2.61166671e-06 -2.64143385e-06
  -4.60699412e-06 -2.64320569e-06 -2.67330907e-06 -2.65694489e-06]
 [            nan             nan             nan             nan
   2.95734734e-03 -3.49265615e-04 -1.38088472e-03 -2.32960135e-03
  -4.21961007e-04 -2.98154820e-04 -3.41294673e-04 -3.99140673e-04
   3.15984551e-03 -3.97720325e-04 -3.62545463e-04 -2.95084953e-04]
 [            nan             nan             nan             nan
              nan  8.45653212e-02 -2.99377807e-02  4.71430635e-03
  -4.18700046e-02 -4.40569503e-02 -4.15939766e-02 -4.12900734e-02
  -1.07324231e-02 -4.11900609e-02 -4.10636566e-02 -4.11468289e-02]
 [            nan             nan             nan             nan
              nan             nan -1.63705834e-01 -1.11309930e-01
  -1.49269782e-01 -1.49617609e-01 -1.48703830e-01 -1.49461018e-01
  -1.21668871e-01 -1.49383145e-01 -1.50520626e-01 -1.48840519e-01]
 [            nan             nan             nan             nan
              nan             nan             nan  3.84479066e-03
   2.53975319e-03  3.92497996e-03  2.04906275e-03  1.99979987e-03
  -7.20827731e-03  1.89027131e-03  2.47376919e-03  2.33598432e-03]
 [            nan             nan             nan             nan
              nan             nan             nan             nan
   2.62106819e-02  3.67599337e-02  2.99314949e-02  3.03622819e-02
   8.71150217e-02  3.03137525e-02  4.28715289e-02  3.44370300e-02]
 [            nan             nan             nan             nan
              nan             nan             nan             nan
              nan -4.55167814e-03 -4.16874931e-03 -4.19129118e-03
  -1.43176860e-03 -4.16336798e-03 -4.40033704e-03 -4.24408563e-03]
 [            nan             nan             nan             nan
              nan             nan             nan             nan
              nan             nan -7.98946001e-03 -7.99956629e-03
  -2.02675783e-03 -7.95234989e-03 -8.33297665e-03 -8.08499850e-03]
 [            nan             nan             nan             nan
              nan             nan             nan             nan
              nan             nan             nan  6.48348157e-04
   8.49860373e-04  6.46627894e-04  6.27680897e-04  6.52508261e-04]
 [            nan             nan             nan             nan
              nan             nan             nan             nan
              nan             nan             nan             nan
  -1.70336592e-04 -3.84843309e-04 -3.82906351e-04 -3.90517408e-04]
 [            nan             nan             nan             nan
              nan             nan             nan             nan
              nan             nan             nan             nan
              nan  6.74312248e-02  7.63260671e-02  6.88054252e-02]
 [            nan             nan             nan             nan
              nan             nan             nan             nan
              nan             nan             nan             nan
              nan             nan -5.48832075e-06 -5.37326338e-06]
 [            nan             nan             nan             nan
              nan             nan             nan             nan
              nan             nan             nan             nan
              nan             nan             nan  9.21173866e-04]
 [            nan             nan             nan             nan
              nan             nan             nan             nan
              nan             nan             nan             nan
              nan             nan             nan             nan]]
S2_conf:[[           nan 5.19233413e-03 5.22441727e-03 5.25204186e-03
  5.53146907e-03 1.08664085e-02 5.70060135e-03 6.05563821e-03
  5.30332251e-03 5.36252893e-03 5.21363657e-03 5.23419463e-03
  5.15383082e-03 5.22450127e-03 5.31392633e-03 5.26184584e-03]
 [           nan            nan 2.53399941e-03 2.55086362e-03
  2.90471748e-03 4.16843561e-03 2.24616219e-03 3.74012791e-03
  2.67119690e-03 2.81340758e-03 2.53643931e-03 2.55209326e-03
  1.65697934e-03 2.53416293e-03 2.71305102e-03 2.60024082e-03]
 [           nan            nan            nan 3.49918262e-06
  3.44940862e-06 8.80516008e-06 4.43005899e-06 3.47086769e-06
  3.45916939e-06 3.45855970e-06 3.44496230e-06 3.46692188e-06
  4.07045383e-06 3.46778131e-06 3.49071738e-06 3.45909064e-06]
 [           nan            nan            nan            nan
  7.38609616e-03 1.41737165e-02 4.29534771e-03 3.85784060e-03
  3.57424555e-03 3.71129196e-03 3.53666071e-03 3.57557842e-03
  6.94312415e-03 3.57569157e-03 3.45718914e-03 3.56649420e-03]
 [           nan            nan            nan            nan
             nan 1.19639783e-01 4.56138233e-02 8.67149013e-02
  4.14212671e-02 4.15875102e-02 4.09288395e-02 4.11163658e-02
  5.65387466e-02 4.10738573e-02 4.08479177e-02 4.13624447e-02]
 [           nan            nan            nan            nan
             nan            nan 1.47415012e-01 1.34709936e-01
  1.22321877e-01 1.22655470e-01 1.21407619e-01 1.22180515e-01
  1.42743181e-01 1.22182514e-01 1.23482435e-01 1.22004389e-01]
 [           nan            nan            nan            nan
             nan            nan            nan 3.79864673e-02
  3.41450680e-02 3.48741778e-02 3.35141812e-02 3.37044158e-02
  3.24933071e-02 3.36372180e-02 3.45423116e-02 3.38990758e-02]
 [           nan            nan            nan            nan
             nan            nan            nan            nan
  8.70502132e-02 9.87638718e-02 8.68080408e-02 8.74966086e-02
  1.12575288e-01 8.71333276e-02 9.91520332e-02 9.16278795e-02]
 [           nan            nan            nan            nan
             nan            nan            nan            nan
             nan 7.18782388e-03 6.42991577e-03 6.46622593e-03
  4.10819973e-03 6.41639390e-03 6.90824544e-03 6.61079676e-03]
 [           nan            nan            nan            nan
             nan            nan            nan            nan
             nan            nan 1.22131637e-02 1.22755119e-02
  1.18225129e-02 1.21915286e-02 1.30123862e-02 1.25244299e-02]
 [           nan            nan            nan            nan
             nan            nan            nan            nan
             nan            nan            nan 9.99076844e-04
  9.25412498e-04 9.98373294e-04 9.70077087e-04 1.00235429e-03]
 [           nan            nan            nan            nan
             nan            nan            nan            nan
             nan            nan            nan            nan
  8.36394292e-04 5.54223665e-04 5.61572935e-04 5.56940864e-04]
 [           nan            nan            nan            nan
             nan            nan            nan            nan
             nan            nan            nan            nan
             nan 9.45656251e-02 9.97801545e-02 9.53276934e-02]
 [           nan            nan            nan            nan
             nan            nan            nan            nan
             nan            nan            nan            nan
             nan            nan 9.01428711e-06 8.97291994e-06]
 [           nan            nan            nan            nan
             nan            nan            nan            nan
             nan            nan            nan            nan
             nan            nan            nan 1.02661828e-02]
 [           nan            nan            nan            nan
             nan            nan            nan            nan
             nan            nan            nan            nan
             nan            nan            nan            nan]]
