S1:[ 2.10585460e-04  8.52203732e-05 -7.45827991e-05 -1.17816573e-04
  7.15597830e-03 -3.26973211e-04 -1.97121280e-03 -5.72187615e-02
  4.23437886e-04 -2.62735397e-03 -1.03567870e-03 -1.63177859e-05
  7.66986693e-03  6.10502520e-07  8.50684670e-04  7.64226297e-04]
S1_conf:[7.55982564e+02 5.09298194e+02 2.33142446e+02 1.58604303e+03
 2.99062849e+06 8.53522965e+06 2.44118566e+03 2.44129278e+03
 5.61252468e+02 9.13771698e+01 2.70483214e+06 3.28893564e-04
 2.44116757e+03 2.54757810e-02 6.56983935e+02 2.41284713e+03]
ST:[5.50436010e-05 2.77277970e-05 4.60973107e-06 4.16503221e-04
 4.02694980e-02 1.40000976e-01 2.46700041e-02 6.42227023e+00
 2.15347390e-03 2.36613143e-02 7.76638175e-04 2.53480940e-07
 4.68400450e-02 4.69667540e-09 1.12157541e-03 2.19353728e-03]
ST_conf:[1.93642962e-02 8.78605040e-03 1.83988134e-03 8.52606946e-02
 3.03641708e+05 1.97972731e+06 1.14306634e+00 1.92339973e+02
 4.52731993e-02 5.67901790e-01 2.48380344e+05 5.63634283e-06
 9.32911843e-01 1.10974711e-07 2.75231193e-02 2.01650601e-01]
S2:[[            nan -3.05274085e-03 -3.05274085e-03 -3.05274085e-03
  -3.05274085e-03 -3.05274085e-03 -3.05274085e-03 -3.05274085e-03
  -3.05274085e-03 -3.05274085e-03 -3.05274085e-03 -3.05274085e-03
  -3.05274085e-03 -3.05274085e-03 -3.05274085e-03 -3.05274085e-03]
 [            nan             nan -2.37229883e-05 -2.37229883e-05
  -2.37229883e-05 -2.37229883e-05 -2.37229883e-05 -2.37229883e-05
  -2.37229883e-05 -2.37229883e-05 -2.37229883e-05 -2.37229883e-05
  -2.37229883e-05 -2.37229883e-05 -2.37229883e-05 -2.37229883e-05]
 [            nan             nan             nan  1.08817516e-04
   1.08817516e-04  1.08817516e-04  1.08817516e-04  1.08817516e-04
   1.08817516e-04  1.08817516e-04  1.08817516e-04  1.08817516e-04
   1.08817516e-04  1.08817516e-04  1.08817516e-04  1.08817516e-04]
 [            nan             nan             nan             nan
   2.90639987e-03  2.90639987e-03  2.90639987e-03  2.90639987e-03
   2.90639987e-03  2.90639987e-03  2.90639987e-03  2.90639987e-03
   2.90639987e-03  2.90639987e-03  2.90639987e-03  2.90639987e-03]
 [            nan             nan             nan             nan
              nan  4.03735375e-01  1.92540181e-01 -1.58494236e-02
  -3.51699284e-03  2.42572954e-03  2.89682291e-03 -2.79331678e-03
  -1.82615925e-02 -2.80778831e-03  7.69289651e-03 -7.73608433e-05]
 [            nan             nan             nan             nan
              nan             nan  4.92071307e-02  5.69104761e-01
   5.72259399e-02  4.37216726e-02  5.75942377e-02  5.25288000e-02
   2.11982923e-02  5.24752514e-02  4.97116953e-02  5.48636262e-02]
 [            nan             nan             nan             nan
              nan             nan             nan  9.89373479e-03
   9.89373479e-03  9.89373479e-03  9.89373479e-03  9.89373479e-03
   9.89373479e-03  9.89373479e-03  9.89373479e-03  9.89373479e-03]
 [            nan             nan             nan             nan
              nan             nan             nan             nan
   3.29366913e-02  3.29366913e-02  3.29366913e-02  3.29366913e-02
   3.29366913e-02  3.29366913e-02  3.29366913e-02  3.29366913e-02]
 [            nan             nan             nan             nan
              nan             nan             nan             nan
              nan -2.88454888e-04 -2.88454888e-04 -2.88454888e-04
  -2.88454888e-04 -2.88454888e-04 -2.88454888e-04 -2.88454888e-04]
 [            nan             nan             nan             nan
              nan             nan             nan             nan
              nan             nan  5.90297170e-03  5.90297170e-03
   5.90297170e-03  5.90297170e-03  5.90297170e-03  5.90297170e-03]
 [            nan             nan             nan             nan
              nan             nan             nan             nan
              nan             nan             nan  4.17234061e-04
   4.17234061e-04  4.17234061e-04  4.17234061e-04  4.17234061e-04]
 [            nan             nan             nan             nan
              nan             nan             nan             nan
              nan             nan             nan             nan
   7.09758394e-05  7.09758394e-05  7.09758394e-05  7.09758394e-05]
 [            nan             nan             nan             nan
              nan             nan             nan             nan
              nan             nan             nan             nan
              nan -4.44837335e-02 -4.44837335e-02 -4.44837335e-02]
 [            nan             nan             nan             nan
              nan             nan             nan             nan
              nan             nan             nan             nan
              nan             nan -2.30754790e-06 -2.30754790e-06]
 [            nan             nan             nan             nan
              nan             nan             nan             nan
              nan             nan             nan             nan
              nan             nan             nan -1.41107487e-03]
 [            nan             nan             nan             nan
              nan             nan             nan             nan
              nan             nan             nan             nan
              nan             nan             nan             nan]]
S2_conf:[[           nan 7.55982200e+02 7.55982200e+02 7.55982200e+02
  7.55982200e+02 7.55982200e+02 7.55982200e+02 7.55982200e+02
  7.55982200e+02 7.55982200e+02 7.55982200e+02 7.55982200e+02
  7.55982200e+02 7.55982200e+02 7.55982200e+02 7.55982200e+02]
 [           nan            nan 5.09298179e+02 5.09298179e+02
  5.09298179e+02 5.09298179e+02 5.09298179e+02 5.09298179e+02
  5.09298179e+02 5.09298179e+02 5.09298179e+02 5.09298179e+02
  5.09298179e+02 5.09298179e+02 5.09298179e+02 5.09298179e+02]
 [           nan            nan            nan 2.33142457e+02
  2.33142457e+02 2.33142457e+02 2.33142457e+02 2.33142457e+02
  2.33142457e+02 2.33142457e+02 2.33142457e+02 2.33142457e+02
  2.33142457e+02 2.33142457e+02 2.33142457e+02 2.33142457e+02]
 [           nan            nan            nan            nan
  1.58604315e+03 1.58604315e+03 1.58604315e+03 1.58604315e+03
  1.58604315e+03 1.58604315e+03 1.58604315e+03 1.58604315e+03
  1.58604315e+03 1.58604315e+03 1.58604315e+03 1.58604315e+03]
 [           nan            nan            nan            nan
             nan 2.99062761e+06 2.99062806e+06 2.99062851e+06
  2.99062848e+06 2.99062847e+06 2.99062847e+06 2.99062848e+06
  2.99062851e+06 2.99062848e+06 2.99062846e+06 2.99062848e+06]
 [           nan            nan            nan            nan
             nan            nan 2.37137018e+07 2.37137028e+07
  2.37137018e+07 2.37137018e+07 2.37137018e+07 2.37137018e+07
  2.37137018e+07 2.37137018e+07 2.37137018e+07 2.37137018e+07]
 [           nan            nan            nan            nan
             nan            nan            nan 2.44118645e+03
  2.44118645e+03 2.44118645e+03 2.44118645e+03 2.44118645e+03
  2.44118645e+03 2.44118645e+03 2.44118645e+03 2.44118645e+03]
 [           nan            nan            nan            nan
             nan            nan            nan            nan
  2.44121838e+03 2.44121838e+03 2.44121838e+03 2.44121838e+03
  2.44121838e+03 2.44121838e+03 2.44121838e+03 2.44121838e+03]
 [           nan            nan            nan            nan
             nan            nan            nan            nan
             nan 5.61252276e+02 5.61252276e+02 5.61252276e+02
  5.61252276e+02 5.61252276e+02 5.61252276e+02 5.61252276e+02]
 [           nan            nan            nan            nan
             nan            nan            nan            nan
             nan            nan 9.13762924e+01 9.13762924e+01
  9.13762924e+01 9.13762924e+01 9.13762924e+01 9.13762924e+01]
 [           nan            nan            nan            nan
             nan            nan            nan            nan
             nan            nan            nan 2.70483214e+06
  2.70483214e+06 2.70483214e+06 2.70483214e+06 2.70483214e+06]
 [           nan            nan            nan            nan
             nan            nan            nan            nan
             nan            nan            nan            nan
  2.81565433e-04 2.81565409e-04 2.81565544e-04 2.81565570e-04]
 [           nan            nan            nan            nan
             nan            nan            nan            nan
             nan            nan            nan            nan
             nan 1.14311498e+09 1.14311498e+09 1.14311498e+09]
 [           nan            nan            nan            nan
             nan            nan            nan            nan
             nan            nan            nan            nan
             nan            nan 2.54750188e-02 2.54750190e-02]
 [           nan            nan            nan            nan
             nan            nan            nan            nan
             nan            nan            nan            nan
             nan            nan            nan 6.56984098e+02]
 [           nan            nan            nan            nan
             nan            nan            nan            nan
             nan            nan            nan            nan
             nan            nan            nan            nan]]
