S1:[-3.18855994e-05  2.80597068e-04  4.82567554e-05 -2.66826952e-03
  3.22481720e-03  5.77344927e-02 -1.30973153e-03 -1.57334806e-02
  7.93236970e-04 -1.17777973e-02  3.86682390e-04 -2.83992839e-05
  2.20343248e-02 -2.32249482e-06  4.10852040e-03 -3.40797087e-04]
S1_conf:[1.86079195e-03 3.98458593e-04 1.68715513e-04 5.30368169e-03
 2.92311626e-02 6.47806165e-02 5.26805792e-03 6.31182507e-02
 9.87681903e-04 2.00493457e-02 1.57013415e-03 1.02418834e-04
 2.92493343e-02 5.62852643e-06 9.97122116e-03 8.59202427e-04]
ST:[4.90466164e-03 1.21376417e-04 4.69029214e-05 6.53747435e-03
 3.70799677e-01 4.20970622e-01 2.90464317e-02 3.85716762e-01
 7.88717046e-04 4.81316564e-02 1.10119576e-03 4.88357400e-06
 5.13940009e-01 8.81911020e-09 1.51298828e-02 9.73069102e-04]
ST_conf:[4.23191243e-03 1.02187115e-04 4.76181252e-05 5.71907766e-03
 2.10461709e-01 1.95571648e-01 1.64107853e-02 2.00737265e-01
 6.62067442e-04 3.43814419e-02 1.17447421e-03 3.67156641e-06
 2.67386742e-01 8.75604297e-09 1.70591350e-02 6.11318664e-04]
S2:[[            nan  1.39170765e-03  1.39243573e-03  1.40248833e-03
   1.15031249e-03 -2.82383645e-03  1.38747927e-03  1.70215434e-03
   1.39107718e-03  1.42851947e-03  1.38946739e-03  1.39251414e-03
   1.18658847e-03  1.39239627e-03  1.37342630e-03  1.39275100e-03]
 [            nan             nan  3.14313686e-04  2.69880442e-04
   1.97148601e-04 -1.43709120e-04  3.26773405e-04 -4.51546248e-04
   3.20574160e-04  1.56632509e-04  3.25739838e-04  3.13931818e-04
   4.98517817e-04  3.14451799e-04  3.95087531e-04  3.12445434e-04]
 [            nan             nan             nan -2.65110893e-04
  -2.05526794e-04 -3.31169414e-04 -2.79334876e-04 -7.23650459e-05
  -2.78100893e-04 -2.36110406e-04 -2.79359687e-04 -2.76390489e-04
  -2.83796954e-04 -2.76523685e-04 -2.97107883e-04 -2.75993334e-04]
 [            nan             nan             nan             nan
   6.96607980e-03  1.13108763e-02  7.60402646e-03  9.80504064e-04
   7.55081851e-03  6.25150772e-03  7.59221656e-03  7.49807737e-03
   9.28050017e-03  7.50220503e-03  8.14099696e-03  7.48647647e-03]
 [            nan             nan             nan             nan
              nan  7.94431607e-02  3.59074646e-02  5.82913468e-02
   3.24934199e-02  3.39122858e-02  3.23739864e-02  3.21500722e-02
   3.10238478e-02  3.21841850e-02  2.96763712e-02  3.31508289e-02]
 [            nan             nan             nan             nan
              nan             nan -3.01329973e-02  1.59100480e-01
  -2.42635126e-02 -8.42833535e-03 -2.15465655e-02 -2.30664899e-02
   1.35584568e-01 -2.31144714e-02 -3.39896024e-02 -2.59213315e-02]
 [            nan             nan             nan             nan
              nan             nan             nan  9.51639028e-03
   1.35719853e-03  1.60139502e-03  1.34585835e-03  1.36723737e-03
   4.89090685e-03  1.36643644e-03  1.24555907e-03  1.36826547e-03]
 [            nan             nan             nan             nan
              nan             nan             nan             nan
   7.81247466e-02  6.30713208e-02  7.86975410e-02  7.75817511e-02
   1.66881945e-01  7.76130680e-02  8.47913171e-02  7.73575875e-02]
 [            nan             nan             nan             nan
              nan             nan             nan             nan
              nan  1.40136983e-05  3.82872783e-04  3.56790361e-04
   8.40748082e-04  3.57917731e-04  5.34714847e-04  3.53652025e-04]
 [            nan             nan             nan             nan
              nan             nan             nan             nan
              nan             nan  1.74107970e-02  1.72780458e-02
   1.73935940e-02  1.72840427e-02  1.82195188e-02  1.72594648e-02]
 [            nan             nan             nan             nan
              nan             nan             nan             nan
              nan             nan             nan -5.53218822e-04
  -3.96723571e-04 -5.53175103e-04 -5.47024211e-04 -5.53206656e-04]
 [            nan             nan             nan             nan
              nan             nan             nan             nan
              nan             nan             nan             nan
   2.73372106e-04  2.13134357e-04  2.38799343e-04  2.12498865e-04]
 [            nan             nan             nan             nan
              nan             nan             nan             nan
              nan             nan             nan             nan
              nan  2.25221321e-02  2.01518895e-02  2.23896181e-02]
 [            nan             nan             nan             nan
              nan             nan             nan             nan
              nan             nan             nan             nan
              nan             nan  6.68531031e-06  6.06480570e-06]
 [            nan             nan             nan             nan
              nan             nan             nan             nan
              nan             nan             nan             nan
              nan             nan             nan -1.12926879e-02]
 [            nan             nan             nan             nan
              nan             nan             nan             nan
              nan             nan             nan             nan
              nan             nan             nan             nan]]
S2_conf:[[           nan 3.09056232e-03 3.09013851e-03 3.08405918e-03
  3.04530890e-03 5.46120255e-03 3.09108358e-03 3.26712102e-03
  3.09101378e-03 3.06857715e-03 3.09164190e-03 3.09008361e-03
  3.08487635e-03 3.09015611e-03 3.10175149e-03 3.08983737e-03]
 [           nan            nan 9.24645179e-04 8.49758468e-04
  7.62407899e-04 1.77166256e-03 9.46024123e-04 4.86735432e-04
  9.35329873e-04 6.70030982e-04 9.44305704e-04 9.23994710e-04
  1.25615089e-03 9.24883373e-04 1.06587178e-03 9.21454245e-04]
 [           nan            nan            nan 3.34688660e-04
  3.20180838e-04 6.56807583e-04 3.54409993e-04 2.64529060e-04
  3.52260520e-04 2.99096925e-04 3.54115015e-04 3.49908253e-04
  4.20025787e-04 3.50092318e-04 3.79801214e-04 3.49378545e-04]
 [           nan            nan            nan            nan
  1.24160728e-02 1.83738992e-02 1.42178438e-02 7.20449281e-03
  1.41245613e-02 1.16396705e-02 1.42036414e-02 1.40241285e-02
  1.68107482e-02 1.40320119e-02 1.52611393e-02 1.40015262e-02]
 [           nan            nan            nan            nan
             nan 9.82547832e-02 5.60454646e-02 8.52696758e-02
  5.25792405e-02 5.28493259e-02 5.24384127e-02 5.21241426e-02
  5.95993088e-02 5.21589822e-02 5.07040337e-02 5.29174346e-02]
 [           nan            nan            nan            nan
             nan            nan 9.95154313e-02 2.11351507e-01
  1.04449143e-01 1.07861772e-01 1.06307455e-01 1.04621125e-01
  2.66368005e-01 1.04620103e-01 1.03500716e-01 1.03230771e-01]
 [           nan            nan            nan            nan
             nan            nan            nan 1.65798873e-02
  9.12865760e-03 8.90914620e-03 9.13592558e-03 9.11929063e-03
  1.30097391e-02 9.12002022e-03 9.23481846e-03 9.11724621e-03]
 [           nan            nan            nan            nan
             nan            nan            nan            nan
  1.58915720e-01 1.31091167e-01 1.59806959e-01 1.57805060e-01
  2.08093093e-01 1.57895214e-01 1.71691069e-01 1.57542737e-01]
 [           nan            nan            nan            nan
             nan            nan            nan            nan
             nan 1.87816145e-03 2.35196772e-03 2.31487008e-03
  2.94897410e-03 2.31648959e-03 2.57926828e-03 2.31022499e-03]
 [           nan            nan            nan            nan
             nan            nan            nan            nan
             nan            nan 3.25310738e-02 3.22744855e-02
  3.69936244e-02 3.22857030e-02 3.40375077e-02 3.22426630e-02]
 [           nan            nan            nan            nan
             nan            nan            nan            nan
             nan            nan            nan 1.58655543e-03
  1.62791415e-03 1.58648906e-03 1.57624035e-03 1.58676296e-03]
 [           nan            nan            nan            nan
             nan            nan            nan            nan
             nan            nan            nan            nan
  5.59096750e-04 4.46738311e-04 4.95751571e-04 4.45525055e-04]
 [           nan            nan            nan            nan
             nan            nan            nan            nan
             nan            nan            nan            nan
             nan 8.91210274e-02 1.00477556e-01 8.94961367e-02]
 [           nan            nan            nan            nan
             nan            nan            nan            nan
             nan            nan            nan            nan
             nan            nan 1.49703682e-05 1.39417945e-05]
 [           nan            nan            nan            nan
             nan            nan            nan            nan
             nan            nan            nan            nan
             nan            nan            nan 1.92746707e-02]
 [           nan            nan            nan            nan
             nan            nan            nan            nan
             nan            nan            nan            nan
             nan            nan            nan            nan]]
