0.0,0.0,0.0,0.0,0.9575078442343055,0.9574268669204801,0.9573498907404421,0.9572770457183167,0.9572085116061779,0.9571445341337352,0.957084959880065,0.9570359326263647,0.0,0.0,0.0,0.0
0.0,0.0,0.0,0.0,0.958992189197919,0.958913248219817,0.9588381005730169,0.9587668741251596,0.9586997458191233,0.9586369577008663,0.9585783581895477,0.9585289268503588,0.0,0.0,0.0,0.0,0.9590975511978007
0.0,0.0,0.0,0.0,0.9631347193208776,0.9630603488119286,0.9629893988836751,0.9629219917764872,0.9628582968787643,0.9627985461142053,0.9627425936240568,0.9626941379563249,0.0,0.0,0.0,0.0,0.9632257885405078
0.0,0.0,0.0,0.0,0.9680958040854467,0.9680269206594782,0.9679610230782011,0.9678982267696469,0.967838691960044,0.9677826382817152,0.9677299268470271,0.967683022539265,0.0,0.0,0.0,0.0,0.9681709772809248
0.0,0.0,0.0,0.0,0.9732248630664572,0.9731616706909589,0.9731010237661543,0.9730430305914899,0.9729878417890874,0.9729356640923671,0.9728863659491213,0.9728412689736219,0.0,0.0,0.0,0.0,0.973284324296546
0.0,0.0,0.0,0.0,0.9773835663159097,0.9773252360298363,0.9772690645601662,0.977215154288576,0.9771636478886545,0.9771147414423217,0.9770683093497186,0.9770246363085582,0.0,0.0,0.0,0.0,0.977429124148465
0.0,0.0,0.0,0.0,0.9820584049778892,0.982005108016332,0.9819536142597475,0.9819040195316625,0.9818564576052401,0.9818111125491928,0.9817678657425469,0.9817267952143153,0.0,0.0,0.0,0.0,0.9820914059842584
0.0,0.0,0.0,0.0,0.9855092508636828,0.9854597918154849,0.9854118602773871,0.985365547156853,0.985320979562179,0.9852783325735504,0.9852374927488895,0.9851985341413124,0.0,0.0,0.0,0.0,0.9855333475168349
0.0,0.0,0.0,0.0,0.9884538794950675,0.9884075962579226,0.9883626217475571,0.9883190426827791,0.9882769804709904,0.9882366024834094,0.9881977997799654,0.9881606430172336,0.0,0.0,0.0,0.0,0.9884719336213269
0.0,0.0,0.0,0.0,0.9907289887401555,0.9906852137777222,0.9906425718663056,0.9906011464593095,0.9905610545221648,0.9905224574220898,0.9904852497069487,0.9904494993805241,0.0,0.0,0.0,0.0,0.9907421622206487
0.0,0.0,0.0,0.0,0.9933846512162328,0.9933438500694097,0.9933039716717365,0.9932650956393833,0.9932273337169568,0.9931908402145517,0.9931555137688666,0.9931214192593301,0.0,0.0,0.0,0.0,0.9933919620600341
0.0,0.0,0.0,0.0,0.9974599115753384,0.9974235709765509,0.997387849216266,0.9973528200127297,0.9973185870551946,0.9972852937370091,0.9972528450963459,0.9972213011945054,0.0,0.0,0.0,0.0,0.9974588573406731
0.0,0.0,0.0,0.0,0.9937137752474424,0.9936731978283045,0.9936335381630624,0.9935948754316303,0.9935573207657918,0.9935210276289197,0.9934858952169109,0.9934519880542062,0.0,0.0,0.0,0.0,0.9937210491251511
0.0,0.0,0.0,0.0,0.990826920367102,0.9907832131890095,0.9907406373434193,0.9906992761544906,0.9906592464062806,0.9906207092155789,0.9905835592950637,0.9905478645433625,0.0,0.0,0.0,0.0,0.990838968150525,0.990805577811096
0.0,0.0,0.0,0.0,0.9887254979519705,0.9886794052296112,0.9886346159793294,0.9885912165627541,0.9885493278864337,0.9885091166303943,0.9884704743082695,0.9884334712860776,0.0,0.0,0.0,0.0,0.988741778602592,0.9887053891084396
0.0,0.0,0.0,0.0,0.9862209184049952,0.9861719655632504,0.9861245250381618,0.9860786868058402,0.9860345766697162,0.9859923679102574,0.9859519482633945,0.9859133910247988,0.0,0.0,0.0,0.0,0.9862422693218592,0.9862025257311638
0.0,0.0,0.0,0.0,0.98229785176163,0.9822442049107839,0.9821923548649387,0.9821423971767692,0.9820944652280371,0.9820487425368947,0.9820051109160068,0.9819636481898273,0.0,0.0,0.0,0.0,0.9823283082584124,0.9822842087270525,0.9819337235086952
0.0,0.0,0.0,0.0,0.9780837349963328,0.9780251698479269,0.9779687441493797,0.9779145594447356,0.9778627572163741,0.9778135318872823,0.9777667590530262,0.9777225213777033,0.0,0.0,0.0,0.0,0.9781232715097702,0.9780744312516696,0.977689836262761
0.0,0.0,0.0,0.0,0.9733098953986252,0.9732456677205485,0.9731839814444717,0.9731249448641829,0.9730687085609729,0.9730154791819509,0.9729651254163226,0.972917735364318,0.0,0.0,0.0,0.0,0.97336009564764,0.9733059191046832,0.9728819460493048
0.0,0.0,0.0,0.0,0.9690397453077498,0.9689700482687632,0.9689033054301326,0.9688396311852091,0.9687791842656669,0.9687221822013367,0.9686684877423608,0.9686181938782535,0.0,0.0,0.0,0.0,0.9691010945147408,0.9690418504474717,0.9685794161079294
0.0,0.0,0.0,0.0,0.9644057162077695,0.964330294411205,0.9642582480534785,0.9641896980118734,0.9641248117013135,0.9640638182650064,0.9640065740298511,0.9639531771753675,0.0,0.0,0.0,0.0,0.9644790426381208,0.9644165298062897,0.963911173936424
0.0,0.0,0.0,0.0,0.9615085704558399,0.9614290493795631,0.9613532304768424,0.9612812387992001,0.9612132472681749,0.9611494923133479,0.9610898264851104,0.961034351281418,0.0,0.0,0.0,0.0,0.961591653725234,0.961527071958998,0.9609898410613117
0.0,0.0,0.0,0.0,0.9587230442232937,0.9586400495366386,0.9585610080680196,0.9584860486988548,0.9584153494725101,0.9583491536625802,0.9582873100438626,0.958229923172465,0.0,0.0,0.0,0.0,0.9588136412930899,0.9587471322794581,0.9581829374544446
0.0,0.0,0.0,0.0,0.9583443180746745,0.9582604910625574,0.9581806845571003,0.9581050280540752,0.9580337003730333,0.9579669457818479,0.9579046126562716,0.9578468060361763,0.0,0.0,0.0,0.0,0.9584374871080035,0.9583706934307155,0.9577984779019957
0.0,0.0,0.0,0.0,0.9601490815435584,0.9600669802796622,0.9599887806477178,0.9599146098006884,0.9598446433646992,0.9597791212832996,0.9597178945235765,0.9596610662491531,0.0,0.0,0.0,0.0,0.9602396357442549,0.9601740560197574,0.9596125048023227
0.0,0.0,0.0,0.0,0.9624347981709528,0.962355567437521,0.9622800058203548,0.962208237272378,0.9621404331675637,0.9620768277932342,0.9620172751680952,0.9619618759152501,0.0,0.0,0.0,0.0,0.9625192072816401,0.9624552334944186,0.961913428025744
0.0,0.0,0.0,0.0,0.9650899287433711,0.965014450032198,0.9649423231046661,0.9648736680473603,0.9648086511515966,0.9647474999963074,0.9646900720311944,0.9646364648151999,0.0,0.0,0.0,0.0,0.9651598845566794,0.9650966055327034,0.9645884371847588,0.9650508404455438
0.0,0.0,0.0,0.0,0.9692392315193195,0.9691690181712495,0.9691017517911351,0.9690375465884066,0.9689765610159359,0.9689190121996781,0.9688647632725497,0.9688139070977001,0.0,0.0,0.0,0.0,0.969298111343744,0.9692378218871233,0.9687671967151792,0.9691920395984609
0.0,0.0,0.0,0.0,0.9737745180798196,0.9737099711489631,0.9736479512782028,0.9735885662310755,0.9735319658282112,0.9734783556514087,0.9734276051934331,0.9733798021458229,0.0,0.0,0.0,0.0,0.9738220343564848,0.9737650873941834,0.9733349877349139,0.9737197166889776
0.0,0.0,0.0,0.0,0.9781542549300127,0.9780951539998901,0.9780381898177871,0.9779834638869136,0.9779311176168691,0.9778813453161475,0.9778340227460796,0.9777892325560057,0.0,0.0,0.0,0.0,0.9781911915977468,0.978137534167791,0.9777470133973083,0.9780927327153848
0.0,0.0,0.0,0.0,0.9820373301574307,0.9819829918979566,0.981930455880335,0.9818798180344471,0.9818312122582197,0.981784822770623,0.9817405309984709,0.9816984150879045,0.0,0.0,0.0,0.0,0.9820653881532649,0.9820146920890314,0.9816585113977135,0.9819703840026667
0.0,0.0,0.0,0.0,0.9854353153743558,0.9853850179557126,0.9853362485228825,0.985289098134687,0.9852436940953102,0.9852002117406768,0.9851585375636152,0.9851187457627882,0.0,0.0,0.0,0.0,0.9854562760508218,0.9854081919933376,0.9850808707011781,0.9853642746733535
0.0,0.0,0.0,0.0,0.9881305598387785,0.9880834507443466,0.9880376557987335,0.9879932621834995,0.9879503919441213,0.9879092133228198,0.9878696168795784,0.9878316736638452,0.0,0.0,0.0,0.0,0.9881460757535951,0.9881000876671112,0.9877954164485543,0.9880562603158726
0.0,0.0,0.0,0.0,0.9904985180064554,0.9904541377644738,0.9904108940088884,0.9903688705228129,0.9903281847273177,0.990288998612589,0.9902512063658148,0.990214876270808,0.0,0.0,0.0,0.0,0.990509675013943,0.9904655489752937,0.9901800397122534,0.990422213129008
0.0,0.0,0.0,0.0,0.9933565570559072,0.9933154751847032,0.9932753161392847,0.9932361595861396,0.9931981173372065,0.9931613437927446,0.9931257375556454,0.9930913635528424,0.0,0.0,0.0,0.0,0.9933626616838546,0.9933208338675331,0.9930582514840196,0.9932795967984588
0.0,0.0,0.0,0.0,0.9976226461253742,0.9975864121054651,0.9975507950915715,0.9975158685851504,0.997481735970418,0.9974485402187933,0.9974161866488124,0.9973847351453855,0.0,0.0,0.0,0.0,0.9976215925792813,0.9975832050122979,0.9973542128872475,0.9975451240056772
0.0,0.0,0.0,0.0,0.9934290896501448,0.9933880573613608,0.993347946798299,0.9933088375313275,0.9932708412373636,0.993234112130114,0.9931985489356545,0.9931642165026975,0.0,0.0,0.0,0.0,0.9934351875003912,0.9933934103045957,0.9931311444953594,0.9933522231581601
0.0,0.0,0.0,0.0,0.9909042806357854,0.990860183843335,0.9908172164215964,0.9907754616181506,0.9907350361025735,0.9906961008274593,0.990658550662634,0.9906224534561413,0.0,0.0,0.0,0.0,0.9909153719483834,0.9908715290363768,0.9905878403938683,0.9908284714277885
0.0,0.0,0.0,0.0,0.9887834246091637,0.9887367787691335,0.988691434459332,0.9886474780027984,0.9886050302412219,0.9885642577556241,0.9885250521959229,0.9884874839130617,0.0,0.0,0.0,0.0,0.9887986509018314,0.9887530854859733,0.9884515853605689,0.9887084671782146
0.0,0.0,0.0,0.0,0.9861410286276971,0.9860912404824727,0.9860429652691737,0.9859962931228348,0.9859513500534861,0.9859083096122078,0.985867059459371,0.9858276730421814,0.0,0.0,0.0,0.0,0.9861613247678317,0.9861136296357482,0.98579018437914,0.986067080174365
0.0,0.0,0.0,0.0,0.9820445909104998,0.9819897330644916,0.9819366765304006,0.981885517269057,0.981836389209389,0.9817894766019987,0.9817446609276335,0.9817020203732839,0.0,0.0,0.0,0.0,0.9820716450181844,0.9820202118725263,0.9816615913425609,0.9819701927456815,0.9816324616206404,0.9819331049247485
0.0,0.0,0.0,0.0,0.9778422804042629,0.9777822193301237,0.9777243020842067,0.9776686306336897,0.9776153470174574,0.9775646463931122,0.9775164040829286,0.9774707031361187,0.0,0.0,0.0,0.0,0.9778774392462515,0.9778224256987216,0.9774275824274371,0.9777691487933935,0.9773959494176021,0.9777282097818963
0.0,0.0,0.0,0.0,0.9728824162962426,0.972816206188044,0.9727525472577548,0.9726915484989875,0.9726333614208602,0.9725781939021659,0.9725259141133957,0.9724766107775697,0.0,0.0,0.0,0.0,0.972927188665775,0.972867954155713,0.9724303256545377,0.9728108405257113,0.9723957900537781,0.9727654525343816,0.0
0.0,0.0,0.0,0.0,0.96781022505042,0.9677375582376194,0.967667880768188,0.9676013087905881,0.9675380034187843,0.9674781853981452,0.9674217157670861,0.9673686890089711,0.0,0.0,0.0,0.0,0.9678653672606042,0.9678017676191432,0.967319149830092,0.9677407039744047,0.9672815842919148,0.9676906180907714,0.0
0.0,0.0,0.0,0.0,0.962765832476463,0.962686750123358,0.9626110937901066,0.9625389866531392,0.9624705992485948,0.9624061649328214,0.9623455377712835,0.9622888178928913,0.0,0.0,0.0,0.0,0.9628312427122291,0.9627633004127006,0.9622360528905192,0.9626983082403922,0.9621954012577921,0.9626433642863086,0.0
0.0,0.0,0.0,0.0,0.95904509198453,0.958960958922183,0.958880609334248,0.9588041716152831,0.9587318232454627,0.958663806826859,0.9585999714675782,0.95854042147334,0.0,0.0,0.0,0.0,0.9591189233765989,0.9590476456668775,0.9584852066037262,0.9589796594964737,0.9584419839089455,0.9589204806533485,0.0
0.0,0.0,0.0,0.0,0.956105087000809,0.9560171487662026,0.9559332524237011,0.9558535303935648,0.9557781655387138,0.9557074076526623,0.9556411018993716,0.9555793558093385,0.0,0.0,0.0,0.0,0.9561847963945196,0.9561109008732438,0.9555222207950076,0.9560405425076326,0.955476743850511,0.9559774959966586,0.0
0.0,0.0,0.0,0.0,0.9553999534357956,0.9553108676944565,0.9552259037595826,0.9551451950692146,0.9550689258206684,0.9549973475651837,0.9549303045931983,0.9548679052481832,0.0,0.0,0.0,0.0,0.9554812875063513,0.9554065764999791,0.9548102013801615,0.9553354796522651,0.9547634533175341,0.9552698839898958,0.0
0.0,0.0,0.0,0.0,0.9575738075272077,0.957486857301318,0.9574038965266313,0.9573250558503356,0.9572505156570733,0.9571805223274936,0.9571149232633143,0.9570538245643293,0.0,0.0,0.0,0.0,0.9576518367350487,0.9575786105658802,0.9569972769935832,0.9575088761429972,0.9569505929728104,0.9574425980242766,0.0
0.0,0.0,0.0,0.0,0.9607772976715011,0.9606941894004506,0.9606148040399276,0.9605392678889577,0.9604677554935681,0.9604005054104431,0.9603373694259479,0.9602784501591379,0.0,0.0,0.0,0.0,0.9608494553549335,0.9607788940432811,0.9602237966127183,0.9607115721821556,0.9601777533044209,0.9606474014351557,0.0
0.0,0.0,0.0,0.0,0.9649795208354505,0.9649017140193725,0.9648272591589665,0.9647562767224103,0.9646889334527289,0.9646254574757059,0.9645657063211996,0.964509777937301,0.0,0.0,0.0,0.0,0.9650432019258023,0.9649762308021912,0.9644577189381781,0.9649121467950608,0.9644129130842702,0.9648508648585945,0.0
0.0,0.0,0.0,0.0,0.9693543081464022,0.9692822995398842,0.9692132314074647,0.9691472180046884,0.9690844177863873,0.9690250478238518,0.9689689716280049,0.968916282164008,0.0,0.0,0.0,0.0,0.9694083587894576,0.969345230709533,0.9688670234697786,0.9692845976292017,0.9688236680235907,0.9692263779048018,0.0
0.0,0.0,0.0,0.0,0.9739744294577314,0.973908492611153,0.9738450747412425,0.9737842835004885,0.9737262685082231,0.973671235026933,0.973619053016749,0.9735698101296695,0.0,0.0,0.0,0.0,0.9740185482984117,0.9739594813218153,0.9735235476636986,0.9739025087109718,0.9734818832014377,0.9738475524950446,0.0
0.0,0.0,0.0,0.0,0.9783995670751303,0.9783393824449051,0.9782813262660203,0.9782254998331581,0.9781720442306,0.978121153288091,0.9780727032748933,0.9780267767105908,0.0,0.0,0.0,0.0,0.9784344555617074,0.9783792785538903,0.9779834122551054,0.9783258257867796,0.9779434403765055,0.9782740228869179,0.0,0.0
0.0,0.0,0.0,0.0,0.9821168641726555,0.9820615618638483,0.9820080584343698,0.981956449789395,0.981906869768291,0.9818595024877074,0.9818142295864191,0.9817711292210308,0.0,0.0,0.0,0.0,0.9821439088887178,0.9820920318761612,0.9817302378058864,0.9820415668798187,0.981691669863427,0.981992442580801,0.0,0.0
0.0,0.0,0.0,0.0,0.9854844299669864,0.9854333826746909,0.9853838612037933,0.9853359566035098,0.9852897961484206,0.9852455551192089,0.9852031201470354,0.9851625654451853,0.0,0.0,0.0,0.0,0.9855049035730311,0.9854559658127686,0.9851239254192931,0.9854081831134927,0.9850872646032408,0.9853614870155928,0.0,0.0
0.0,0.0,0.0,0.0,0.9883166586181911,0.988269083836765,0.9882228187739323,0.9881779504044645,0.9881346004730905,0.9880929367974673,0.9880528502877968,0.988014411841684,0.0,0.0,0.0,0.0,0.9883319839829205,0.9882854953398644,0.9879776541880112,0.9882399594656415,0.9879426389833875,0.9881953103600667,0.0,0.0
0.0,0.0,0.0,0.0,0.9904138657609848,0.9903689800634699,0.9903252317219082,0.9902827046567507,0.9902415164747412,0.9902018294162687,0.990163537553259,0.9901267092930663,0.0,0.0,0.0,0.0,0.9904238891952429,0.9903790087450317,0.9900913760943403,0.9903349185599277,0.9900575974502219,0.9902915544506092,0.0,0.0,0.9902583186382447
0.0,0.0,0.0,0.0,0.9931938086810942,0.9931523532992073,0.9931118228580577,0.9930722972528674,0.9930338886135233,0.9929967517767104,0.9929607850829244,0.9929260536518074,0.0,0.0,0.0,0.0,0.9931991775387392,0.9931568108528883,0.9928925872799743,0.993115035899345,0.9928604426005535,0.9930737909319259,0.0,0.0,0.9930407940160499
0.0,0.0,0.0,0.0,0.9975906127392317,0.9975543571097092,0.997518718846152,0.9974837714927205,0.9974496184937127,0.9974164029036491,0.9973840299858961,0.9973525596601236,0.0,0.0,0.0,0.0,0.9975895569285971,0.9975511461403019,0.9973220191207978,0.9975130420913457,0.9972924604696577,0.9974751870208575,0.0,0.0,0.9974435622767336
0.0,0.0,0.0,0.0,0.9934418979640804,0.9934006131513838,0.9933602495186954,0.9933208866324841,0.9932826361608421,0.9932456523024238,0.9932098338189493,0.9931752455625099,0.0,0.0,0.0,0.0,0.9934470966381208,0.9934048721526946,0.9931419172080307,0.9933632369712769,0.993109905156148,0.9933221296042714,0.0,0.0,0.9932867473728697
0.0,0.0,0.0,0.0,0.990677123466194,0.9906324233179902,0.9905888559132483,0.9905465048250154,0.990505487172553,0.9904659645231984,0.9904278313915428,0.9903911559022184,0.0,0.0,0.0,0.0,0.9906866056193061,0.9906418022307015,0.9903559693848464,0.9905977857940875,0.9903223310869045,0.9905544923917833,0.0,0.0,0.9905161560695875
0.0,0.0,0.0,0.0,0.9885364911899008,0.9884890742283444,0.9884429627390142,0.9883982434075289,0.9883550375732024,0.9883135124942514,0.988273559447759,0.9882352490960309,0.0,0.0,0.0,0.0,0.9885494169675654,0.9885025726232674,0.9881986140602909,0.9884566773202809,0.9881637157927057,0.9884116652986223,0.0,0.0,0.9883707496007509
0.0,0.0,0.0,0.0,0.9860602738033372,0.9860096480849929,0.985960535912181,0.9859130275800314,0.9858672493068041,0.9858233749164308,0.985781291992383,0.9857410741343952,0.0,0.0,0.0,0.0,0.9860773289864437,0.9860280900628172,0.985702755466624,0.9859799960926744,0.9856663999899248,0.9859329792220823,0.0,0.0,0.9858892157487608
0.0,0.0,0.0,0.0,0.9827670469948189,0.9827122284779797,0.982659193475976,0.9826080370478137,0.982558891848736,0.982511940363481,0.9824670652942027,0.9824243441092821,0.0,0.0,0.0,0.0,0.9827893921192168,0.9827370002784585,0.9823838129065312,0.9826860072761219,0.9823455390388522,0.9826363424837913,0.0,0.0,0.9825891010627814,0.0
0.0,0.0,0.0,0.0,0.9790573281076529,0.9789975958984231,0.9789399748424336,0.9788845653884751,0.978831507437169,0.9787809931870698,0.9787328999738243,0.9786873096307886,0.0,0.0,0.0,0.0,0.9790861363996078,0.9790301134311864,0.9786442605039355,0.978975799223898,0.9786038237208369,0.978923120121183,0.0,0.0,0.9788721357800982,0.0
0.0,0.0,0.0,0.0,0.9748080104813384,0.9747426017375973,0.9746796877816643,0.9746193752098573,0.9745618121632814,0.9745072018669859,0.9744554156193129,0.9744065402179344,0.0,0.0,0.0,0.0,0.974844665660539,0.9747845335288005,0.9743606165727308,0.9747264739254689,0.9743177200957415,0.974670409789962,0.0,0.0,0.9746164045255293,0.0
0.0,0.0,0.0,0.0,0.9701773664189466,0.9701057901488113,0.9700371282992442,0.9699714941053765,0.9699090445914698,0.969849994854846,0.9697942097195215,0.9697417813294417,0.0,0.0,0.0,0.0,0.970222623778595,0.9701580454113166,0.9696927533556718,0.9700959379064054,0.9696472058157821,0.9700362205504428,0.0,0.0,0.9699789607749338,0.0
0.0,0.0,0.0,0.0,0.9662022294757496,0.966125064919207,0.9660512110035651,0.9659807867009221,0.9659139566569389,0.9658509461033716,0.9657916144984223,0.9657360585878948,0.0,0.0,0.0,0.0,0.9662557278882491,0.9661872272792552,0.9656843244505605,0.966121576080019,0.9656364960569177,0.966058690580472,0.0,0.0,0.9659986416878318,0.0
0.0,0.0,0.0,0.0,0.9625484584504241,0.9624663091511028,0.9623878202079524,0.9623131157770549,0.9622423674009305,0.9621758094924897,0.962113296598599,0.9620549296170867,0.0,0.0,0.0,0.0,0.9626092014134146,0.9625371768767588,0.9620007567844642,0.9624683353117098,0.9619508656344653,0.9624025902482972,0.0,0.0,0.9623400157198315,0.0
0.0,0.0,0.0,0.0,0.959703988566358,0.9596166643824051,0.9595332500065376,0.959453873713582,0.9593787125009116,0.9593080080185732,0.9592416111462296,0.9591796261375766,0.0,0.0,0.0,0.0,0.9597767803823979,0.9597021117852721,0.9591221030476825,0.9596308652225418,0.9590691323266122,0.959562952047292,0.0,0.0,0.9594984486563247,0.0,0.9590319393697689
0.0,0.0,0.0,0.0,0.9592629278430173,0.959174647003225,0.9590903449647731,0.9590101507107106,0.9589342421398337,0.9588628620633356,0.9587958608810805,0.9587333434108244,0.0,0.0,0.0,0.0,0.9593377747555406,0.9592625831231968,0.9586753600333757,0.9591908810494676,0.9586220016806589,0.9591225796339127,0.0,0.0,0.9590577556928072,0.0,0.9585838905308623
0.0,0.0,0.0,0.0,0.9586502849823836,0.9585619112626068,0.9584774848226464,0.9583971352570012,0.9583210413939109,0.958249447392108,0.9581822025569919,0.9581194122193908,0.0,0.0,0.0,0.0,0.9587245301779038,0.9586490946354754,0.9580611269474117,0.9585771136839543,0.9580074381290588,0.9585084977203159,0.0,0.0,0.9584433239114865,0.0,0.9579683675900177
