0.0,0.0,0.0,0.0,0.11290825828237619,0.11290101321858678,0.11289412608194282,0.11288760851438535,0.11288147660703825,0.11287575235421574,0.11287042203674491,0.11286603537205561,0.0,0.0,0.0,0.0
0.0,0.0,0.0,0.0,0.11273704803118936,0.11273001970946565,0.11272332906548788,0.11271698749160165,0.11271101074948575,0.11270542039729227,0.11270020294627481,0.1126958017660593,0.0,0.0,0.0,0.0,0.11274642859762178
0.0,0.0,0.0,0.0,0.11239833275130734,0.11239177710149953,0.11238552292490316,0.11237958100349005,0.1123739662753293,0.11236869919107931,0.11236376689933944,0.11235949544064221,0.0,0.0,0.0,0.0,0.11240636030059072
0.0,0.0,0.0,0.0,0.11137751928434333,0.11137155444373,0.11136584811869571,0.11136041030979904,0.11135525489691607,0.11135040090429836,0.1113458363098819,0.11134177456863455,0.0,0.0,0.0,0.0,0.11138402872974248
0.0,0.0,0.0,0.0,0.10733289081633209,0.10732766741719837,0.10732265439099126,0.10731786069351625,0.1073132987790253,0.10730898574006195,0.1073049107062149,0.10730118292768473,0.0,0.0,0.0,0.0,0.10733780577405834
0.0,0.0,0.0,0.0,0.09973042341244451,0.09972598363000269,0.09972170814089276,0.09971760474066282,0.09971368429177252,0.0997099617220229,0.09970642747401386,0.09970310322064746,0.0,0.0,0.0,0.0,0.09973389100792525
0.0,0.0,0.0,0.0,0.08949676954083827,0.08949316332461979,0.089489679100463,0.08948632335394668,0.08948310513852449,0.08948003691094436,0.08947711064675877,0.08947433162755766,0.0,0.0,0.0,0.0,0.08949900246865343
0.0,0.0,0.0,0.0,0.07495708132448112,0.07495430079937543,0.07495160613640323,0.07494900244750494,0.07494649687986815,0.0749440992777277,0.07494180326468373,0.074939613005213,0.0,0.0,0.0,0.0,0.07495843600306491
0.0,0.0,0.0,0.0,0.054474495347472986,0.054472617289478005,0.05447079232845764,0.05446902398395903,0.05446731718316288,0.05446567871843437,0.05446410416994397,0.0544625964055364,0.0,0.0,0.0,0.0,0.05447522793652656
0.0,0.0,0.0,0.0,0.029604137704625715,0.029603177533953973,0.02960224221210431,0.029601333569880338,0.02960045417317647,0.02959960756185195,0.029598791423202125,0.02959800724919383,0.0,0.0,0.0,0.0,0.02960442665417811
0.0,0.0,0.0,0.0,0.008349412242976747,0.008349161091875142,0.00834891561982608,0.008348676316973884,0.00834844387123718,0.008348219232558005,0.008348001777062845,0.008347791904196324,0.0,0.0,0.0,0.0,0.008349457244710912
0.0,0.0,0.0,0.0,8e-06,8e-06,8e-06,8e-06,8e-06,8e-06,8e-06,8e-06,0.0,0.0,0.0,0.0,8e-06
0.0,0.0,0.0,0.0,0.008351438128190508,0.008351188361893993,0.00835094424373958,0.008350706261170498,0.00835047509831131,0.008350251699862095,0.0083500354454097,0.008349826732200518,0.0,0.0,0.0,0.0,0.00835148290100979
0.0,0.0,0.0,0.0,0.029606285746450214,0.029605327071393087,0.029604393207248236,0.029603485981966507,0.029602607957439315,0.029601762667999167,0.029600947804576637,0.02960016485681725,0.0,0.0,0.0,0.0,0.029606550002340068,0.0296058176184329
0.0,0.0,0.0,0.0,0.054485516779217556,0.05448364649993532,0.05448182910311511,0.05448006809371418,0.054478368378456876,0.05447673672147999,0.054475168721471325,0.054473667234405235,0.0,0.0,0.0,0.0,0.054486177388358294,0.05448470083463262
0.0,0.0,0.0,0.0,0.07499708891769409,0.07499433703810413,0.07499167016098547,0.07498909334554789,0.07498661366511093,0.0749842408620371,0.07498196862655634,0.07497980108025386,0.0,0.0,0.0,0.0,0.07499828915353446,0.07499605497669959
0.0,0.0,0.0,0.0,0.08951297092703163,0.0895093411203096,0.08950583286956722,0.08950245264191231,0.08949920946411287,0.0894961157553853,0.08949316352081577,0.08949035802804078,0.0,0.0,0.0,0.0,0.08951503163974464,0.08951204782563565,0.08948833322711172
0.0,0.0,0.0,0.0,0.09978371444628809,0.09977925709269092,0.09977496254702971,0.09977083854054956,0.09976689584428787,0.09976314925874756,0.09975958931815594,0.09975622231678533,0.0,0.0,0.0,0.0,0.09978672352899834,0.09978300634631684,0.09975373459020213
0.0,0.0,0.0,0.0,0.10733991942621551,0.10733461049469209,0.10732951159863746,0.10732463169337471,0.10731998322974198,0.10731558329307891,0.1073114210330855,0.10730750373576022,0.0,0.0,0.0,0.0,0.10734406885501209,0.10733959075468309,0.10730454535189993
0.0,0.0,0.0,0.0,0.1114592540991342,0.11145321937384074,0.1114474403989555,0.11144192708450576,0.11143669317965892,0.11143175752484227,0.11142710824095166,0.11142275338440706,0.0,0.0,0.0,0.0,0.11146456599181526,0.11145943637222087,0.111419395671078
0.0,0.0,0.0,0.0,0.11251036163555736,0.11250371416785941,0.11249736415482899,0.11249132225691137,0.11248560323632911,0.11248022729607195,0.11247518177905036,0.11247047534460934,0.0,0.0,0.0,0.0,0.11251682437511346,0.11251131471196414,0.1124667731332615
0.0,0.0,0.0,0.0,0.11296105851433588,0.11295398035194255,0.1129472316665973,0.11294082359690627,0.11293477154243062,0.11292909655576425,0.11292378551922437,0.11291884747412059,0.0,0.0,0.0,0.0,0.11296845368634893,0.11296270532296679,0.11291488544113394
0.0,0.0,0.0,0.0,0.11301697540245126,0.1130095507614811,0.11300247971412508,0.11299577379875944,0.1129894489517795,0.11298352694520311,0.1129779942581292,0.11297286025184039,0.0,0.0,0.0,0.0,0.11302508007528576,0.11301913028974124,0.11296865674245016
0.0,0.0,0.0,0.0,0.11306574745112336,0.11305823731553813,0.11305108732118914,0.1130443090787076,0.11303791861770547,0.1130319378315372,0.1130263531438456,0.11302117397321401,0.0,0.0,0.0,0.0,0.11307409447148949,0.11306811042918144,0.11301684400192671
0.0,0.0,0.0,0.0,0.11314453783465979,0.11313719418165531,0.11313019945833745,0.11312356504657325,0.11311730666400265,0.11311144578139289,0.11310596907569155,0.11310088578206907,0.0,0.0,0.0,0.0,0.11315263750063231,0.11314677169664798,0.11309654193361442
0.0,0.0,0.0,0.0,0.11304349775328834,0.11303644609426394,0.11302972093978784,0.11302333332953389,0.11301729852377496,0.11301163738235873,0.11300633691942145,0.11300140609747236,0.0,0.0,0.0,0.0,0.11305101023395416,0.11304531651984853,0.11299709396043574
0.0,0.0,0.0,0.0,0.11257066392398443,0.11256401189778516,0.11255765522100586,0.11255160448362282,0.11254587434776986,0.1125404848771388,0.11253542351443016,0.1125306988636678,0.0,0.0,0.0,0.0,0.11257682916574845,0.112571252354729,0.11252646594582971,0.11256721903334284
0.0,0.0,0.0,0.0,0.1114765264014182,0.11147044709225089,0.11146462290161287,0.1114590637234359,0.11145378328250363,0.11144880038393368,0.11144410318203178,0.11143969972215337,0.0,0.0,0.0,0.0,0.11148162438296425,0.11147640435111332,0.11143565521236788,0.11147244036997703
0.0,0.0,0.0,0.0,0.10737832320493002,0.10737298812948051,0.10736786189414065,0.10736295340998925,0.10735827506441778,0.107353843853928,0.10734964899513755,0.10734569773993463,0.0,0.0,0.0,0.0,0.10738225060341339,0.10737754372119926,0.10734199349943763,0.10737379364155193
0.0,0.0,0.0,0.0,0.09978908163660627,0.09978458353591296,0.09978024803595019,0.0997760828648249,0.09977209878798611,0.0997683105971498,0.09976470883924961,0.0997612998074203,0.0,0.0,0.0,0.0,0.0997918928287607,0.09978780904214399,0.09975808644601215,0.09978439925430808
0.0,0.0,0.0,0.0,0.08949534356384987,0.08949166688292773,0.08948811212843817,0.08948468579320742,0.08948139693919116,0.08947825803337715,0.08947526105457508,0.08947241129235751,0.0,0.0,0.0,0.0,0.0894972420399526,0.08949381181021177,0.08946971120874575,0.08949081379417281
0.0,0.0,0.0,0.0,0.07495292475996641,0.07495009708262312,0.07494735529432656,0.07494470451558506,0.07494215190467435,0.07493970732030497,0.07493736438239605,0.07493512726366414,0.0,0.0,0.0,0.0,0.0749541031470393,0.07495139990865135,0.07493299789723576,0.07494893090927947
0.0,0.0,0.0,0.0,0.054461375672441734,0.05445946404460757,0.054457605735100514,0.054455804282370186,0.054454064639659065,0.05445239363490588,0.054450786827875595,0.0544492471024632,0.0,0.0,0.0,0.0,0.05446200528689285,0.054460139150994805,0.05444777578931602,0.0544583606873153
0.0,0.0,0.0,0.0,0.02959908245919978,0.029598108991082048,0.02959716044756949,0.02959623866674309,0.029595346224553516,0.029594486674608667,0.02959365769624832,0.029592860787621012,0.0,0.0,0.0,0.0,0.029599327184380696,0.029598359293167478,0.029592096637488442,0.029597408730677958
0.0,0.0,0.0,0.0,0.008349239309726227,0.008348986429963541,0.008348739229727037,0.008348498199472554,0.008348264027535548,0.008348037664416242,0.008347818486031918,0.00834760689212132,0.0,0.0,0.0,0.0,0.008349276886726277,0.008349019415430262,0.008347403065578596,0.008348765579499958
0.0,0.0,0.0,0.0,8e-06,8e-06,8e-06,8e-06,8e-06,8e-06,8e-06,8e-06,0.0,0.0,0.0,0.0,8e-06,8e-06,8e-06,8e-06
0.0,0.0,0.0,0.0,0.008349685782270617,0.008349433209418668,0.00834918630928557,0.008348945571732005,0.008348711684257468,0.008348485596207213,0.008348266684260816,0.008348055347672637,0.0,0.0,0.0,0.0,0.008349723317297183,0.008349466159332604,0.008347851769116451,0.008349212632415916
0.0,0.0,0.0,0.0,0.02960798256014378,0.029607015346274006,0.029606072900038537,0.029605157047697617,0.029604270348615735,0.029603416333501508,0.02960259269675178,0.02960180092689493,0.0,0.0,0.0,0.0,0.029608225835062514,0.029607264190788973,0.02960104170830128,0.029606319767399258
0.0,0.0,0.0,0.0,0.05448786722605183,0.05448597451353866,0.05448413460421401,0.05448235100145779,0.054480628609344495,0.05447897418796694,0.05447738334157535,0.054475858925526977,0.0,0.0,0.0,0.0,0.05448848504985566,0.05448663617964404,0.054474402257410466,0.0544848257317316
0.0,0.0,0.0,0.0,0.07499259791441969,0.07498979905685658,0.07498708523656937,0.07498446152176265,0.07498193499744875,0.0749795154213053,0.07497719647929002,0.07497498230156549,0.0,0.0,0.0,0.0,0.07499373886504089,0.07499105767239005,0.07497287480173517,0.07498844087210091
0.0,0.0,0.0,0.0,0.08949583484554291,0.0894921230104332,0.08948853303838936,0.08948507142434542,0.08948174723236864,0.08947857293160148,0.08947554050452809,0.08947265524350412,0.0,0.0,0.0,0.0,0.08949766539479741,0.0894941852941599,0.0894699196136047,0.08949080085311974,0.08946794854467152,0.08948829137165083
0.0,0.0,0.0,0.0,0.09976533733727778,0.09976076602153552,0.09975635784953008,0.09975212058497648,0.09974806504161159,0.0997442060762992,0.0997405342023269,0.09973705574352286,0.0,0.0,0.0,0.0,0.0997680133037303,0.09976382617633296,0.09973377366139369,0.09975977120476172,0.09973136594316874,0.09975665527128752
0.0,0.0,0.0,0.0,0.10730458422309097,0.10729911119587644,0.10729384901904555,0.10728880670629665,0.1072839967858487,0.10727943644575055,0.10727511479251542,0.10727103916409776,0.0,0.0,0.0,0.0,0.10730828515422988,0.10730338876384535,0.10726721301617548,0.10729866766057959,0.1072643581280929,0.10729491579817547,0.0
0.0,0.0,0.0,0.0,0.11135278979591524,0.11134649715854954,0.11134046334264922,0.11133469841175964,0.11132921632336495,0.11132403619901539,0.11131914601022536,0.11131455394410002,0.0,0.0,0.0,0.0,0.11135756484659146,0.1113520574206389,0.11131026387693777,0.11134676956694241,0.11130701070664892,0.11134243231686579,0.0
0.0,0.0,0.0,0.0,0.11236581544068037,0.11235884418736368,0.11235217489177361,0.11234581841926189,0.11233978981012291,0.11233410964260523,0.11232876505862593,0.11232376489129103,0.0,0.0,0.0,0.0,0.11237158142987742,0.11236559223551607,0.11231911334213261,0.11235986305988709,0.11231552964170168,0.11235501962321548,0.0
0.0,0.0,0.0,0.0,0.11274175807303623,0.11273426752481779,0.11272711376762848,0.11272030824119597,0.11271386675551899,0.11270781091876646,0.11270212730416244,0.11269682520596212,0.0,0.0,0.0,0.0,0.11274833138848377,0.11274198543188745,0.1126919090615401,0.11273593248287155,0.11268806064033035,0.11273066363428598,0.0
0.0,0.0,0.0,0.0,0.11278274471945865,0.11277487573009765,0.11276736835594454,0.11276023445593225,0.11275349040281385,0.11274715855872017,0.11274122507679156,0.11273569958777689,0.0,0.0,0.0,0.0,0.11278987730514206,0.11278326496052518,0.11273058670021188,0.11277696908244875,0.11272651704645076,0.11277132745261027,0.0
0.0,0.0,0.0,0.0,0.1128019207844821,0.11279393711433496,0.11278632276364345,0.1127790897007214,0.112772254442863,0.11276583954368752,0.1127598310574787,0.1127542387026002,0.0,0.0,0.0,0.0,0.11280920970317727,0.1128025143261634,0.11274906713397898,0.11279614279168068,0.11274487743029414,0.11279026421951502,0.0
0.0,0.0,0.0,0.0,0.11291415999315174,0.1129063805811277,0.11289895803988699,0.11289190406768498,0.11288523481282468,0.11287897232846543,0.1128731029698102,0.11286763623792641,0.0,0.0,0.0,0.0,0.11292114118552918,0.1129145897176487,0.11286257668234231,0.11290835060716081,0.11285839963920512,0.1129024206896941,0.0
0.0,0.0,0.0,0.0,0.11289596585636187,0.11288856784917442,0.11288150118426395,0.11287477711253809,0.11286841117975542,0.11286242462990013,0.11285680427673579,0.11285155926250359,0.0,0.0,0.0,0.0,0.11290238903007684,0.11289610795917641,0.11284669395620409,0.11289011520866785,0.11284259511986541,0.11288440292097751,0.0
0.0,0.0,0.0,0.0,0.11256093353015792,0.11255407624847732,0.11254751433161926,0.11254125840352502,0.11253532316653292,0.11252972873300585,0.11252446255279468,0.11251953326456486,0.0,0.0,0.0,0.0,0.1125665458414054,0.11256064357355211,0.1125149449824071,0.11255499571450212,0.11251099594562917,0.11254959477382909,0.0
0.0,0.0,0.0,0.0,0.11148649003299656,0.11148025535525442,0.11147427522875349,0.11146855955143382,0.11146312204823168,0.11145798151947166,0.1114531261524629,0.11144856400145729,0.0,0.0,0.0,0.0,0.11149116983781837,0.11148570408922087,0.11144429888415656,0.11148045433002696,0.11144054488862226,0.1114754134951803,0.0
0.0,0.0,0.0,0.0,0.10739484650580484,0.10738939665517278,0.10738415497099853,0.10737913035508186,0.10737433517801476,0.10736978640966476,0.107365473305574,0.10736140311431425,0.0,0.0,0.0,0.0,0.10739849302210422,0.10739361100688156,0.10735757925295629,0.10738890206861543,0.10735413542833488,0.10738435976567207,0.0
0.0,0.0,0.0,0.0,0.09980775177120171,0.09980317130093794,0.09979875279515513,0.0997945039659462,0.09979043555378994,0.09978656231366488,0.09978287483143546,0.099779379390265,0.0,0.0,0.0,0.0,0.09981040701611692,0.09980620767619235,0.09977607893513911,0.09980213954095507,0.09977303667558436,0.09979819695206592,0.0,0.0
0.0,0.0,0.0,0.0,0.08950072502632282,0.08949698314368462,0.08949336295835837,0.08948987096148059,0.08948651621101057,0.08948331116695767,0.08948024782256968,0.08947733146812693,0.0,0.0,0.0,0.0,0.08950255492733207,0.08949904481795048,0.08947456456943165,0.08949563023170812,0.089471954877409,0.08949230634435426,0.0,0.0
0.0,0.0,0.0,0.0,0.07495568592673213,0.07495281610552158,0.07495003205087751,0.07494733888276199,0.07494474375777252,0.07494225653149067,0.07493987083166169,0.07493759083182712,0.0,0.0,0.0,0.0,0.0749568369258403,0.07495408570580735,0.0749354184675251,0.07495139940944028,0.07493335736810054,0.07494877418887012,0.0,0.0
0.0,0.0,0.0,0.0,0.054468927243562594,0.054466996752727835,0.054465119399348144,0.05446329871342452,0.05446153963591389,0.054459848977413385,0.05445822231198311,0.05445666251731273,0.0,0.0,0.0,0.0,0.054469549114796456,0.05446766270015049,0.05445517092224577,0.054465814938874695,0.05445375002948129,0.05446400315328625,0.0,0.0
0.0,0.0,0.0,0.0,0.029597225632515756,0.02959624106951961,0.029595281450309152,0.029594348615996628,0.02959344514663056,0.029592574601340772,0.029591734656924645,0.029590926814257748,0.0,0.0,0.0,0.0,0.029597445494911917,0.029596461047942172,0.0295901517637349,0.029595493931294646,0.02958941081069938,0.029594542737185186,0.0,0.0,0.029593813705199187
0.0,0.0,0.0,0.0,0.00834823750523072,0.008347982322449071,0.008347732832280881,0.008347489526598247,0.008347253095705165,0.008347024492803832,0.008346803092187735,0.008346589294788967,0.0,0.0,0.0,0.0,0.00834827055370305,0.008348009761417318,0.008346383284102145,0.008347752610590257,0.008346185408821157,0.00834749872117591,0.0,0.0,0.008347295603143854
0.0,0.0,0.0,0.0,8e-06,8e-06,8e-06,8e-06,8e-06,8e-06,8e-06,8e-06,0.0,0.0,0.0,0.0,8e-06,8e-06,8e-06,8e-06,8e-06,8e-06,0.0,0.0,8e-06
0.0,0.0,0.0,0.0,0.00834976462320631,0.008349510496251995,0.008349262038639014,0.008349019740203863,0.008348784288391349,0.008348556632453496,0.008348336149290468,0.008348123238177482,0.0,0.0,0.0,0.0,0.008349796623359789,0.008349536712403302,0.008347918081855171,0.008349280427881486,0.008347721027577536,0.008349027391336247,0.0,0.0,0.008348809595108371
0.0,0.0,0.0,0.0,0.029603000078636192,0.029602019609897598,0.029601063983191265,0.029600135031960913,0.029599235325495517,0.0295983684080703,0.02959753196624688,0.029596727494659168,0.0,0.0,0.0,0.0,0.029603208062981345,0.02960222533060176,0.029595955680851584,0.029601259855461907,0.02959521782474341,0.029600310235769353,0.0,0.0,0.0295994693439911
0.0,0.0,0.0,0.0,0.054477847502935835,0.05447592345618464,0.054474052373536266,0.0544722377731799,0.05447048457951339,0.05446879958028519,0.05446717836452958,0.05446562380032277,0.0,0.0,0.0,0.0,0.05447837199309038,0.05447647118391203,0.05446413721210666,0.054474608875934326,0.054462721094226806,0.054472782401277835,0.0,0.0,0.054471122138386466
0.0,0.0,0.0,0.0,0.07498805824770928,0.07498521228362336,0.07498245139152321,0.07497978064867487,0.0749772071518759,0.0749747406742462,0.07497237489739532,0.0749701139601198,0.0,0.0,0.0,0.0,0.07498901701497811,0.07498624901532715,0.07496795978200488,0.07498354536744835,0.07496591596220749,0.07498090225772859,0.0,0.0,0.07497844203096561
0.0,0.0,0.0,0.0,0.0895447164065946,0.08954100749147706,0.08953741922685539,0.08953395804617113,0.0895306329266599,0.08952745621709376,0.08952441998313501,0.08952152946812965,0.0,0.0,0.0,0.0,0.08954622822898337,0.08954268350614887,0.0895187871162726,0.08953923340859518,0.08951619748644417,0.08953587315908756,0.0,0.0,0.08953267685649954,0.0
0.0,0.0,0.0,0.0,0.09985781022073985,0.09985326447478635,0.09984887936691378,0.09984466254429658,0.09984062465659387,0.09983678033364513,0.09983312024302839,0.09982965061523166,0.0,0.0,0.0,0.0,0.09986000258249848,0.09985573913026992,0.09982637437111339,0.09985160569570917,0.09982329692629043,0.09984759667540437,0.0,0.0,0.09984371661136633,0.0
0.0,0.0,0.0,0.0,0.1074637410732379,0.10745833531619334,0.10745313570998055,0.1074481510683006,0.10744339363847813,0.1074388802205146,0.10743460018136267,0.10743056069831676,0.0,0.0,0.0,0.0,0.10746677045410896,0.10746180080604754,0.10742676515601994,0.10745700241512844,0.10742321979055275,0.10745236891548864,0.0,0.0,0.10744790554995098,0.0
0.0,0.0,0.0,0.0,0.11155774921400811,0.11155155247705954,0.11154560801546999,0.11153992563793523,0.1115345189443226,0.11152940656242376,0.11152457679411941,0.11152003762182232,0.0,0.0,0.0,0.0,0.11156166736065684,0.11155607649635424,0.11151579283108556,0.11155069951277782,0.11151184935410494,0.11154552942602633,0.0,0.0,0.111540572077781,0.0
0.0,0.0,0.0,0.0,0.11266868643001508,0.11266188658688311,0.1126553784325616,0.11264917245769282,0.11264328317782853,0.11263773044767408,0.11263250188841357,0.11262760603156528,0.0,0.0,0.0,0.0,0.11267340075025756,0.11266736442066805,0.11262304694340677,0.11266157914450092,0.11261883202916277,0.11265603754998685,0.0,0.0,0.11265074589027099,0.0
0.0,0.0,0.0,0.0,0.11305361359724267,0.11304630226406773,0.1130393166480109,0.11303266780697852,0.11302637101636732,0.1130204471472902,0.11301488326133464,0.1130096883456854,0.0,0.0,0.0,0.0,0.11305901971565506,0.1130526095345223,0.11300486670015895,0.1130464825942137,0.11300042612186792,0.11304063120466756,0.0,0.0,0.11303506196047926,0.0
0.0,0.0,0.0,0.0,0.11310472518942992,0.11309691401120606,0.113089452502057,0.11308235214531374,0.11307562878261906,0.11306930403904204,0.11306336458372453,0.1130578197504341,0.0,0.0,0.0,0.0,0.11311123638950095,0.11310455731144498,0.11305267402430316,0.11309818428593969,0.1130479355035954,0.11309210939003611,0.0,0.0,0.11308633946372072,0.0,0.11304460837495789
0.0,0.0,0.0,0.0,0.11314804231582498,0.11314013389397289,0.11313258183713222,0.11312539770931003,0.11311859745656593,0.1131122028401943,0.11310620046687145,0.11310059973490093,0.0,0.0,0.0,0.0,0.11315474723687675,0.11314801143508568,0.113095405165418,0.11314158818638279,0.11309062491200153,0.11313546953357621,0.0,0.0,0.11312966236450173,0.0,0.11308721060493941
0.0,0.0,0.0,0.0,0.1130104664199882,0.11300256051420637,0.11299500766540543,0.11298781947642612,0.11298101195462186,0.11297460695203677,0.11296859099575178,0.11296297351710147,0.0,0.0,0.0,0.0,0.11301710833423978,0.11301035993212256,0.11295775904778994,0.11300392052664206,0.11295295577104797,0.1129977821086156,0.0,0.0,0.1129919515877978,0.0,0.11294946030395812
