1.3339646107256158e-14,0.0,0.0,1.657776804379142e-14,0.0,1.682415245982895e-14,0.0,0.0,0.0
1.3340211963602618e-14,0.0,0.0,1.2093496276611944e-14,0.0,1.2409588016643634e-14,0.0,0.0,0.0
1.3340985031634808e-14,0.0,0.0,1.907890953000111e-14,0.0,1.9773791380722397e-14,0.0,0.0,0.0
1.334180620986155e-14,0.0,0.0,1.5774824889997674e-14,0.0,1.6504859135700678e-14,0.0,0.0,1.7752364704212142e-14
1.3344260667993615e-14,0.0,0.0,1.346360014102888e-14,0.0,1.421458482404323e-14,0.0,0.0,1.3402892844423463e-14
1.334282985085732e-14,0.0,0.0,1.1755615391364681e-14,0.0,1.2520415853634415e-14,0.0,0.0,2.1105069467530434e-14
1.3343990091494102e-14,0.0,0.0,2.0884813519073003e-14,0.0,1.1216910795095484e-14,0.0,0.0,1.722777605091351e-14
1.3344731844124952e-14,0.0,0.0,1.8802437145228885e-14,0.0,2.036779729061947e-14,0.0,0.0,1.445800738935549e-14
1.3344889277175845e-14,0.0,0.0,1.7111080763143838e-14,0.0,1.8688950139961532e-14,0.0,0.0,1.2289258471862324e-14
1.334485305134562e-14,0.0,0.0,1.5709994858108177e-14,0.0,1.7300182594197128e-14,0.0,0.0,2.1253199956044928e-14
1.3345168198289098e-14,0.0,0.0,1.453065182281915e-14,0.0,1.613419986907536e-14,0.0,0.0,1.8595265468546675e-14
1.334526759519977e-14,0.0,0.0,1.3524120663032115e-14,0.0,1.5137910561510552e-14,0.0,0.0,1.6431717916323863e-14
1.3345186081721604e-14,0.0,0.0,1.265520087289532e-14,0.0,1.4280672895518903e-14,0.0,0.0,1.4659174188705457e-14
1.334531700898513e-14,0.0,0.0,1.1897475821553662e-14,0.0,1.3532575459329759e-14,0.0,0.0,1.3168748829098074e-14
1.3345292116020514e-14,0.0,0.0,1.1230909822924557e-14,0.0,1.2877404187975928e-14,0.0,0.0,1.1899103261213348e-14
1.3345471662311835e-14,0.0,0.0,2.1296125386868064e-14,0.0,1.2296940062005716e-14,0.0,0.0,2.1653709733972515e-14
1.3345871455634748e-14,0.0,0.0,2.023961484790567e-14,0.0,1.1779988546148611e-14,0.0,0.0,1.9801916225500705e-14
1.3346344190593659e-14,0.0,0.0,1.928930835126765e-14,0.0,1.1316363983063749e-14,0.0,0.0,1.8193791998053635e-14
1.3344974612953208e-14,2.1864674335953944e-14,0.0,1.8434468027787118e-14,0.0,2.1847834637296768e-14,0.0,0.0,1.6787253867166747e-14
1.334738337464867e-14,2.119349347956162e-14,0.0,1.7656167304406886e-14,0.0,2.1036226970337832e-14,0.0,0.0,1.5549009957562264e-14
1.334821850443229e-14,2.0543905014726e-14,0.0,1.6949141608748297e-14,0.0,2.039946753319797e-14,0.0,0.0,1.4452760849760342e-14
1.3350205544247095e-14,1.9919617809289185e-14,0.0,1.6288695336485515e-14,0.0,1.9733430460294415e-14,0.0,0.0,1.3476285683738642e-14
1.3354938574224944e-14,0.0,0.0,1.5705972947421944e-14,0.0,1.915582285060656e-14,0.0,0.0,1.260253986506015e-14
1.3350421890864925e-14,0.0,0.0,1.5156933774444887e-14,0.0,1.863486666307639e-14,0.0,0.0,1.181961269801759e-14
1.335199137895057e-14,1.82171045983348e-14,0.0,1.465025575054586e-14,0.0,1.814583752995668e-14,0.0,0.0,2.2202453852333404e-14
1.3352890351214282e-14,1.7711167010713125e-14,0.0,1.417936941275893e-14,0.0,1.7703103541222958e-14,0.0,0.0,2.093549063318077e-14
1.3353748693583125e-14,1.723375630601969e-14,0.0,1.3741989643202504e-14,0.0,1.7281425978584044e-14,0.0,0.0,1.9770897114543945e-14
1.335369148069369e-14,1.6783418146897243e-14,0.0,1.3335497799826377e-14,0.0,1.6926090386886586e-14,0.0,0.0,1.8709029883123878e-14
1.3355211097311425e-14,0.0,0.0,1.2954950317033625e-14,0.0,1.6547133388010218e-14,0.0,0.0,1.7732752139272163e-14
1.3355371436828422e-14,2.1909496014988793e-14,0.0,1.2596982868109826e-14,0.0,1.6210369898863413e-14,0.0,0.0,1.6836766559260016e-14
1.3356422439360096e-14,2.1574386512595343e-14,0.0,1.2264389069399303e-14,0.0,1.5921167993891132e-14,0.0,0.0,1.6029763255998813e-14
1.3356514907490146e-14,2.157603878453634e-14,0.0,1.1950184688004919e-14,0.0,1.5609173738212772e-14,0.0,0.0,1.5274630477347045e-14
1.3356718507480175e-14,0.0,0.0,1.1652492591926314e-14,0.0,1.5334771675456384e-14,0.0,0.0,1.45763408438794e-14
1.3356676418211665e-14,2.0628663777044845e-14,0.0,1.1370286622178807e-14,0.0,1.510035710495531e-14,0.0,0.0,1.3919535609168126e-14
1.3356782586883123e-14,2.052645123985942e-14,0.0,1.1111534752421902e-14,0.0,1.4859906827016558e-14,0.0,0.0,1.331971179523799e-14
1.3356769152026608e-14,2.1024429440005477e-14,0.0,2.1742383855953242e-14,0.0,1.463385091618199e-14,0.0,0.0,1.2770752507514057e-14
1.3356986608696088e-14,2.1907772012665634e-14,0.0,2.126903764698861e-14,0.0,1.4400415295143796e-14,0.0,0.0,1.225133762200018e-14
1.335689648901513e-14,2.149380788309681e-14,0.0,2.082745734472349e-14,0.0,1.4208340151911057e-14,0.0,0.0,1.176631105395928e-14
1.3356121233627429e-14,1.62963129030684e-14,0.0,2.0397113215241814e-14,0.0,1.4031533778667596e-14,0.0,0.0,1.131205270458598e-14
1.335624476446991e-14,2.1777584183345596e-14,0.0,1.9985216887641697e-14,0.0,1.385304493462921e-14,0.0,0.0,2.1766866868949675e-14
1.3356518311459053e-14,2.2143423649391076e-14,0.0,1.960788335876853e-14,0.0,1.3684408977637448e-14,0.0,0.0,2.0961219517032553e-14
1.335592354839022e-14,2.1155924226511144e-14,0.0,1.923923361415242e-14,0.0,1.352495893663502e-14,0.0,0.0,2.021146572097632e-14
1.3357246553398477e-14,2.1534770814502886e-14,0.0,1.8880767747419137e-14,0.0,1.3364442531338821e-14,0.0,0.0,1.9512221078813766e-14
1.3358058624752562e-14,2.1245405977883535e-14,0.0,1.854796825791824e-14,0.0,1.3218212898977735e-14,0.0,0.0,1.8847479704723102e-14
1.3358322322539884e-14,2.1098262277925047e-14,0.0,1.8226587759811614e-14,0.0,1.3087116903713401e-14,0.0,0.0,1.8220358486901986e-14
1.3359331645257762e-14,2.205004321493627e-14,0.0,1.7918983733203655e-14,0.0,1.2966004401880476e-14,0.0,0.0,1.7622150626235137e-14
1.3360112493278182e-14,2.1753314731612346e-14,0.0,1.7627526367647003e-14,0.0,1.2837960934158122e-14,0.0,0.0,1.70669142528083e-14
1.336068244544236e-14,2.021531815099396e-14,0.0,1.734497119012311e-14,0.0,1.2729079983885171e-14,0.0,0.0,1.653178602539133e-14
1.3361543441228967e-14,1.990591290546012e-14,0.0,1.7073846716089423e-14,0.0,1.2619606847601327e-14,0.0,0.0,1.6034692550669318e-14
1.3362555966147116e-14,2.2096125030471837e-14,0.0,1.680995141383502e-14,0.0,1.2505826859011911e-14,0.0,0.0,1.5557696825579787e-14
1.336429174871149e-14,2.193863452437316e-14,0.0,1.655809705204467e-14,0.0,1.2405051772087932e-14,0.0,0.0,1.5104645747563797e-14
1.3364406728685237e-14,2.024373391844346e-14,0.0,1.6322671452233038e-14,0.0,1.2323225045001731e-14,0.0,0.0,1.4668698833282597e-14
1.3364846866508813e-14,2.1632081854239686e-14,0.0,1.6087483378585168e-14,0.0,1.2223880655739593e-14,0.0,0.0,1.426401772979152e-14
1.3365602027296623e-14,2.1946397368351733e-14,0.0,1.5864501509656133e-14,0.0,1.2149539758634979e-14,0.0,0.0,1.3872418468166514e-14
1.336661405354401e-14,2.1628744417696325e-14,0.0,1.56532762834977e-14,0.0,1.2069133060546983e-14,0.0,0.0,1.350138143906591e-14
1.336675760483693e-14,2.193825233082762e-14,0.0,1.544186303945061e-14,0.0,1.1992730141219814e-14,0.0,0.0,1.3146238911173139e-14
1.336706854225574e-14,2.174235300207104e-14,0.0,1.5242159461277004e-14,0.0,1.1920134251852808e-14,0.0,0.0,1.2807386090739787e-14
1.3366334839350175e-14,2.1541661567379118e-14,0.0,1.5053336122283792e-14,0.0,1.1847380629285459e-14,0.0,0.0,1.2478290153693348e-14
1.3367268887387294e-14,2.1337970322191926e-14,0.0,1.486701163800389e-14,0.0,1.178206276397264e-14,0.0,0.0,1.2167719605989122e-14
1.3367358813462965e-14,2.2110751666026042e-14,0.0,1.468696208993749e-14,0.0,1.171248084482566e-14,0.0,0.0,1.1867223587019069e-14
1.3366741614224553e-14,2.1921116732445058e-14,0.0,1.4507052142387204e-14,0.0,1.166432710460468e-14,0.0,0.0,1.1590679802045778e-14
1.3367737619630413e-14,2.0718393901805054e-14,0.0,1.434450696573747e-14,0.0,1.1597187723405696e-14,0.0,0.0,1.1320074418972226e-14
1.3367733437414526e-14,2.1109767163045532e-14,0.0,1.4178620594972708e-14,0.0,1.1552213893274075e-14,0.0,0.0,2.211015044086444e-14
1.3367764612581998e-14,2.2022624079193568e-14,0.0,1.4021052953174128e-14,0.0,1.150192675387965e-14,0.0,0.0,2.158872210416952e-14
1.3367912367034408e-14,2.1746398260667566e-14,0.0,1.3868437136309984e-14,0.0,1.1456718133075418e-14,0.0,0.0,2.112685927204642e-14
1.3368315678491062e-14,2.147631625453824e-14,0.0,1.3720554191818755e-14,0.0,1.1411398705039836e-14,0.0,0.0,2.067031600810006e-14
1.3369422118890498e-14,2.08559167468832e-14,0.0,1.3579325220264431e-14,0.0,1.13684965192224e-14,0.0,0.0,2.0218699015985826e-14
1.3369031305240293e-14,2.0959205643616048e-14,0.0,1.3440095216798691e-14,0.0,1.1325983025347557e-14,0.0,0.0,1.9796458194879843e-14
1.3369202520493345e-14,2.0712914011620448e-14,0.0,1.33032992160625e-14,0.0,1.1289561196014411e-14,0.0,0.0,1.938396937468969e-14
1.3372126953036603e-14,2.1977447353679006e-14,0.0,1.3173905000781612e-14,0.0,1.1251754114194018e-14,0.0,0.0,1.898666685880037e-14
1.337328567732496e-14,2.2084606803963666e-14,0.0,1.3046608309672855e-14,0.0,1.1217768555810506e-14,0.0,0.0,1.859832698826266e-14
1.3372591556288081e-14,2.18302718025757e-14,0.0,1.2921125008982787e-14,0.0,1.1173967320471255e-14,0.0,0.0,1.821214888120494e-14
1.3373021790107818e-14,2.2120106618826135e-14,0.0,1.2802838380252259e-14,0.0,1.1155669988334765e-14,0.0,0.0,1.7878475030420867e-14
