1.0337662692944182e-05
2.1523489538328525e-05
3.2899810190635777e-05
4.44132844858928e-05
5.5731904745010904e-05
6.643916308817283e-05
7.614336058789321e-05
8.424334730314552e-05
8.995410479827263e-05
9.271767264396868e-05
9.29428259620608e-05
9.216980116113417e-05
9.239499937695674e-05
9.532439254034033e-05
0.00010142936111311965
0.00011016097304290344
0.0001213064986321182
0.00013387546433038167
0.0001475052780094509
0.000161719009270374
0.00017602057099876624
0.000190341005720068
0.00020466856117052314
0.00021903188343912989
0.00023347083261774387
0.0002480102524126961
0.000263314672670265
0.0002787335315786399
0.0002938105113488084
0.0003079604786518304
0.0003207351107359394
0.0003314178106640462
0.0003389973690806402
0.0003426819717935672
0.00034298217019347496
0.0003419514704589061
0.00034225168205635824
0.0003459365508404833
0.0003535512934925003
0.00036435236349555866
0.0003784638608746776
0.00039431125843944156
0.00041142741703067124
0.00042921512061461605
0.00044716758452998696
0.0004651959637240797
0.00048328731351468036
0.0005014774330194777
0.0005198198458323581
0.0005382722059918358
0.0005568217704637612
0.000575375566822202
0.0005934023406066455
0.0006102583436540684
0.0006254188271655515
0.0006380187088201054
0.0006469018804414765
0.0006513712185301302
0.0006517369050617875
0.0006504758342120536
0.0006508446815974728
0.0006553894182016317
0.0006648151419553312
0.0006782316188868565
0.0006944321088057086
0.0007125442683021991
0.0007319648489863411
0.0007520037280412513
0.0007720896339116713
0.0007921217903949052
0.0008127647184779918
0.0008334191458531406
0.000854133715143087
