2.6755419419906445e-06
5.63399049406151e-06
8.532401941545406e-06
1.1326959124202457e-05
1.4027305191010008e-05
1.6584737104735575e-05
1.9063684781764652e-05
2.1335042203875802e-05
2.354867987538542e-05
2.5538333695204097e-05
2.729341840451695e-05
2.9628330380156963e-05
3.2219920231204244e-05
3.451746711423654e-05
3.6629450748233854e-05
3.8779115282068237e-05
4.087561188253888e-05
4.303068148700817e-05
4.520901423246743e-05
4.760221600299218e-05
5.004689318006961e-05
5.2518099840287914e-05
5.507331321712949e-05
5.76018692657117e-05
6.0138591485276915e-05
6.265147328340703e-05
6.508486731368024e-05
6.746675531762e-05
7.002423503712376e-05
7.25547315976738e-05
7.530916949022769e-05
7.79256360608946e-05
8.066886135494098e-05
8.31390425909303e-05
8.538506164944602e-05
8.749544123992912e-05
8.907113177954432e-05
9.042495007765874e-05
9.158322494854159e-05
9.272558340191652e-05
9.373939737187017e-05
9.484331663181496e-05
9.605856281121855e-05
9.752535392665248e-05
9.912035228694067e-05
0.00010073922139162794
0.00010229324663302187
0.00010384118498119095
0.00010555976897187857
0.00010746449387042287
0.00010943611073663102
0.00011139802183637279
0.00011331406158420736
0.00011524389929476967
0.00011728497312900053
0.00011943070500296428
0.0001214354099848531
0.00012305245985362053
0.00012443821069827278
0.00012545951459944982
0.0001262737705935352
0.00012681455872316094
0.0001271894838098118
0.00012758979692434794
0.00012799975797285932
0.00012850609280352067
0.00012912272320056195
0.00012987115809640475
0.00013081620336810715
0.00013188226120584037
0.0001330552092576034
0.00013434810358405977
0.0001357996668457558
