2.6755419419906445e-06
8.309532436052155e-06
1.6841934377597562e-05
2.816889350180002e-05
4.219619869281003e-05
5.8780935797545604e-05
7.784462057931025e-05
9.917966278318605e-05
0.00012272834265857147
0.00014826667635377556
0.00017556009475829253
0.00020518842513844948
0.00023740834536965373
0.0002719258124838903
0.00030855526323212416
0.0003473343785141924
0.0003882099903967313
0.00043124067188373945
0.00047644968611620686
0.000524051902119199
0.0005740987952992686
0.0006266168951395565
0.0006816902083566861
0.0007392920776223978
0.0007994306691076747
0.0008620821423910817
0.000927167009704762
0.000994633765022382
0.0010646580000595058
0.0011372127316571796
0.0012125219011474072
0.0012904475372083018
0.0013711163985632429
0.001454255441154173
0.0015396405028036192
0.0016271359440435482
0.0017162070758230926
0.0018066320259007512
0.001898215250849293
0.0019909408342512094
0.0020846802316230794
0.0021795235482548942
0.002275582111066113
0.0023731074649927654
0.002472227817279706
0.002572967038671334
0.002675260285304356
0.002779101470285547
0.0028846612392574257
0.0029921257331278484
0.0031015618438644792
0.003212959865700852
0.0033262739272850598
0.0034415178265798296
0.00355880279970883
0.0036782335047117944
0.0037996689146966474
0.003922721374550268
0.00404715958524854
0.00417261909984799
0.004298892870441525
0.004425707429164686
0.004552896912974497
0.004680486709898845
0.004808486467871704
0.004936992560675224
0.005066115283875786
0.005195986441972191
0.005326802645340298
0.005458684906546139
0.005591740115803742
0.005726088219387802
0.0058618878862335575
