4.7876330116999096e-11
2.1159996506112353e-10
4.982048285001941e-10
9.13116231227284e-10
1.4615744714719694e-09
2.1486573451407766e-09
2.981321740960445e-09
3.958890181560997e-09
5.078591784418402e-09
6.341967089010046e-09
7.74359240107636e-09
9.296012980655578e-09
1.102097650666021e-08
1.2917959782019786e-08
1.4982602809714662e-08
1.7214610717765142e-08
1.961878473563255e-08
2.2201306661627523e-08
2.4971849433803985e-08
2.7936777718147358e-08
3.110752758518066e-08
3.449363191104969e-08
3.809882325951399e-08
4.193376331463585e-08
4.600910890990765e-08
5.0324678038584884e-08
5.488599703508666e-08
5.969543926122808e-08
6.475674541647544e-08
7.007576576747299e-08
7.566185864216159e-08
8.150685585137646e-08
8.762662183523445e-08
9.400345922948756e-08
1.0062621943776286e-07
1.0747996027453265e-07
1.1452510062234461e-07
1.2170432411117895e-07
1.2899940193009731e-07
1.3639929063778444e-07
1.4390111050756156e-07
1.5151327864852441e-07
1.5925610090298307e-07
1.6714814261874973e-07
1.752075172632123e-07
1.8345019922760212e-07
1.9188853206205062e-07
2.0053226835105233e-07
2.0939413009548544e-07
2.1848480452879697e-07
2.2781024720768406e-07
2.3737934882494727e-07
2.4719245258787737e-07
2.572504418544893e-07
2.6755758264151857e-07
2.7811249865400404e-07
2.8890542805199617e-07
2.9991160953857674e-07
3.111000843688419e-07
3.224272084520513e-07
3.338360605849986e-07
3.4527630272134555e-07
3.5670578026349703e-07
3.6810910756453795e-07
3.794894255704328e-07
3.908689995858481e-07
4.0227763612611185e-07
4.1374592627193945e-07
4.2530663554586325e-07
4.3698665961402615e-07
4.4882033258421324e-07
4.6083828482817403e-07
4.730713102505845e-07
