4.7876330116999096e-11
2.5947629517812265e-10
7.576811236783167e-10
1.6707973549056007e-09
3.1323718263775702e-09
5.281029171518347e-09
8.262350912478793e-09
1.222124109403979e-08
1.7299832878458193e-08
2.364179996746824e-08
3.1385392368544597e-08
4.068140534920018e-08
5.170238185586039e-08
6.462034163788017e-08
7.960294444759482e-08
9.681755516535997e-08
1.1643633990099252e-07
1.3863764656262005e-07
1.6360949599642403e-07
1.915462737145714e-07
2.2265380129975207e-07
2.571474332108018e-07
2.9524625647031576e-07
3.371800197849516e-07
3.8318912869485924e-07
4.335138067334441e-07
4.883998037685308e-07
5.480952430297588e-07
6.128519884462342e-07
6.829277542137072e-07
7.585896128558688e-07
8.400964687072453e-07
9.277230905424797e-07
1.0217265497719674e-06
1.1223527692097301e-06
1.2298327294842628e-06
1.3443578301066075e-06
1.4660621542177865e-06
1.5950615561478838e-06
1.7314608467856683e-06
1.87536195729323e-06
2.026875235941754e-06
2.1861313368447374e-06
2.353279479463487e-06
2.528486996726699e-06
2.7119371959543014e-06
2.903825728016352e-06
3.1043579963674043e-06
3.3137521264628897e-06
3.5322369309916864e-06
3.7600471781993706e-06
3.997426527024318e-06
4.244618979612195e-06
4.501869421466685e-06
4.769427004108203e-06
5.047539502762207e-06
5.336444930814203e-06
5.63635654035278e-06
5.947456624721622e-06
6.269883833173673e-06
6.603719893758671e-06
6.948996196480017e-06
7.305701976743514e-06
7.673811084308052e-06
8.053300509878484e-06
8.444169509464332e-06
8.846447145590445e-06
9.260193071862384e-06
9.685499707408248e-06
1.0122486367022273e-05
1.0571306699606486e-05
1.103214498443466e-05
1.1505216294685244e-05
