1.301038148051284e-13,0.0,0.0,1.3261958981368565e-13,0.0,1.0093882557119028e-13,0.0,0.0,0.0
1.689843704325415e-13,0.0,0.0,4.837359912930331e-14,0.0,8.684474172148783e-14,0.0,0.0,0.0
2.070396914831523e-13,0.0,0.0,1.3354675721573495e-13,0.0,2.3724646209797604e-13,0.0,0.0,0.0
1.2806836498943968e-13,0.0,0.0,1.1041938824213979e-13,0.0,2.3104523040993113e-13,0.0,0.0,5.315703706284237e-14
2.19478258346065e-13,0.0,0.0,1.8848044399650225e-13,0.0,1.5634305017051806e-13,0.0,0.0,1.3402892844423463e-14
2.329672928416645e-13,0.0,0.0,8.228368314662563e-14,0.0,2.0028900858126583e-13,0.0,0.0,2.1105069467530434e-14
1.82943340462935e-13,0.0,0.0,1.252986696401441e-13,0.0,1.345782288476217e-13,0.0,0.0,1.722777605091351e-14
1.8098656732642533e-13,0.0,0.0,9.400667971509243e-14,0.0,6.109907626868384e-14,0.0,0.0,1.445800738935549e-14
1.810540407283177e-13,0.0,0.0,8.555166442902883e-14,0.0,5.606547487467498e-14,0.0,0.0,1.2289258471862324e-14
1.8000573912148534e-13,0.0,0.0,4.712963560905973e-14,0.0,6.919509993130975e-14,0.0,0.0,6.372868923004181e-14
2.7228992812807694e-13,0.0,0.0,4.359086425451984e-14,0.0,6.453234208772741e-14,0.0,0.0,5.560035034580407e-14
2.4535866386733896e-13,0.0,0.0,2.7045160310030498e-14,0.0,6.054703512523247e-14,0.0,0.0,6.559389692450527e-14
2.4660861119204257e-13,0.0,0.0,6.326997955201325e-14,0.0,7.139536126072471e-14,0.0,0.0,2.9300354383351575e-14
1.6655612227450244e-13,0.0,0.0,5.947986722803015e-14,0.0,4.058799501062699e-14,0.0,0.0,5.2582087927032964e-14
1.8136815599416555e-13,0.0,0.0,4.491887619572202e-14,0.0,3.861674806666005e-14,0.0,0.0,2.3744000564912036e-14
2.3329037992673566e-13,0.0,0.0,8.513379336130171e-14,0.0,4.9182327896177444e-14,0.0,0.0,2.1653709733972515e-14
2.075071119542478e-13,0.0,0.0,4.045894250162207e-14,0.0,2.3551297318421216e-14,0.0,0.0,5.938757575778877e-14
1.1632132603765889e-13,0.0,0.0,5.783111819165607e-14,0.0,1.1316363983063749e-14,0.0,0.0,9.083041700147112e-14
1.9434083092546569e-13,2.1864674335953944e-14,0.0,7.371514824465796e-14,0.0,6.543135222623944e-14,0.0,0.0,1.005159326420903e-13
2.070145224054451e-13,2.119349347956162e-14,0.0,7.059053991844641e-14,0.0,2.1036226970337832e-14,0.0,0.0,6.21618616044318e-14
1.812485238355334e-13,2.0543905014726e-14,0.0,5.081996258080563e-14,0.0,8.145658826841291e-14,0.0,0.0,8.662423180723656e-14
2.7159101265731586e-13,1.9919617809289185e-14,0.0,1.6288695336485515e-14,0.0,5.91890584156183e-14,0.0,0.0,5.3828269719370715e-14
2.8438123990629587e-13,0.0,0.0,6.280577772248281e-14,0.0,1.915582285060656e-14,0.0,0.0,3.7714384133089125e-14
2.3449936560756973e-13,0.0,0.0,6.058866267234438e-14,0.0,5.5890341692048964e-14,0.0,0.0,7.085836527994357e-14
2.4492186581188435e-13,1.82171045983348e-14,0.0,4.394443900439744e-14,0.0,5.443343400404998e-14,0.0,0.0,1.1083725062548737e-13
2.3155546078683396e-13,1.7711167010713125e-14,0.0,2.835438901351292e-14,0.0,3.54016012618973e-14,0.0,0.0,8.346087823451296e-14
3.1076447083812005e-13,1.723375630601969e-14,0.0,1.3741989643202504e-14,0.0,1.7281425978584044e-14,0.0,0.0,3.9528140726682665e-14
2.1897675883439558e-13,1.6783418146897243e-14,0.0,5.3303024004798176e-14,0.0,8.452685295636873e-14,0.0,0.0,1.493971248620077e-13
2.7181536125476945e-13,0.0,0.0,5.180393539491735e-14,0.0,4.9631393561105573e-14,0.0,0.0,7.083443004025388e-14
1.8111069364174132e-13,2.1909496014988793e-14,0.0,3.776386721288518e-14,0.0,1.6210369898863413e-14,0.0,0.0,6.723629188103132e-14
2.7235232247556586e-13,2.1574386512595343e-14,0.0,4.9021014110175384e-14,0.0,4.77179539328744e-14,0.0,0.0,4.8030505428162387e-14
2.4546393210576645e-13,4.1302627079348406e-14,0.0,3.58397838777109e-14,0.0,1.5609173738212772e-14,0.0,0.0,1.0671904818880816e-13
2.709550220339864e-13,0.0,0.0,5.821974565792797e-14,0.0,3.06681980018354e-14,0.0,0.0,5.816975541439137e-14
4.394686341108241e-13,3.926416131745823e-14,0.0,3.409789119931348e-14,0.0,4.52676141184376e-14,0.0,0.0,9.730028483122282e-14
2.0633073772866643e-13,5.5156138686430626e-14,0.0,2.2213904720487754e-14,0.0,5.93813771821918e-14,0.0,0.0,5.323804290540686e-14
2.586995177331802e-13,4.1065274558004404e-14,0.0,6.52087460395697e-14,0.0,4.3871312858856354e-14,0.0,0.0,6.374224120955612e-14
2.7027448617001816e-13,5.54925001256455e-14,0.0,6.378274291547397e-14,0.0,1.4400415295143796e-14,0.0,0.0,6.113691931578468e-14
2.320411806267969e-13,5.769741805567997e-14,0.0,8.326160152540907e-14,0.0,4.261336832936804e-14,0.0,0.0,5.87210668667416e-14
2.4432506825755416e-13,1.62963129030684e-14,0.0,6.116582463536468e-14,0.0,5.6077341332243296e-14,0.0,0.0,6.776512931918194e-14
2.5855777903828625e-13,6.015116217811706e-14,0.0,5.994232991242006e-14,0.0,5.536716080479273e-14,0.0,0.0,1.521943144909069e-13
2.710251249053794e-13,7.066572288799416e-14,0.0,7.839363905447798e-14,0.0,4.102448733547612e-14,0.0,0.0,8.375778886893794e-14
3.2279161067156234e-13,6.93352140720912e-14,0.0,7.691680963645013e-14,0.0,1.352495893663502e-14,0.0,0.0,1.4139051671530342e-13
2.960446286876204e-13,7.148997212351709e-14,0.0,7.548809914479552e-14,0.0,2.672175069783706e-14,0.0,0.0,1.7531671766221095e-13
3.104311166307232e-13,3.3324496740789206e-14,0.0,7.416378057863039e-14,0.0,3.9647757012975405e-14,0.0,0.0,1.129701177849126e-13
2.9542952534814985e-13,1.4431799132000013e-13,0.0,7.287883213151611e-14,0.0,2.6167339388068785e-14,0.0,0.0,1.2737301799109232e-13
3.102719166120189e-13,1.1191714071175986e-13,0.0,5.374921748115639e-14,0.0,1.2966004401880476e-14,0.0,0.0,1.0566176693156977e-13
2.44536077298561e-13,1.6897466604257778e-13,0.0,1.0570413794707716e-13,0.0,5.133376316823598e-14,0.0,0.0,1.7041844491323988e-13
2.0570834521054486e-13,9.893526292158398e-14,0.0,6.934838358416998e-14,0.0,6.36026383498008e-14,0.0,0.0,1.3213104328672313e-13
2.8335685511547627e-13,1.3896236125678924e-13,0.0,8.53135196954349e-14,0.0,3.7835555311850687e-14,0.0,0.0,1.1212844007252434e-13
3.632596296348757e-13,1.3101124046019751e-13,0.0,6.721494366768119e-14,0.0,1.2505826859011911e-14,0.0,0.0,1.243884965416038e-13
2.8346556633891687e-13,1.3098436672375602e-13,0.0,1.655809705204467e-14,0.0,2.4808737159120998e-14,0.0,0.0,1.65984567854058e-13
3.475672122485511e-13,1.0528742757685556e-13,0.0,8.155955219650606e-14,0.0,3.694487085961278e-14,0.0,0.0,1.3190677997675288e-13
2.830713517931836e-13,1.5626376342917551e-13,0.0,8.039944470331192e-14,0.0,3.666777095074213e-14,0.0,0.0,9.97448024958299e-14
3.5950338281987593e-13,1.4959855575224294e-13,0.0,6.342319592825698e-14,0.0,4.857021682981776e-14,0.0,0.0,1.2472434634535132e-13
3.755868727819055e-13,1.3631537338522192e-13,0.0,3.129984092605834e-14,0.0,6.030694557201836e-14,0.0,0.0,1.3487346614171373e-13
3.7355065805631707e-13,1.361812291611505e-13,0.0,6.175282502657399e-14,0.0,4.7943206625295335e-14,0.0,0.0,7.878365258219138e-14
3.738250692478472e-13,1.417970357909867e-13,0.0,6.094554074401317e-14,0.0,3.574578714244562e-14,0.0,0.0,1.4072801238251924e-13
3.231924833107073e-13,1.4377334348263168e-13,0.0,7.52269280227421e-14,0.0,2.368596681006397e-14,0.0,0.0,8.730510657646396e-14
3.586709463920842e-13,1.208451356009269e-13,0.0,7.42848251377213e-14,0.0,3.5332169655060036e-14,0.0,0.0,6.080646966335482e-14
2.8207380901383257e-13,1.9508788907709867e-13,0.0,5.871343449979664e-14,0.0,1.171248084482566e-14,0.0,0.0,4.743812648329814e-14
3.738903509889814e-13,1.2981580089596817e-13,0.0,4.349246906769513e-14,0.0,3.497004586213273e-14,0.0,0.0,1.042290469221705e-13
3.47460972552258e-13,2.0212907068075235e-13,0.0,8.601315553706059e-14,0.0,1.1597187723405696e-14,0.0,0.0,5.655344904124213e-14
3.08133534877843e-13,2.2417003986564304e-13,0.0,2.8333641904396115e-14,0.0,1.1552213893274075e-14,0.0,0.0,8.837560305883188e-14
2.714782533623432e-13,1.6229478256119607e-13,0.0,4.205949348157949e-14,0.0,3.4487035592740975e-14,0.0,0.0,1.0788684938286152e-13
3.355707458653843e-13,2.2832420343491337e-13,0.0,5.545936162254607e-14,0.0,1.1456718133075418e-14,0.0,0.0,1.6879615472313836e-13
4.498599392643239e-13,1.0677582678853005e-13,0.0,4.1133367738752666e-14,0.0,4.561192578689244e-14,0.0,0.0,2.0646919674816527e-13
3.626300005460376e-13,1.2298832874908274e-13,0.0,2.7156523160683238e-14,0.0,4.5447723305655995e-14,0.0,0.0,1.6159382480883813e-13
4.135495410657176e-13,1.875889636006701e-13,0.0,6.715633591175001e-14,0.0,1.1325983025347557e-14,0.0,0.0,9.890245897762458e-14
4.383863083040511e-13,1.8991573301127215e-13,0.0,2.6605769628136798e-14,0.0,3.3844392611501436e-14,0.0,0.0,1.9362613106398869e-13
3.241032676361574e-13,2.196541891575125e-13,0.0,5.26822354414359e-14,0.0,3.3734090045946636e-14,0.0,0.0,1.1380074645160882e-13
4.527502048188897e-13,1.7298685047348765e-13,0.0,5.214968922918036e-14,0.0,4.4841640108663705e-14,0.0,0.0,1.6726008820303396e-13
3.8725026253690995e-13,2.2692347930938763e-13,0.0,2.583298863673206e-14,0.0,1.1173967320471255e-14,0.0,0.0,5.462861426533099e-14
3.717402244337184e-13,2.4105060715036006e-13,0.0,2.559460634769826e-14,0.0,4.459185608759987e-14,0.0,0.0,1.786098150558106e-13
