0.0,0.0,0.0,0.0,0.051748950179149426,0.05174459131046037,0.05174045356982531,0.05173654385995718,0.05173287172464374,0.05172945021172269,0.05172627117195926,0.03981957621442716,0.0,0.0,0.0,0.0
0.0,0.0,0.0,0.0,0.04904771438022736,0.049043692660352745,0.04903986961764291,0.04903625167540359,0.049032847723211745,0.04902966992234616,0.04902671065419846,0.03979564875609389,0.0,0.0,0.0,0.0,0.02795138944281179
0.0,0.0,0.0,0.0,0.04498948458486052,0.04498602259576529,0.044982724776773515,0.04497959673515566,0.044976646241778356,0.04497388393717926,0.044971303127139324,0.038462260103070446,0.0,0.0,0.0,0.0,0.02903327642850897
0.0,0.0,0.0,0.0,0.039930178210510404,0.03992734539239543,0.03992463971011579,0.03992206583753287,0.03991963026316282,0.03991734188187503,0.03991519506697293,0.035904920633379765,0.0,0.0,0.0,0.0,0.02883124951983776
0.0,0.0,0.0,0.0,0.034330340979108497,0.03432811796006398,0.034325988171244416,0.03432395536047071,0.034322024740725106,0.03432020346747787,0.03431848698594669,0.03241610709719361,0.0,0.0,0.0,0.0,0.02746619764232338
0.0,0.0,0.0,0.0,0.028661017423340162,0.028659312424147966,0.028657673547468548,0.02865610373511525,0.028654607087037032,0.028653189238319277,0.028651846578298848,0.028377945240802564,0.0,0.0,0.0,0.0,0.02520714766269809
0.0,0.0,0.0,0.0,0.023410655560833694,0.023409390423445548,0.023408170506653836,0.023406998044627515,0.023405876156629153,0.02340480913494876,0.023403794212659083,0.023402833209101255,0.0,0.0,0.0,0.0,0.022470938794522534
0.0,0.0,0.0,0.0,0.01879235909474596,0.018791422565672487,0.018790516849356176,0.01878964363575972,0.018788805288011787,0.018788005061288644,0.01878724084584949,0.018786514018372478,0.0,0.0,0.0,0.0,0.018792885129981843
0.0,0.0,0.0,0.0,0.014908186896240396,0.014907498442054636,0.01490683089331771,0.014906185516160445,0.014905564083312832,0.014904969038767056,0.01490439879137511,0.01490385437277684,0.0,0.0,0.0,0.0,0.014908508588256625
0.0,0.0,0.0,0.0,0.011497260614612618,0.011496769544043307,0.0114962921989399,0.011495829498790801,0.011495382732396765,0.011494953677878188,0.011494541173040468,0.011494145967168638,0.0,0.0,0.0,0.0,0.011497445904734489
0.0,0.0,0.0,0.0,0.0070601928756577805,0.007059933175868827,0.007059679786759512,0.0070594332079575795,0.007059194140730156,0.007058963553487635,0.007058740810084548,0.007058526317687738,0.0,0.0,0.0,0.0,0.007060255595818293
0.0,0.0,0.0,0.0,1.5195030850865986e-05,1.5195030127402244e-05,1.5195029418412093e-05,1.5195028725330472e-05,1.5195028050175085e-05,1.519502739573571e-05,1.51950267601707e-05,1.5195026144650688e-05,0.0,0.0,0.0,0.0,1.519503091146815e-05
0.0,0.0,0.0,0.0,0.007062915441075993,0.007062657125717689,0.0070624050904441234,0.00706215983217833,0.007061922048388073,0.007061692702234165,0.00706147116103773,0.007061257829764574,0.0,0.0,0.0,0.0,0.007062977943944888
0.0,0.0,0.0,0.0,0.011498613391115986,0.011498123056218418,0.011497646428361534,0.011497184425627555,0.01149673833484378,0.011496309931405756,0.011495898054912395,0.01149550345350462,0.0,0.0,0.0,0.0,0.011498783192111903,0.006207539825468646
0.0,0.0,0.0,0.0,0.014912972260848043,0.014912286549994894,0.014911621669813526,0.014910978881278177,0.014910359949887422,0.014909767309653463,0.014909199375980637,0.014908657176313862,0.0,0.0,0.0,0.0,0.014913262948183391,0.009258313118249865
0.0,0.0,0.0,0.0,0.018807789816762618,0.018806862584487598,0.01880596588896797,0.018805101403016004,0.018804271465729824,0.01880347929914036,0.018802722815207534,0.018802003376661026,0.0,0.0,0.0,0.0,0.01880825713816881,0.013178139103838013
0.0,0.0,0.0,0.0,0.023416980592448386,0.023415705632651225,0.023414475747076096,0.02341329316361993,0.023412160992483822,0.023411083513213703,0.023410057968909843,0.023409086174174535,0.0,0.0,0.0,0.0,0.023417789503493835,0.018244264011865713,0.011963537908471268
0.0,0.0,0.0,0.0,0.028683290530635366,0.028681576335475314,0.028679927716208236,0.028678347590724587,0.028676840024954412,0.028675410606609008,0.028674055759149376,0.02867277785803656,0.0,0.0,0.0,0.0,0.02868455330102167,0.024542772721273334,0.015921244938531073
0.0,0.0,0.0,0.0,0.034333543536061426,0.034331281314134696,0.03432911218409308,0.034327039893539524,0.0343250696540277,0.03432320861803353,0.03432145223906124,0.0343198035660404,0.0,0.0,0.0,0.0,0.034335438985653485,0.031971018431448076,0.020552183819929758
0.0,0.0,0.0,0.0,0.03997125367551196,0.039968383067421044,0.03996563833261127,0.03996302410320895,0.03996054680745684,0.039958215255444164,0.03995602388645974,0.03995397646613537,0.0,0.0,0.0,0.0,0.03997392930522639,0.03997152331505879,0.025639374296058996
0.0,0.0,0.0,0.0,0.04505156461615216,0.045048048068427535,0.045044693648609094,0.04504150690164148,0.045038495508173904,0.04503566998165077,0.04503302372766822,0.04503056125025702,0.0,0.0,0.0,0.0,0.045055152914790966,0.045052277050818344,0.03079146543073295
0.0,0.0,0.0,0.0,0.049181536989185745,0.04917747803844068,0.049173613246685496,0.049169948896204616,0.049166493675217506,0.049163259463794545,0.049160238850069544,0.049157436933414775,0.0,0.0,0.0,0.0,0.04918596426256469,0.0491827105491724,0.035645253048160304
0.0,0.0,0.0,0.0,0.05181702653055427,0.051812551558385475,0.051808295202368564,0.051804264304659675,0.05180046831853814,0.0517969201617822,0.051793611801243,0.051790548788093,0.0,0.0,0.0,0.0,0.0518221090147848,0.05181856816320613,0.03967389650854285
0.0,0.0,0.0,0.0,0.05276407077296894,0.05275946631192089,0.05275508824521364,0.05275094357623354,0.05274704197710907,0.05274339666109912,0.05273999942312288,0.052736855944377534,0.0,0.0,0.0,0.0,0.05276939063402321,0.052765768077937314,0.04253049070045391
0.0,0.0,0.0,0.0,0.051896977836105626,0.051892549180954387,0.05188833643954093,0.051884346362573976,0.0518805882754354,0.051877074919701394,0.051873798378236226,0.0518707641285329,0.0,0.0,0.0,0.0,0.05190206235897067,0.051898570653868076,0.04392107351316134
0.0,0.0,0.0,0.0,0.04923084992899508,0.04922680398421673,0.04922295056012176,0.04921929588399718,0.04921584856658761,0.04921262038071597,0.049209603988016284,0.049206804444058214,0.0,0.0,0.0,0.0,0.049235350568445135,0.0492321272745572,0.043656385362444795
0.0,0.0,0.0,0.0,0.04508500841424849,0.04508148729948489,0.04507812724270593,0.04507493375271894,0.04507191445882328,0.04506907980297683,0.04506642324206878,0.04506394925176193,0.0,0.0,0.0,0.0,0.045088433766797095,0.04508551899489741,0.041812066179663564,0.022706344841878147
0.0,0.0,0.0,0.0,0.03997993875973057,0.0399770451569681,0.039974277138726914,0.03997163932970436,0.0399691381468894,0.0399667823840753,0.0399645664959647,0.03996249424307954,0.0,0.0,0.0,0.0,0.03998250734879185,0.03998005541463641,0.03871252689657628,0.02298124929181099
0.0,0.0,0.0,0.0,0.034351047908893345,0.03434877247388871,0.034346589642363326,0.03434450314365837,0.034342518163133884,0.03434064181658475,0.034338869585165285,0.03433720450372571,0.0,0.0,0.0,0.0,0.03435284319685386,0.03435086336750396,0.03433564799867637,0.02222948445983284
0.0,0.0,0.0,0.0,0.02868553506739552,0.028683803643562888,0.028682137719142936,0.028680540210850567,0.028679015182528165,0.028677568218608094,0.028676195747274737,0.028674900143557974,0.0,0.0,0.0,0.0,0.02868671520687828,0.028685165856564433,0.028673682517875904,0.02066283190481992
0.0,0.0,0.0,0.0,0.023410098997471786,0.023408806414327497,0.02340755902938712,0.023406359079266317,0.023405209686100253,0.02340411514564136,0.023403072692054033,0.0234020841473753,0.0,0.0,0.0,0.0,0.02341084418140937,0.023409656177254105,0.023401150359133052,0.018604862541067715
0.0,0.0,0.0,0.0,0.01879075745695214,0.018789802943143048,0.01878887925047659,0.018787988071694697,0.018787131773525315,0.018786313615846432,0.01878553148770988,0.018784786768465993,0.0,0.0,0.0,0.0,0.018791215471244547,0.01879031687291958,0.018784080096774583,0.016343807698613856
0.0,0.0,0.0,0.0,0.01490249560533038,0.014901793346171848,0.01490111206945611,0.014900453047989981,0.014899818063711082,0.014899209573182656,0.014898625978032152,0.014898068315566714,0.0,0.0,0.0,0.0,0.014902772336844556,0.014902097291875171,0.014897537064165719,0.014094007605086466
0.0,0.0,0.0,0.0,0.011494078876453685,0.011493579924021932,0.011493094733797242,0.011492624228852851,0.01149216970294457,0.011491732940968802,0.011491312776803589,0.011490909962778411,0.0,0.0,0.0,0.0,0.011494236188545871,0.011493747468524749,0.011490524844627478,0.011493268694207888
0.0,0.0,0.0,0.0,0.007059960659526405,0.007059698679539789,0.0070594430106775165,0.0070591941528787205,0.007058952807827438,0.007058719944492457,0.007058494926518201,0.007058278161365497,0.0,0.0,0.0,0.0,0.007060013402336712,0.007059749861589523,0.007058069835420396,0.007059490547684023
0.0,0.0,0.0,0.0,1.5195812018787439e-05,1.5195811295092802e-05,1.519581058583311e-05,1.5195809892438712e-05,1.5195809216920727e-05,1.51958085620599e-05,1.519580792602059e-05,1.5195807309969646e-05,0.0,0.0,0.0,0.0,1.5195812067829764e-05,1.519581131734178e-05,1.5195806714438604e-05,1.519581057525279e-05
0.0,0.0,0.0,0.0,0.007060560246248,0.007060298572993727,0.007060043204126304,0.00705979463898895,0.007059553578428578,0.007059320990257449,0.007059096238883597,0.0070588797312828395,0.0,0.0,0.0,0.0,0.00706061294928458,0.007060349722191103,0.007058671653620733,0.007060090717695389
0.0,0.0,0.0,0.0,0.011499682341159828,0.011499186463936545,0.01149870427262986,0.011498236684486554,0.011497784985085944,0.011497350948034668,0.011496933414639416,0.01149653313248838,0.0,0.0,0.0,0.0,0.011499838969893608,0.011499353328386043,0.011496150445153086,0.011498877580525684
0.0,0.0,0.0,0.0,0.014913993304729214,0.014913297713664057,0.014912622925477083,0.014911970200580918,0.014911341303533174,0.014910738666911979,0.014910160708085301,0.014909608454275901,0.0,0.0,0.0,0.0,0.01491426545417909,0.014913596404802934,0.014909082379252763,0.01491294298133586
0.0,0.0,0.0,0.0,0.01880605632334719,0.01880511115913981,0.01880419654261177,0.018803314149494165,0.018802466322682135,0.01880165628918279,0.01880088195955577,0.01880014469931357,0.0,0.0,0.0,0.0,0.01880650067088103,0.01880560889695798,0.018799445140773908,0.018804740839933963
0.0,0.0,0.0,0.0,0.023410290743748712,0.023408984422406465,0.023407723277826035,0.023406509547332054,0.023405346353769927,0.023404237993616937,0.023403181702278182,0.023402179302728716,0.0,0.0,0.0,0.0,0.023411009424708126,0.023409801941630424,0.023401231643526366,0.02340863060141646,0.011972503202194115,0.01211309290031791
0.0,0.0,0.0,0.0,0.028675607119051445,0.028673845933600162,0.02867215044695416,0.02867052358906033,0.028668969441713436,0.02866749361357522,0.028666092520278484,0.02866476854825581,0.0,0.0,0.0,0.0,0.028676730170460178,0.02867513838411582,0.028663522814288536,0.02867360059068623,0.015692495622185998,0.016617515043042205
0.0,0.0,0.0,0.0,0.03431744652755256,0.034315110753990054,0.03431286840411735,0.0343107232495853,0.03430868053384401,0.03430674745172561,0.03430491943883897,0.03430319956551133,0.0,0.0,0.0,0.0,0.034319136726247194,0.03431707276526502,0.03430158927648961,0.0343150873301616,0.020001561284362222,0.02200916643990275,0.0
0.0,0.0,0.0,0.0,0.039917758083767865,0.03991476145919301,0.039911892107868545,0.03990915473259649,0.03990655585757761,0.03990410442244791,0.03990179479743225,0.03989963080831277,0.0,0.0,0.0,0.0,0.039920160845706716,0.039917568075551677,0.039897614264833646,0.03991508421305191,0.024663656691520538,0.02803398518083935,0.0
0.0,0.0,0.0,0.0,0.04497147767785555,0.044967786633764065,0.04496426000284357,0.044960903434990776,0.04495772475337054,0.044954734663836725,0.04495192646856642,0.0449493047605709,0.0,0.0,0.0,0.0,0.04497467524762882,0.04497153778500887,0.04494687172240061,0.044968542895254364,0.029339006227541774,0.03428999017069243,0.0
0.0,0.0,0.0,0.0,0.04905052556388631,0.049046227822347827,0.04904212826605488,0.04903823334450827,0.04903455197399933,0.04903109634346292,0.04902785886859567,0.04902484478920689,0.0,0.0,0.0,0.0,0.04905445412279016,0.04905084960320429,0.049022056604312476,0.04904741854432666,0.03366587893891566,0.04030690404193268,0.0
0.0,0.0,0.0,0.0,0.051670427074541975,0.0516656821447941,0.05166116047364465,0.05165686909035179,0.0516528177030678,0.05164901957442093,0.051645466480065884,0.05164216412842781,0.0,0.0,0.0,0.0,0.05167489249772162,0.05167094356457315,0.05163911524809956,0.05166719108215571,0.03720633892638128,0.04550305922605446,0.0
0.0,0.0,0.0,0.0,0.05259626307412457,0.052591366673025754,0.05258670206991685,0.052582276480540556,0.052578099866770325,0.05257418583434136,0.05257052595780184,0.052567126096296955,0.0,0.0,0.0,0.0,0.052600899974567204,0.05259683243395551,0.05256398905310373,0.0525929692245588,0.03963980400796702,0.04940600708341039,0.0
0.0,0.0,0.0,0.0,0.051752644230365505,0.05174795071430534,0.0517434777100752,0.05173923215313291,0.0517352236205136,0.05173146519427411,0.0517279487684837,0.05172467997587283,0.0,0.0,0.0,0.0,0.05175701936283688,0.05175310468243162,0.05172166151067785,0.0517493840780597,0.04074530215750229,0.051656497178754944,0.0
0.0,0.0,0.0,0.0,0.04914262498995959,0.049138377116297136,0.049134324427023465,0.04913047326675637,0.04912683240492164,0.04912341382795833,0.04912021008563979,0.04911722633334827,0.0,0.0,0.0,0.0,0.04914646887567223,0.0491428985939198,0.04911446503221393,0.04913949919628036,0.04035652425271367,0.04913626624174229,0.0
0.0,0.0,0.0,0.0,0.04507961058562074,0.045075975951326,0.04507250238134958,0.04506919540186379,0.045066062662736814,0.04506311463084287,0.04506034476666266,0.04505775756356947,0.0,0.0,0.0,0.0,0.0450827288769334,0.04507963385888508,0.04505535515939923,0.04507667856992248,0.03855738291443499,0.04507385910580552,0.0
0.0,0.0,0.0,0.0,0.039984949598171574,0.03998197752342648,0.039979130773171896,0.039976413973915666,0.039973833542677036,0.03997139827099692,0.03996910262876638,0.039966950380570215,0.0,0.0,0.0,0.0,0.03998730815555033,0.03998473236757487,0.039964943309209335,0.039982263855817116,0.03558335193361112,0.03997989931185909,0.0
0.0,0.0,0.0,0.0,0.034358582260731046,0.034356253923261096,0.034354017913378034,0.034351877956569105,0.03434983923123342,0.03434790884214234,0.034346082286506374,0.03434436259778242,0.0,0.0,0.0,0.0,0.034360249889011305,0.03435818970862698,0.03434275120481531,0.0343562071537711,0.03178201079807422,0.03435429952422142,0.0
0.0,0.0,0.0,0.0,0.028693344720394805,0.028691578171752823,0.028689876887906803,0.028688243779597805,0.02868668290135938,0.028685199823933805,0.028683790989988432,0.028682458770827687,0.0,0.0,0.0,0.0,0.028694460053656508,0.02869286176499469,0.028681204277092788,0.028691317120181515,0.02756812210450055,0.028689823980631607,0.0,0.0
0.0,0.0,0.0,0.0,0.023412199516913337,0.023410881277821784,0.023409608159740133,0.023408382398699242,0.023407207115466063,0.023406086603412358,0.023405018101593202,0.02340400343227427,0.0,0.0,0.0,0.0,0.02341291804400907,0.02341169867063774,0.02340304344425534,0.02341051539430912,0.023343607252281826,0.02340936655117501,0.0,0.0
0.0,0.0,0.0,0.0,0.01879182137806147,0.018790850504385177,0.018789910412279176,0.018789002794300638,0.018788130016624438,0.018787295338103287,0.01878649665032886,0.018785735332912862,0.0,0.0,0.0,0.0,0.018792268892138236,0.018791351690812527,0.018785012025292768,0.018790458375792195,0.01878432792715592,0.018789587673706084,0.0,0.0
0.0,0.0,0.0,0.0,0.014905770788253642,0.014905059908850054,0.014904369948688557,0.014903702177586287,0.014903058373134397,0.014902440985761807,0.014901848422148839,0.014901281717406067,0.0,0.0,0.0,0.0,0.014906044313343057,0.014905360046201912,0.014900741349272679,0.014904691484815916,0.014900228217949089,0.014904037665086786,0.0,0.0
0.0,0.0,0.0,0.0,0.011492910873430908,0.011492405123021852,0.011491913144051829,0.011491435861085867,0.011490974569897542,0.011490531058103165,0.011490104158324138,0.011489694624231724,0.0,0.0,0.0,0.0,0.01149305250014655,0.01149255354854117,0.011489302802362468,0.011492064543192536,0.011488929348184164,0.011491584776614942,0.0,0.0,0.006388962880914219
0.0,0.0,0.0,0.0,0.007058616003916631,0.00705835116995967,0.007058092660055613,0.007057840975561056,0.00705759682013059,0.007057361165438159,0.007057133373500998,0.007056913852974178,0.0,0.0,0.0,0.0,0.007058662633331949,0.007058394877827072,0.007056702790844275,0.007058131355085079,0.007056500542518054,0.007057871677570125,0.0,0.0,0.004371359802440205
0.0,0.0,0.0,0.0,1.5195658068290472e-05,1.5195657341630897e-05,1.5195656629413836e-05,1.5195655933070559e-05,1.5195655254613492e-05,1.5195654596825139e-05,1.5195653957868691e-05,1.5195653338911762e-05,0.0,0.0,0.0,0.0,1.519565810938545e-05,1.5195657354189813e-05,1.5195652740486219e-05,1.5195656607396893e-05,1.5195652163608025e-05,1.5195655867886129e-05,0.0,0.0,1.036515730458313e-05
0.0,0.0,0.0,0.0,0.007060666145368521,0.007060402366330902,0.007060144888313243,0.007059894210634039,0.007059651034084943,0.0070594163263843135,0.007059189452160603,0.007058970818410036,0.0,0.0,0.0,0.0,0.007060711416493732,0.007060444474456288,0.0070587606113645725,0.007060181750409932,0.007058559184989457,0.0070599228584095125,0.0,0.0,0.005249073923414205
0.0,0.0,0.0,0.0,0.011496544366493909,0.011496040628412457,0.011495550612318859,0.011495075238998616,0.011494615798921536,0.011494174072380813,0.011493748896814995,0.011493341022819325,0.0,0.0,0.0,0.0,0.01149667864897223,0.011496180214675356,0.011492950795526757,0.011495691691323766,0.01149257886773225,0.01149521237438753,0.0,0.0,0.00920567502357289
0.0,0.0,0.0,0.0,0.014909641943198871,0.014908933334637992,0.014908245584893018,0.014907579959606742,0.014906938230517057,0.014906322839975528,0.014905732199960869,0.014905167342186689,0.0,0.0,0.0,0.0,0.014909873371276496,0.014909182349222904,0.014904628742838225,0.014908506979986599,0.01490411729916438,0.01490784630293471,0.0,0.0,0.012738915211060513
0.0,0.0,0.0,0.0,0.018804304391633966,0.01880334125473781,0.01880240867641375,0.018801508335333166,0.018800642578218247,0.0187998146370933,0.018799022421093114,0.01879826729853124,0.0,0.0,0.0,0.0,0.018804678347824285,0.01880375328011174,0.018797549903663033,0.01880285191564234,0.018796871426360443,0.018801972992196516,0.0,0.0,0.017033112760462873
0.0,0.0,0.0,0.0,0.02342938252045835,0.02342807542567623,0.02342681310097304,0.023425597762806206,0.023424432504549356,0.02342332158181957,0.023422262258280615,0.023421256340277873,0.0,0.0,0.0,0.0,0.023429977622972987,0.023428743111960512,0.023420304669290685,0.023427544397648506,0.023419408815823675,0.023426379832156334,0.0,0.0,0.022397711239886136,0.0
0.0,0.0,0.0,0.0,0.028714298531622624,0.028712544680315893,0.028710855605794856,0.028709234194652402,0.02870768446762863,0.028706211948892717,0.028704813111566772,0.028703490307364188,0.0,0.0,0.0,0.0,0.028715221131869622,0.02871359433186304,0.028702244637965047,0.028712020739603175,0.028701078147462478,0.028710498236958207,0.0,0.0,0.028709028538110484,0.0
0.0,0.0,0.0,0.0,0.03439001713081773,0.034387706482520514,0.03438548733853273,0.034383363387991576,0.03438133975841627,0.0343794234844469,0.03437761010936658,0.03437590263722723,0.0,0.0,0.0,0.0,0.034391404743403554,0.03438930241320897,0.03437430248351673,0.03438727696618191,0.0343728122582986,0.0343853257334074,0.0,0.0,0.03438345090897029,0.0
0.0,0.0,0.0,0.0,0.04002080386197303,0.04001784838957061,0.0400150172026747,0.040012314886665415,0.04000974780089947,0.040007324657348936,0.04000503997884049,0.04000289749685706,0.0,0.0,0.0,0.0,0.04002278099175783,0.040020140085024455,0.04000089897941261,0.04001760549271337,0.0399990476670183,0.04001517394386125,0.0,0.0,0.04001284816883977,0.0
0.0,0.0,0.0,0.0,0.04513941417910547,0.04513580760530103,0.04513236022749043,0.045129077503493285,0.04512596698734805,0.04512303901369424,0.04512028713113065,0.04511771577809528,0.0,0.0,0.0,0.0,0.045142037111931155,0.0451388644155661,0.04511532706796016,0.0451358297447487,0.04511312485320669,0.04513292925621538,0.0,0.0,0.04513016620259543,0.0
0.0,0.0,0.0,0.0,0.04923690338930705,0.04923270170192908,0.049228692099069875,0.049224880818083946,0.049221276478050406,0.049217890857975656,0.04921471664583053,0.04921175891083374,0.0,0.0,0.0,0.0,0.04924014382395338,0.049236491546663035,0.04920902007575869,0.04923300735765761,0.04920650453857605,0.04922968690928823,0.0,0.0,0.049226533920623046,0.0
0.0,0.0,0.0,0.0,0.051872016033150635,0.05186729570309364,0.051862791711543545,0.05185851086838435,0.051854462571370157,0.05185065965219034,0.051847094188895285,0.051843771716473426,0.0,0.0,0.0,0.0,0.051876103087626656,0.05187210268860747,0.05184069489163899,0.051868292717612535,0.05183786851671905,0.051864668464563675,0.0,0.0,0.05186123398507439,0.0,0.02637342980741773
0.0,0.0,0.0,0.0,0.05281648387963527,0.05281162279176413,0.05280698586859543,0.052802580085692497,0.052798415065361974,0.052794503942147575,0.0527908386198984,0.05278742476764749,0.0,0.0,0.0,0.0,0.052820760915451584,0.05281665719149971,0.052784265109414384,0.05281275115747638,0.05278136456342447,0.05280903800144849,0.0,0.0,0.05280552187758726,0.0,0.02834670966292648
0.0,0.0,0.0,0.0,0.05181294911649495,0.05180817291562519,0.05180361501598779,0.051799282297271605,0.051795184254087474,0.051791333850850524,0.0517877230822884,0.051784357540367754,0.0,0.0,0.0,0.0,0.051817114996249684,0.05181307409465209,0.0517812399089335,0.05180922532366874,0.05177837503992891,0.051805563922614074,0.0,0.0,0.05180209398783964,0.0,0.029295542061514482
