0.0,0.0,0.0,0.0,0.01437470838309706,0.014373497586238992,0.014372348213840357,0.014371262183321437,0.014370242145734378,0.014369291725478522,0.014368408658877573,0.01436768362631631,0.0,0.0,0.0,0.0
0.0,0.0,0.0,0.0,0.013624365105618708,0.013623247961209095,0.0136221860049008,0.013621181020945441,0.013620235478669933,0.013619352756207263,0.013618530737277352,0.013617838972946106,0.0,0.0,0.0,0.0,0.013625910774076178
0.0,0.0,0.0,0.0,0.01249707905135014,0.01249611738771258,0.012495201326881525,0.012494332426432128,0.012493512844938437,0.012492745538105346,0.01249202864642759,0.012491409345993784,0.0,0.0,0.0,0.0,0.012498306646196401
0.0,0.0,0.0,0.0,0.01109171616958622,0.011090929275665398,0.011090177697254379,0.011089462732648018,0.011088786184211899,0.011088150522743062,0.011087554185270259,0.011087024927569458,0.0,0.0,0.0,0.0,0.011092619098412406
0.0,0.0,0.0,0.0,0.009536205827530135,0.009535588322239993,0.009534996714234554,0.009534432044575198,0.009533895761312533,0.009533389852077183,0.009532913051651859,0.009532478079785129,0.0,0.0,0.0,0.0,0.009536824545754516
0.0,0.0,0.0,0.0,0.007961393728705598,0.00796092011781888,0.007960464874296814,0.007960028815309791,0.007959613079732511,0.007959219232866464,0.00795884627174968,0.007958496470975822,0.0,0.0,0.0,0.0,0.00796179467155649
0.0,0.0,0.0,0.0,0.006502959878009358,0.006502608450957096,0.006502269585181617,0.006501943901285421,0.0065016322657303225,0.006501335870819098,0.006501053947960857,0.0065007870025281305,0.0,0.0,0.0,0.0,0.006503202300008714
0.0,0.0,0.0,0.0,0.005220099748540543,0.005219839601575691,0.005219588013710045,0.0052193454543777,0.005219112580003276,0.0052188902948024,0.00521867801273597,0.00521847611621458,0.0,0.0,0.0,0.0,0.005220245869439401
0.0,0.0,0.0,0.0,0.0041411630267334425,0.004140971789459621,0.004140786359254917,0.004140607087822346,0.004140434467586899,0.004140269177435292,0.0041401107753819754,0.004139959547993569,0.0,0.0,0.0,0.0,0.00414125238562684
0.0,0.0,0.0,0.0,0.00319368350405906,0.0031935470955675852,0.0031934144997055255,0.0031932859718863337,0.0031931618701102134,0.003193042688299496,0.0031929281036223523,0.0031928183242135124,0.0,0.0,0.0,0.0,0.003193734973537358
0.0,0.0,0.0,0.0,0.0019611646876827164,0.001961092548852452,0.001961022162988752,0.0019609536688771053,0.001960887261313933,0.0019608232093021203,0.001960761336134597,0.0019607017549132617,0.0,0.0,0.0,0.0,0.0019611821099495257
0.0,0.0,0.0,0.0,4.2208419030183285e-06,4.220841702056179e-06,4.220841505114468e-06,4.220841312591798e-06,4.220841125048636e-06,4.220840943259918e-06,4.220840766714084e-06,4.220840595736305e-06,0.0,0.0,0.0,0.0,4.220841919852264e-06
0.0,0.0,0.0,0.0,0.001961920955854442,0.001961849201588247,0.001961779191790033,0.0019617110644939806,0.001961645013441132,0.0019615813061761565,0.001961519766954925,0.0019614605082679385,0.0,0.0,0.0,0.0,0.001961938317762469
0.0,0.0,0.0,0.0,0.0031940592753099952,0.0031939230711717824,0.0031937906745448685,0.0031936623404520983,0.0031935384263454955,0.003193419425390487,0.0031933050152534435,0.0031931954037512852,0.0,0.0,0.0,0.0,0.0031941064422533064,0.003194004045702092
0.0,0.0,0.0,0.0,0.004142492294680011,0.004142301819443026,0.004142117130503754,0.004141938578132827,0.004141766652746508,0.004141602030459294,0.004141444271105733,0.004141293660087186,0.0,0.0,0.0,0.0,0.004142573041162053,0.004142425115487412
0.0,0.0,0.0,0.0,0.0052243860602118365,0.005224128495690999,0.0052238794136022105,0.005223639278615556,0.005223408740480508,0.005223188694205654,0.005222978559779871,0.005222778715739177,0.0,0.0,0.0,0.0,0.005224515871713559,0.005224310112915157
0.0,0.0,0.0,0.0,0.006504716831235661,0.006504362675736451,0.006504021040854467,0.00650369254544998,0.006503378053467731,0.006503078753670471,0.006502793880252735,0.006502523937270708,0.0,0.0,0.0,0.0,0.0065049415287482875,0.006504655164354165,0.0065023296236872375
0.0,0.0,0.0,0.0,0.007967580702954266,0.007967104537632032,0.007966646587835616,0.007966207664090163,0.007965788895820673,0.007965391835169167,0.007965015488652605,0.00796466051612127,0.0,0.0,0.0,0.0,0.00796793147250602,0.00796754056154685,0.007964398925212616
0.0,0.0,0.0,0.0,0.009537095426683727,0.009536467031704082,0.009535864495581406,0.009535288859316534,0.009534741570563254,0.009534224616120421,0.009533736733072567,0.00953327876834456,0.0,0.0,0.0,0.0,0.0095376219404593,0.009537099678497779,0.009532933792581837
0.0,0.0,0.0,0.0,0.01110312602097554,0.011102328629839179,0.011101566203503124,0.011100840028669153,0.011100151890960237,0.011099504237623375,0.011098895524016595,0.01109832679614872,0.0,0.0,0.0,0.0,0.011103869251451775,0.01110320092084966,0.011097889397322
0.0,0.0,0.0,0.0,0.012514323504486707,0.012513346685674314,0.012512414902391408,0.01251152969490041,0.012510693196714977,0.012509908328236322,0.012509173257685618,0.012508489236182514,0.0,0.0,0.0,0.0,0.012515320254108602,0.01251452140300509,0.012507952493001084
0.0,0.0,0.0,0.0,0.013661538052551592,0.013660410566233521,0.013659337012968184,0.013658319137834616,0.01365735935422709,0.013656460962165148,0.013655621902797097,0.013654843592615222,0.0,0.0,0.0,0.0,0.013662767850712413,0.01366186404143677,0.013654220647358504
0.0,0.0,0.0,0.0,0.014393618480709516,0.014392375432884854,0.014391193111769037,0.01439007341796102,0.014389018977371711,0.01438803337827283,0.014387114389234169,0.014386263552248063,0.0,0.0,0.0,0.0,0.014395030281884665,0.014394046712001696,0.014385568610612248
0.0,0.0,0.0,0.0,0.014656686325824703,0.014655407308866913,0.014654191179226,0.014653039882287095,0.014651956104752523,0.014650943516971974,0.014649999839756357,0.014649126651215991,0.0,0.0,0.0,0.0,0.014658164065006446,0.014657157799427023,0.014648398419816662
0.0,0.0,0.0,0.0,0.014415827176696004,0.01441459699470955,0.01441342678876136,0.014412318434048325,0.014411274520954283,0.014410298588805938,0.014409388438398953,0.014408545591259148,0.0,0.0,0.0,0.0,0.01441723954415852,0.014416269626074459,0.014407827159667987
0.0,0.0,0.0,0.0,0.01367523609138752,0.013674112217837979,0.013673041822256036,0.01367202663444366,0.013671069046274341,0.013670172327976656,0.013669334441115635,0.013668556790016178,0.0,0.0,0.0,0.0,0.013676486269012538,0.013675590909599215,0.013667878468331032
0.0,0.0,0.0,0.0,0.012523613448402356,0.012522635360968025,0.01252170201186275,0.012520814931310817,0.012519976238562028,0.012519188834160228,0.012518450900574664,0.012517763681044987,0.0,0.0,0.0,0.0,0.012524564935221414,0.012523755276360385,0.01251714961621613,0.012523170884590613
0.0,0.0,0.0,0.0,0.0111055385443696,0.011104734765824473,0.011103965871868581,0.0111032331471401,0.011102538374135948,0.011101883995576468,0.011101268471101306,0.011100692845299878,0.0,0.0,0.0,0.0,0.01110625204133107,0.011105570948510108,0.01110016559949039,0.01110505483289976
0.0,0.0,0.0,0.0,0.009541957752470371,0.009541325687191309,0.009540719345100918,0.009540139762127324,0.009539588378648304,0.009539067171273539,0.009538574884768135,0.009538112362146037,0.0,0.0,0.0,0.0,0.009542456443570517,0.009541906490973317,0.009537679999632327,0.009541469303711959
0.0,0.0,0.0,0.0,0.007968204185387642,0.007967723234323024,0.007967260477539699,0.007966816725236268,0.007966393106257826,0.00796599117183558,0.007965609929798539,0.00796525003987722,0.0,0.0,0.0,0.0,0.007968532001910634,0.007968101626823449,0.007964911810521088,0.007967743118045146
0.0,0.0,0.0,0.0,0.006502805277075494,0.0065024462262020825,0.006502099730385307,0.00650176641090731,0.0065014471350278505,0.006501143096011487,0.006500853525570565,0.006500578929826476,0.0,0.0,0.0,0.0,0.006503012272613714,0.0065026822714594704,0.0065003195442036275,0.006502394550209769
0.0,0.0,0.0,0.0,0.005219654849153371,0.005219389706428624,0.005219133125132383,0.0052188855754707495,0.005218647714868145,0.00521842044884623,0.005218203191030523,0.00521799632457389,0.0,0.0,0.0,0.0,0.005219782075345707,0.005219532464699881,0.00521780002688183,0.005219305055285979
0.0,0.0,0.0,0.0,0.004139582112591771,0.004139387040603291,0.004139197797071139,0.004139014735552772,0.004138838351030858,0.00413866932588407,0.0041385072161200425,0.004138352309879645,0.0,0.0,0.0,0.0,0.004139658982456821,0.004139471469965323,0.004138204740046034,0.0041392932237338045
0.0,0.0,0.0,0.0,0.003192799687903801,0.0031926610900060923,0.0031925263149436764,0.003192395619125792,0.0031922693619290485,0.003192148039158,0.003192031326889886,0.003191919434105116,0.0,0.0,0.0,0.0,0.0031928433857071866,0.003192707630145762,0.003191812456840967,0.0031925746372799694
0.0,0.0,0.0,0.0,0.0019611001832017787,0.0019610274109832745,0.0019609563918548643,0.0019608872646885334,0.001960820224396511,0.001960755540136793,0.001960693035143945,0.001960632822601528,0.0,0.0,0.0,0.0,0.00196111483398242,0.001961041628219311,0.001960574954283444,0.0019609695965788956
0.0,0.0,0.0,0.0,4.221058894107621e-06,4.221058693081334e-06,4.22105849606475e-06,4.221058303455197e-06,4.221058115811314e-06,4.221057933905526e-06,4.221057757227942e-06,4.221057586102682e-06,0.0,0.0,0.0,0.0,4.22105890773049e-06,4.221058699261603e-06,4.221057420677391e-06,4.221058493125775e-06
0.0,0.0,0.0,0.0,0.0019612667350688883,0.001961194048053813,0.0019611231122573054,0.0019610540663858194,0.00196098710511905,0.001960922497293735,0.001960860066356555,0.0019607999253563454,0.0,0.0,0.0,0.0,0.001961281374801272,0.0019612082561641943,0.0019607421260057598,0.0019611363104709415
0.0,0.0,0.0,0.0,0.003194356205877729,0.0031942184622045957,0.003194084520174959,0.0031939546345795982,0.0031938291625238746,0.003193708596676296,0.0031935926151776158,0.0031934814256912186,0.0,0.0,0.0,0.0,0.0031943997138593355,0.003194264813440566,0.003193375123653636,0.0031941326612571347
0.0,0.0,0.0,0.0,0.004142775917980336,0.004142582698240016,0.004142395257076965,0.004142213944605811,0.004142039250981439,0.004141871851919993,0.004141711307801473,0.004141557903965531,0.0,0.0,0.0,0.0,0.004142851515049747,0.004142665668000813,0.004141411772014658,0.004142484161482184
0.0,0.0,0.0,0.0,0.005223904534263107,0.005223641988649947,0.005223387928503266,0.005223142819303935,0.00522290731185615,0.005222682302550773,0.005222467210987715,0.005222262416475994,0.0,0.0,0.0,0.0,0.005224027964133619,0.005223780249154992,0.005222068094659421,0.005223539122203879
0.0,0.0,0.0,0.0,0.006502858539930196,0.006502495672890685,0.006502145354951672,0.006501808207592237,0.006501485098269426,0.006501177220449147,0.006500883806188384,0.0065006053618690916,0.0,0.0,0.0,0.0,0.006503058173530035,0.0065027227615640035,0.00650034212320177,0.006502397389282351,0.006500152964800905,0.006502156671134526
0.0,0.0,0.0,0.0,0.007965446421958733,0.007964957203777823,0.00796448623526504,0.007964034330294537,0.00796360262269818,0.007963192670437559,0.007962803477855135,0.00796243570784884,0.0,0.0,0.0,0.0,0.007965758380683382,0.007965316217809945,0.007962089670635707,0.007964889052968398,0.007961836493412028,0.007964561541572806
0.0,0.0,0.0,0.0,0.009532624035431264,0.00953197520944168,0.009531352334477034,0.009530756458218138,0.009530189037178895,0.009529652069923776,0.00952914428856638,0.009528666545975376,0.0,0.0,0.0,0.0,0.009533093535068664,0.009532520212573612,0.00952821924346934,0.009531968702822668,0.009527886353551748,0.00953153138467186,0.0
0.0,0.0,0.0,0.0,0.01108826613437996,0.011087433738664724,0.011086636696630145,0.011085876314610136,0.011085154404882672,0.011084473450679973,0.011083831888175626,0.011083230780086887,0.0,0.0,0.0,0.0,0.011088933568251866,0.011088213354319905,0.011082670629120462,0.011087523392514422,0.011082246938447952,0.011086958696297798,0.0
0.0,0.0,0.0,0.0,0.01249207713273765,0.01249105184271224,0.012490072223012095,0.012489139843052994,0.012488256875936264,0.012487426295510197,0.01248664624126845,0.01248591798904748,0.0,0.0,0.0,0.0,0.01249296534656356,0.012492093829169123,0.012485242145111285,0.012491261915348436,0.012484722732016932,0.01249056011802133,0.0
0.0,0.0,0.0,0.0,0.013625145989968416,0.013623952172874395,0.013622813407237457,0.01362173148458563,0.013620708881666485,0.013619748984295252,0.01361884968572102,0.013618012441446366,0.0,0.0,0.0,0.0,0.013626237256330598,0.013625236000890073,0.013617237945642359,0.013624282928979629,0.013616633123460918,0.01362345507572807,0.0
0.0,0.0,0.0,0.0,0.014352896409594989,0.014351578373553915,0.014350322353790171,0.014349130302875497,0.01434800491751884,0.014346949881783588,0.014345962911129414,0.014345045591229955,0.0,0.0,0.0,0.0,0.014354136804922672,0.01435303987904809,0.01434419868002766,0.014351997522821031,0.014343526176315534,0.01435106545243098,0.0
0.0,0.0,0.0,0.0,0.01461007307614571,0.014608712964729376,0.01460741724164356,0.014606187911261266,0.014605027740769539,0.014603940509539262,0.014602923877167178,0.014601979471193608,0.0,0.0,0.0,0.0,0.014611361104046445,0.0146102312316543,0.014601108070306595,0.014609158117933,0.014600403798208903,0.014608170140158215,0.0
0.0,0.0,0.0,0.0,0.014375734508434858,0.014374430753973705,0.014373188252798659,0.014372008931425808,0.014370895450142673,0.014369851442853914,0.014368874657912142,0.014367966659964683,0.0,0.0,0.0,0.0,0.014376949823010245,0.014375862411786554,0.014367128197410518,0.014374828910572141,0.01436643768607169,0.014373848796703635,0.0
0.0,0.0,0.0,0.0,0.01365072916387766,0.013649549198971427,0.013648423451950954,0.013647353685210101,0.01364634233470046,0.013645392729988421,0.01364450280156661,0.01364367398148564,0.0,0.0,0.0,0.0,0.013651796909908951,0.013650805164977716,0.013642906953392762,0.013649860887855659,0.013642262407344294,0.013648962844928426,0.0
0.0,0.0,0.0,0.0,0.012522114051561313,0.012521104430923889,0.012520139550374874,0.012519220944962163,0.012518350739649119,0.012517531841900794,0.012516762435184074,0.012516043767658195,0.0,0.0,0.0,0.0,0.012522980243592613,0.01252212051635696,0.012515376433166457,0.012521299602756246,0.012514803599127138,0.012520516418279322,0.0
0.0,0.0,0.0,0.0,0.011106930443936545,0.011106104867618465,0.011105314103658854,0.011104559437198796,0.011103842650743625,0.01110316618638803,0.011102528507990662,0.01110193066126951,0.0,0.0,0.0,0.0,0.01110758559876398,0.011106870102104125,0.011101373141447041,0.011106184404393643,0.011100883793255733,0.011105527586627535,0.0
0.0,0.0,0.0,0.0,0.009544050627980843,0.009543403867572527,0.009542782753716115,0.009542188321269195,0.009541622008675954,0.009541085789483981,0.009540578412918438,0.009540100721606232,0.0,0.0,0.0,0.0,0.009544513858058695,0.009543941585729711,0.0095396531124487,0.009543390876047528,0.009539251155324334,0.009542860978950404,0.0
0.0,0.0,0.0,0.0,0.007970373533443,0.007969882825486895,0.007969410246640773,0.007968956605443835,0.007968523028155386,0.007968111062203832,0.007967719719441232,0.007967349658563251,0.0,0.0,0.0,0.0,0.007970683348237919,0.007970239379165188,0.007967001188081333,0.007969810311161533,0.007966680945542492,0.007969395550175453,0.0,0.0
0.0,0.0,0.0,0.0,0.006503388754698147,0.006503022577172717,0.006502668933261144,0.006502328444083123,0.0065020019765183535,0.006501690723170098,0.006501393917109224,0.006501112064520635,0.0,0.0,0.0,0.0,0.006503588345558075,0.006503249630732702,0.006500845401182041,0.006502920942863645,0.006500594669255803,0.006502601819770842,0.0,0.0
0.0,0.0,0.0,0.0,0.0052199503827948515,0.005219680695662549,0.005219419558966434,0.005219167442861289,0.005218925004617901,0.005218693149473134,0.005218471291758018,0.00521825981469802,0.0,0.0,0.0,0.0,0.005220074692260621,0.0052198199141145875,0.0052180588959146595,0.005219571771053388,0.0052178688686544215,0.0052193299093628055,0.0,0.0
0.0,0.0,0.0,0.0,0.0041404918856260105,0.004140294419125015,0.0041401027635245965,0.004139917271551746,0.0041397384369817785,0.004139566940489389,0.004139402339485789,0.004139244921501688,0.0,0.0,0.0,0.0,0.004140567864817516,0.00414037779061164,0.004139094819242412,0.004140192079115533,0.004138952282763632,0.0041400104625241105,0.0,0.0
0.0,0.0,0.0,0.0,0.0031924752426196958,0.0031923347563949586,0.0031921980955699506,0.0031920655169682963,0.003191937380527096,0.003191814182806434,0.003191695599534483,0.0031915818400643694,0.0,0.0,0.0,0.0,0.0031925145833740414,0.003192375985705879,0.003191473000656242,0.003192240150886816,0.0031913692633844873,0.003192106882393042,0.0,0.0,0.0031920049622188983
0.0,0.0,0.0,0.0,0.0019607266677546193,0.001960653102766575,0.0019605812944598912,0.001960511382100293,0.001960443561147387,0.001960378101510599,0.0019603148259724995,0.001960253848048384,0.0,0.0,0.0,0.0,0.001960739620369986,0.0019606652438408523,0.001960195219678966,0.001960592043079189,0.0019601390395883466,0.0019605199104361475,0.0,0.0,0.001960462302284345
0.0,0.0,0.0,0.0,4.221016130080686e-06,4.221015928230805e-06,4.221015730392729e-06,4.221015536964044e-06,4.221015348503749e-06,4.22101516578476e-06,4.221014988296859e-06,4.221014816364381e-06,0.0,0.0,0.0,0.0,4.221016141495958e-06,4.22101593171939e-06,4.221014650135062e-06,4.221015724276915e-06,4.2210144898911145e-06,4.221015518857261e-06,0.0,0.0,4.22101534756312e-06
0.0,0.0,0.0,0.0,0.0019612961514912553,0.0019612228795363616,0.0019611513578647885,0.0019610817251761218,0.001961014176134707,0.0019609489795511977,0.001960885958933501,0.0019608252273361224,0.0,0.0,0.0,0.0,0.0019613087268038143,0.001961234576237857,0.0019607668364901598,0.0019611615973360924,0.001960710884719292,0.001961089682891533,0.0,0.0,0.0019610278963538997
0.0,0.0,0.0,0.0,0.0031934845462483073,0.00319334461900346,0.0031932085034219035,0.0031930764552773935,0.003192948833033761,0.0031928261312168917,0.0031927080268930545,0.0031925947285609256,0.0,0.0,0.0,0.0,0.0031935218469367303,0.003193383392965375,0.003192486332090767,0.0031932476920343796,0.003192383018814511,0.0031931145484409835,0.0,0.0,0.003192996929612638
0.0,0.0,0.0,0.0,0.00414156720644413,0.004141370370732775,0.004141179329136947,0.004140994433224095,0.004140816175143628,0.004140645233326534,0.004140481166655797,0.004140324261718527,0.0,0.0,0.0,0.0,0.004141631492021249,0.0041414395414508046,0.004140174650788397,0.004141251938885167,0.004140032583101213,0.004141068417481867,0.0,0.0,0.004140902019823924
0.0,0.0,0.0,0.0,0.005223417886564989,0.00522315034853828,0.005222891299003816,0.005222641204259212,0.005222400716171737,0.005222170732525915,0.005221950672525865,0.005221740916258681,0.0,0.0,0.0,0.0,0.005223521763284523,0.005223264800031035,0.0052215416399064,0.005223014421011761,0.005221353173989007,0.005222770275610147,0.0,0.0,0.005222543613997129
0.0,0.0,0.0,0.0,0.006508161811238428,0.006507798729354508,0.006507448083603618,0.006507110489668391,0.006506786806819267,0.006506478217172101,0.006506183960633505,0.00650590453896608,0.0,0.0,0.0,0.0,0.006508327117492496,0.006507984197766806,0.006505640185914081,0.00650765122156903,0.006505391337728793,0.0065073277311545425,0.0,0.0,0.006507020827539144,0.0
0.0,0.0,0.0,0.0,0.007976194036561838,0.007975706855643304,0.007975237668276344,0.007974787276292333,0.007974356796563511,0.007973947763581308,0.007973559197657437,0.007973191752045613,0.0,0.0,0.0,0.0,0.007976450314408228,0.007975998425517506,0.007972845732768071,0.007975561316556438,0.007972521707628459,0.007975138399155065,0.0,0.0,0.007974730149475135,0.0
0.0,0.0,0.0,0.0,0.009552782536338254,0.00955214068958903,0.00955152426070353,0.009550934274442105,0.009550372155115634,0.009549839856790802,0.009549336141490717,0.009548861843674235,0.0,0.0,0.0,0.0,0.009553167984278764,0.009552584003669153,0.009548417356532429,0.009552021379494974,0.009548003405082935,0.009551479370390952,0.0,0.0,0.009550958585825081,0.0
0.0,0.0,0.0,0.0,0.011116889961659172,0.011116068997102947,0.011115282556298522,0.011114531912962616,0.01111381883358319,0.01111314573815248,0.01111251110523347,0.01111191597134919,0.0,0.0,0.0,0.0,0.011117439164377175,0.011116705579173455,0.011111360827614616,0.011116001525753715,0.01111084657417174,0.011115326095517023,0.0,0.0,0.011114680046899937,0.0
0.0,0.0,0.0,0.0,0.012538726160862627,0.012537724334805841,0.012536766729858446,0.012535854862081468,0.012534990829818906,0.012534177503803952,0.012533413091980737,0.012532698827248695,0.0,0.0,0.0,0.0,0.01253945475331421,0.012538573448768355,0.012532035296655605,0.01253773048465242,0.01253142357033518,0.01253692479339317,0.0,0.0,0.012536157278498732,0.0
0.0,0.0,0.0,0.0,0.013676917608140843,0.013675750472758078,0.013674636694186068,0.013673578005023317,0.013672576799458451,0.01367163634943768,0.013670754623841814,0.013669933030787158,0.0,0.0,0.0,0.0,0.013677817728875937,0.013676803207406392,0.013669172243266308,0.013675835377127115,0.013668473482937779,0.013674913030357854,0.0,0.0,0.013674037200173067,0.0
0.0,0.0,0.0,0.0,0.01440889334254184,0.014407582139748232,0.014406331030984309,0.01440514190788454,0.01440401738093616,0.014402961014497312,0.01440197060802647,0.014401047699020404,0.0,0.0,0.0,0.0,0.01441002863545185,0.014408917413502068,0.01440019302545528,0.014407859088225707,0.014399407921310834,0.0144068523512677,0.0,0.0,0.01440589832918733,0.0,0.014398857996349584
0.0,0.0,0.0,0.0,0.014671245522120905,0.01466989521993448,0.014668607185720944,0.014667383357136804,0.014666226407044998,0.014665139983929877,0.014664121838860669,0.014663173546568755,0.0,0.0,0.0,0.0,0.01467243358762544,0.014671293664305467,0.014662295863726223,0.014670208654854551,0.014661490156506784,0.014669177222624593,0.0,0.0,0.014668200521552016,0.0,0.014660916077956627
0.0,0.0,0.0,0.0,0.014392485865693038,0.01439115914322922,0.014389893059996599,0.01438868952701989,0.01438755118169097,0.014386481625236253,0.014385478633969,0.014384543761213274,0.0,0.0,0.0,0.0,0.0143936430545138,0.014392520581847796,0.014383677752481533,0.014391451478796873,0.014382881955535795,0.014390434422948366,0.0,0.0,0.014389470552177677,0.0,0.014382304237846658
