S1:[-1.25182724e-03  3.55235869e-04 -1.38539412e-06 -8.01212258e-03
  6.56871361e-03 -2.13511584e-02 -4.68768627e-03  1.36506765e-02
 -1.07088250e-02 -1.00734922e-02  2.77311345e-03 -4.52339548e-03
  1.34616754e-02 -8.56678069e-07  1.74751167e-03  4.42038158e-03]
S1_conf:[3.95259933e-03 5.02516674e-03 1.56484574e-05 1.04248252e-02
 9.20071082e+26 2.11057866e+28 1.30259733e+27 7.56252474e-03
 1.02651094e-02 2.73946585e-02 5.24859400e-03 1.31775835e-02
 8.49057636e-03 2.01910478e-05 9.26376340e-04 2.73124743e-03]
ST:[2.18060378e-02 7.92937577e-02 3.69497285e-07 5.95198965e-01
 3.42738226e-01 6.79343531e+00 1.40168558e-01 9.79064555e-01
 7.75138420e-01 1.85825740e+00 7.07661801e-02 8.38502354e-01
 9.22501526e-01 5.27977357e-07 2.54408320e-02 1.04042141e-01]
ST_conf:[4.28629302e-02 6.35727299e-02 6.71408041e-07 4.18245999e-01
 1.19432834e+28 4.30039215e+30 5.52166881e+28 3.31856307e-01
 8.71573496e-01 4.04367680e+00 1.44827433e-01 8.05200165e-01
 3.29551047e-01 1.02969159e-06 2.54636352e-02 4.34887291e-02]
S2:[[            nan  1.25182724e-03  1.25182724e-03  1.25182724e-03
   1.25182724e-03  1.25182724e-03  1.25182724e-03  1.25182724e-03
   1.25182724e-03  1.25182724e-03  1.25182724e-03  1.25182724e-03
   1.25182724e-03  1.25182724e-03  1.25182724e-03  1.25182724e-03]
 [            nan             nan -3.55235869e-04 -3.55235869e-04
  -3.55235869e-04 -3.55235869e-04 -3.55235869e-04 -3.55235869e-04
  -3.55235869e-04 -3.55235869e-04 -3.55235869e-04 -3.55235869e-04
  -3.55235869e-04 -3.55235869e-04 -3.55235869e-04 -3.55235869e-04]
 [            nan             nan             nan  1.38539412e-06
   1.38539412e-06  1.38539412e-06  1.38539412e-06  1.38539412e-06
   1.38539412e-06  1.38539412e-06  1.38539412e-06  1.38539412e-06
   1.38539412e-06  1.38539412e-06  1.38539412e-06  1.38539412e-06]
 [            nan             nan             nan             nan
   8.01212258e-03  8.01212258e-03  8.01212258e-03  8.01212258e-03
   8.01212258e-03  8.01212258e-03  8.01212258e-03  8.01212258e-03
   8.01212258e-03  8.01212258e-03  8.01212258e-03  8.01212258e-03]
 [            nan             nan             nan             nan
              nan -1.20368882e-02 -1.20368882e-02 -1.20368882e-02
  -1.20368882e-02 -1.20368882e-02 -1.20368882e-02 -1.20368882e-02
  -1.20368882e-02 -1.20368882e-02 -1.20368882e-02 -1.20368882e-02]
 [            nan             nan             nan             nan
              nan             nan -1.43023012e-02 -1.43023012e-02
  -1.43023012e-02 -1.43023012e-02 -1.43023012e-02 -1.43023012e-02
  -1.43023012e-02 -1.43023012e-02 -1.43023012e-02 -1.43023012e-02]
 [            nan             nan             nan             nan
              nan             nan             nan  4.68768627e-03
   4.68768627e-03  4.68768627e-03  4.68768627e-03  4.68768627e-03
   4.68768627e-03  4.68768627e-03  4.68768627e-03  4.68768627e-03]
 [            nan             nan             nan             nan
              nan             nan             nan             nan
  -1.41555392e-02 -1.41555392e-02 -1.41555392e-02 -1.41555392e-02
  -1.41555392e-02 -1.41555392e-02 -1.41555392e-02 -1.41555392e-02]
 [            nan             nan             nan             nan
              nan             nan             nan             nan
              nan  1.07088250e-02  1.07088250e-02  1.07088250e-02
   1.07088250e-02  1.07088250e-02  1.07088250e-02  1.07088250e-02]
 [            nan             nan             nan             nan
              nan             nan             nan             nan
              nan             nan  1.00734922e-02  1.00734922e-02
   1.00734922e-02  1.00734922e-02  1.00734922e-02  1.00734922e-02]
 [            nan             nan             nan             nan
              nan             nan             nan             nan
              nan             nan             nan -2.77311345e-03
  -2.77311345e-03 -2.77311345e-03 -2.77311345e-03 -2.77311345e-03]
 [            nan             nan             nan             nan
              nan             nan             nan             nan
              nan             nan             nan             nan
   4.52339548e-03  4.52339548e-03  4.52339548e-03  4.52339548e-03]
 [            nan             nan             nan             nan
              nan             nan             nan             nan
              nan             nan             nan             nan
              nan -2.25591611e-02 -2.25591611e-02 -2.25591611e-02]
 [            nan             nan             nan             nan
              nan             nan             nan             nan
              nan             nan             nan             nan
              nan             nan  8.56678069e-07  8.56678069e-07]
 [            nan             nan             nan             nan
              nan             nan             nan             nan
              nan             nan             nan             nan
              nan             nan             nan -1.74751167e-03]
 [            nan             nan             nan             nan
              nan             nan             nan             nan
              nan             nan             nan             nan
              nan             nan             nan             nan]]
S2_conf:[[           nan 3.95259933e-03 3.95259933e-03 3.95259933e-03
  3.95259933e-03 3.95259933e-03 3.03220358e+11 3.95259933e-03
  3.95259933e-03 3.95259933e-03 3.95259933e-03 3.95259933e-03
  3.95259933e-03 3.95259933e-03 3.95259933e-03 3.95259933e-03]
 [           nan            nan 5.02516674e-03 5.02516674e-03
  5.02516674e-03 5.02516674e-03 3.03220358e+11 5.02516674e-03
  5.02516674e-03 5.02516674e-03 5.02516674e-03 5.02516674e-03
  5.02516674e-03 5.02516674e-03 5.02516674e-03 5.02516674e-03]
 [           nan            nan            nan 1.56484574e-05
  1.56484574e-05 1.56484574e-05 3.03220358e+11 1.56484574e-05
  1.56484574e-05 1.56484574e-05 1.56484574e-05 1.56484574e-05
  1.56484574e-05 1.56484574e-05 1.56484574e-05 1.56484574e-05]
 [           nan            nan            nan            nan
  1.04248252e-02 1.04248252e-02 3.03220358e+11 1.04248252e-02
  1.04248252e-02 1.04248252e-02 1.04248252e-02 1.04248252e-02
  1.04248252e-02 1.04248252e-02 1.04248252e-02 1.04248252e-02]
 [           nan            nan            nan            nan
             nan 3.25245446e+27 3.25245446e+27 3.25245446e+27
  3.25245446e+27 3.25245446e+27 3.25245446e+27 3.25245446e+27
  3.25245446e+27 3.25245446e+27 3.25245446e+27 3.25245446e+27]
 [           nan            nan            nan            nan
             nan            nan 1.45202833e+28 1.45202833e+28
  1.45202833e+28 1.45202833e+28 1.45202833e+28 1.45202833e+28
  1.45202833e+28 1.45202833e+28 1.45202833e+28 1.45202833e+28]
 [           nan            nan            nan            nan
             nan            nan            nan 1.30259733e+27
  1.30259733e+27 1.30259733e+27 1.30259733e+27 1.30259733e+27
  1.30259733e+27 1.30259733e+27 1.30259733e+27 1.30259733e+27]
 [           nan            nan            nan            nan
             nan            nan            nan            nan
  2.19150993e+26 2.19150993e+26 2.19150993e+26 2.19150993e+26
  2.19150993e+26 2.19150993e+26 2.19150993e+26 2.19150993e+26]
 [           nan            nan            nan            nan
             nan            nan            nan            nan
             nan 1.02651094e-02 1.02651094e-02 1.02651094e-02
  1.02651094e-02 1.02651094e-02 1.02651094e-02 1.02651094e-02]
 [           nan            nan            nan            nan
             nan            nan            nan            nan
             nan            nan 2.73946585e-02 2.73946585e-02
  2.73946585e-02 2.73946585e-02 2.73946585e-02 2.73946585e-02]
 [           nan            nan            nan            nan
             nan            nan            nan            nan
             nan            nan            nan 5.24859400e-03
  5.24859400e-03 5.24859400e-03 5.24859400e-03 5.24859400e-03]
 [           nan            nan            nan            nan
             nan            nan            nan            nan
             nan            nan            nan            nan
  1.31775835e-02 1.31775835e-02 1.31775835e-02 1.31775835e-02]
 [           nan            nan            nan            nan
             nan            nan            nan            nan
             nan            nan            nan            nan
             nan 5.66963401e+27 5.66963401e+27 5.66963401e+27]
 [           nan            nan            nan            nan
             nan            nan            nan            nan
             nan            nan            nan            nan
             nan            nan 2.01910478e-05 2.01910478e-05]
 [           nan            nan            nan            nan
             nan            nan            nan            nan
             nan            nan            nan            nan
             nan            nan            nan 9.26376340e-04]
 [           nan            nan            nan            nan
             nan            nan            nan            nan
             nan            nan            nan            nan
             nan            nan            nan            nan]]
