S1:[ 3.39464330e-02  9.58759124e-03 -3.83247653e-06  7.01783365e-02
  1.15791761e-02  4.35973494e-02  1.63353636e-02  1.57504064e-01
  3.99648131e-02  1.87901471e-01 -3.33512182e-03  3.25931949e-02
  3.67701366e-02 -1.05013068e-05  5.92598916e-03  6.86873448e-02]
S1_conf:[6.75596738e-02 2.12575888e-02 7.47039482e-06 8.82439951e-02
 8.43904795e-02 6.85500002e-02 4.57404265e-02 7.05891007e-02
 6.62695062e-02 2.30702246e-01 9.93883357e-03 3.54239025e-02
 4.08050994e-02 4.10176612e-05 3.90387746e-02 7.01092145e-02]
ST:[3.99234430e-02 2.43104497e-02 4.71653323e-09 1.67278420e-01
 2.14757407e-01 1.99156853e-01 4.48011163e-02 2.64612599e-01
 5.74513112e-02 2.16375163e-01 2.41389200e-03 1.03719359e-01
 1.05805252e-01 1.47539351e-07 3.91415500e-02 7.28426723e-02]
ST_conf:[1.90327465e-02 1.63244065e-02 3.93470150e-09 1.01869828e-01
 9.53268847e-02 8.94809279e-02 2.08066945e-02 1.19056091e-01
 2.52971589e-02 8.38045709e-02 1.07602134e-03 5.96045225e-02
 6.81108877e-02 1.49344415e-07 1.60904130e-02 3.91406210e-02]
S2:[[            nan -3.90123653e-02 -3.51885583e-02 -4.31655467e-02
  -3.61469113e-02 -3.21109786e-02 -2.53524425e-02 -1.06460635e-02
  -1.50591973e-02 -9.13714363e-02 -3.24217302e-02 -3.43315233e-02
  -2.77296316e-02 -3.51892667e-02 -2.62902295e-02 -2.21007591e-02]
 [            nan             nan -7.52042485e-03 -1.46844555e-02
  -1.07282383e-03 -3.87748208e-03 -5.42237502e-03 -6.95951205e-03
  -6.34484240e-03 -1.99735346e-02 -7.28061691e-03 -1.26059615e-02
  -1.97675215e-03 -7.51364569e-03 -6.10423855e-03 -5.67152486e-03]
 [            nan             nan             nan  7.65150305e-06
   8.34179810e-06  9.22692922e-06  9.88496019e-06  1.05411869e-05
   7.40568083e-06  9.50042747e-06  8.20473336e-06  7.68168572e-06
   9.74259243e-06  8.27857325e-06  8.69116754e-06  8.55784926e-06]
 [            nan             nan             nan             nan
  -1.43112045e-02 -3.50076063e-02 -1.50599060e-02 -4.26291604e-02
  -3.98823520e-02 -5.67363553e-02 -3.34355117e-02 -1.75733772e-02
  -3.43194761e-02 -3.50025445e-02 -3.16620529e-02 -3.40767482e-02]
 [            nan             nan             nan             nan
              nan  1.68579599e-01  1.98464034e-01  2.16060442e-01
   2.09866231e-01  3.36652668e-01  1.89506495e-01  2.17591928e-01
   2.07675022e-01  1.87172729e-01  1.92255244e-01  1.99834711e-01]
 [            nan             nan             nan             nan
              nan             nan  5.68300307e-02  4.67376904e-02
   4.60643623e-02  6.13354782e-02  4.34613568e-02  6.08865234e-02
   7.73264608e-02  4.48365731e-02  4.33259650e-02  3.14115596e-02]
 [            nan             nan             nan             nan
              nan             nan             nan -1.42065706e-02
  -2.23519097e-02  4.93782910e-02 -8.07751491e-03 -5.04461253e-03
  -8.01468956e-03 -4.61336076e-03 -1.19790917e-02 -7.91865347e-03]
 [            nan             nan             nan             nan
              nan             nan             nan             nan
  -1.58287689e-02 -6.76014700e-02 -4.89840358e-03 -2.29992463e-02
  -1.98407576e-02 -5.10944172e-03  1.30968900e-02  7.24713596e-03]
 [            nan             nan             nan             nan
              nan             nan             nan             nan
              nan  7.07275027e-03 -2.36968878e-02 -2.51012083e-02
  -2.27733142e-02 -2.28141483e-02 -2.52836362e-02 -3.07348836e-02]
 [            nan             nan             nan             nan
              nan             nan             nan             nan
              nan             nan -1.52229339e-01 -1.57907836e-01
  -1.06490953e-01 -1.56337152e-01 -1.46271666e-01 -1.32152304e-01]
 [            nan             nan             nan             nan
              nan             nan             nan             nan
              nan             nan             nan  5.43880532e-03
   6.41878495e-03  5.96826945e-03  5.54198254e-03  4.46362204e-03]
 [            nan             nan             nan             nan
              nan             nan             nan             nan
              nan             nan             nan             nan
  -4.94685761e-03  6.40380875e-03  9.80014663e-03  9.26786768e-03]
 [            nan             nan             nan             nan
              nan             nan             nan             nan
              nan             nan             nan             nan
              nan -2.89238886e-02 -2.36155606e-02 -3.24191138e-02]
 [            nan             nan             nan             nan
              nan             nan             nan             nan
              nan             nan             nan             nan
              nan             nan  4.70279392e-06  1.47939165e-06]
 [            nan             nan             nan             nan
              nan             nan             nan             nan
              nan             nan             nan             nan
              nan             nan             nan -2.84028020e-02]
 [            nan             nan             nan             nan
              nan             nan             nan             nan
              nan             nan             nan             nan
              nan             nan             nan             nan]]
S2_conf:[[           nan 1.04884303e-01 1.03046455e-01 1.26108775e-01
  7.99442708e-02 1.12065434e-01 1.03099203e-01 1.30806090e-01
  1.09002382e-01 1.63393991e-01 1.01810722e-01 1.09345985e-01
  1.10268760e-01 1.03048383e-01 1.02101101e-01 1.20895032e-01]
 [           nan            nan 2.98689918e-02 3.38327760e-02
  2.75984170e-02 3.37869257e-02 2.91033620e-02 3.67820684e-02
  3.02136897e-02 4.61217444e-02 2.96827364e-02 3.11694933e-02
  3.43705082e-02 2.98699018e-02 2.91335167e-02 3.40688354e-02]
 [           nan            nan            nan 1.50721461e-05
  1.50339478e-05 1.65909281e-05 1.78649891e-05 1.41454228e-05
  1.61409196e-05 2.01306737e-05 1.57240978e-05 1.57175342e-05
  1.63051955e-05 1.58152293e-05 1.69667615e-05 1.34969277e-05]
 [           nan            nan            nan            nan
  1.10559771e-01 1.23306901e-01 1.23715261e-01 1.31583557e-01
  1.16841870e-01 2.02851814e-01 1.19538823e-01 1.33497773e-01
  1.25499964e-01 1.21292735e-01 1.15170308e-01 1.30163077e-01]
 [           nan            nan            nan            nan
             nan 1.51949858e-01 1.42039128e-01 1.87626406e-01
  1.59041155e-01 3.36928401e-01 1.42319297e-01 1.63821259e-01
  1.52927090e-01 1.43645739e-01 1.39058914e-01 1.76259025e-01]
 [           nan            nan            nan            nan
             nan            nan 1.39991932e-01 1.41403295e-01
  1.55709799e-01 1.36186611e-01 1.38336233e-01 1.52329524e-01
  1.36926494e-01 1.37806162e-01 1.53525890e-01 1.59879153e-01]
 [           nan            nan            nan            nan
             nan            nan            nan 1.06401023e-01
  8.99399009e-02 1.83584647e-01 8.54206928e-02 9.49888994e-02
  9.46663412e-02 8.70066754e-02 8.09587937e-02 1.02697326e-01]
 [           nan            nan            nan            nan
             nan            nan            nan            nan
  1.59864136e-01 1.89797411e-01 1.50521831e-01 1.38126324e-01
  1.51167132e-01 1.50006447e-01 1.67674594e-01 1.82753896e-01]
 [           nan            nan            nan            nan
             nan            nan            nan            nan
             nan 1.26523327e-01 9.82087682e-02 1.01244690e-01
  9.68870435e-02 9.79674763e-02 9.94465610e-02 1.14787699e-01]
 [           nan            nan            nan            nan
             nan            nan            nan            nan
             nan            nan 2.88232948e-01 3.02917174e-01
  3.35162969e-01 2.92635419e-01 2.79539378e-01 3.12957751e-01]
 [           nan            nan            nan            nan
             nan            nan            nan            nan
             nan            nan            nan 1.29965922e-02
  1.39465953e-02 1.31371847e-02 1.31087881e-02 1.33295731e-02]
 [           nan            nan            nan            nan
             nan            nan            nan            nan
             nan            nan            nan            nan
  5.99341010e-02 7.19277948e-02 7.95248379e-02 7.77010741e-02]
 [           nan            nan            nan            nan
             nan            nan            nan            nan
             nan            nan            nan            nan
             nan 7.11073806e-02 7.54652517e-02 8.41290400e-02]
 [           nan            nan            nan            nan
             nan            nan            nan            nan
             nan            nan            nan            nan
             nan            nan 7.00467183e-05 7.98295478e-05]
 [           nan            nan            nan            nan
             nan            nan            nan            nan
             nan            nan            nan            nan
             nan            nan            nan 9.20160301e-02]
 [           nan            nan            nan            nan
             nan            nan            nan            nan
             nan            nan            nan            nan
             nan            nan            nan            nan]]
