S1:[ 4.66167022e-05  4.52241655e-06 -1.24134100e-05  7.08201235e-05
  3.58045342e-03  2.18311580e-03 -1.21317337e-03  7.15475391e-03
  8.82898183e-04 -8.15005768e-04  8.04218995e-04  4.34252946e-05
  7.07903986e-03 -1.43035341e-06  1.70338446e-03 -3.07043743e-04]
S1_conf:[3.50473325e-03 8.16787603e-04 2.92660803e-04 9.16855199e-03
 2.38793672e+26 2.18243014e+27 3.80116421e+26 4.55756413e-02
 8.07841994e-03 3.51414367e-03 1.02597371e-02 1.16179048e-03
 5.10068648e-02 3.86571330e-06 3.20193816e-03 2.89336243e-02]
ST:[4.96521495e-04 2.16017778e-05 4.61097760e-06 2.99941799e-04
 2.75406817e-01 5.78167258e-01 2.45358508e-02 9.78814991e-01
 1.51673331e-02 1.17194966e-01 2.51941248e-02 2.36268601e-03
 9.49434204e-01 9.78074861e-08 7.65315517e-02 1.31213415e-03]
ST_conf:[1.90275154e-03 1.02928351e-04 1.30157031e-05 1.39819059e-02
 2.18910062e+27 4.86654007e+28 1.74125444e+27 4.24723355e-01
 1.34138610e-02 1.46660730e-01 4.19944220e-02 1.53319035e-03
 4.18091598e-01 1.43854003e-07 1.00162659e-01 1.42508345e-01]
S2:[[            nan -4.59440236e-05 -4.59440236e-05 -4.59440236e-05
  -4.59440236e-05 -4.59440236e-05 -4.59440236e-05 -4.59440236e-05
  -4.59440236e-05 -4.59440236e-05 -4.59440236e-05 -4.59440236e-05
  -4.59440236e-05 -4.59440236e-05 -4.59440236e-05 -4.59440236e-05]
 [            nan             nan -8.76504253e-06 -8.76504253e-06
  -8.76504253e-06 -8.76504253e-06 -8.76504253e-06 -8.76504253e-06
  -8.76504253e-06 -8.76504253e-06 -8.76504253e-06 -8.76504253e-06
  -8.76504253e-06 -8.76504253e-06 -8.76504253e-06 -8.76504253e-06]
 [            nan             nan             nan  1.10410303e-05
   1.10410303e-05  1.10410303e-05  1.10410303e-05  1.10410303e-05
   1.10410303e-05  1.10410303e-05  1.10410303e-05  1.10410303e-05
   1.10410303e-05  1.10410303e-05  1.10410303e-05  1.10410303e-05]
 [            nan             nan             nan             nan
  -6.64239190e-05 -6.64239190e-05 -6.64239190e-05 -6.64239190e-05
  -6.64239190e-05 -6.64239190e-05 -6.64239190e-05 -6.64239190e-05
  -6.64239190e-05 -6.64239190e-05 -6.64239190e-05 -6.64239190e-05]
 [            nan             nan             nan             nan
              nan -4.37738125e-03 -4.37738125e-03 -4.37738125e-03
  -4.37738125e-03 -4.37738125e-03 -4.37738125e-03 -4.37738125e-03
  -4.37738125e-03 -4.37738125e-03 -4.37738125e-03 -4.37738125e-03]
 [            nan             nan             nan             nan
              nan             nan -5.64891576e-03 -5.64891576e-03
  -5.64891576e-03 -5.64891576e-03 -5.64891576e-03 -5.64891576e-03
  -5.64891576e-03 -5.64891576e-03 -5.64891576e-03 -5.64891576e-03]
 [            nan             nan             nan             nan
              nan             nan             nan  1.22537680e-03
   1.22537680e-03  1.22537680e-03  1.22537680e-03  1.22537680e-03
   1.22537680e-03  1.22537680e-03  1.22537680e-03  1.22537680e-03]
 [            nan             nan             nan             nan
              nan             nan             nan             nan
  -7.27399698e-03 -7.27399698e-03 -7.27399698e-03 -7.27399698e-03
  -7.27399698e-03 -7.27399698e-03 -7.27399698e-03 -7.27399698e-03]
 [            nan             nan             nan             nan
              nan             nan             nan             nan
              nan -8.68992088e-04 -8.68992088e-04 -8.68992088e-04
  -8.68992088e-04 -8.68992088e-04 -8.68992088e-04 -8.68992088e-04]
 [            nan             nan             nan             nan
              nan             nan             nan             nan
              nan             nan  7.89049399e-04  7.89049399e-04
   7.89049399e-04  7.89049399e-04  7.89049399e-04  7.89049399e-04]
 [            nan             nan             nan             nan
              nan             nan             nan             nan
              nan             nan             nan -7.86760091e-04
  -7.86760091e-04 -7.86760091e-04 -7.86760091e-04 -7.86760091e-04]
 [            nan             nan             nan             nan
              nan             nan             nan             nan
              nan             nan             nan             nan
  -4.34252946e-05 -4.34252946e-05 -4.34252946e-05 -4.34252946e-05]
 [            nan             nan             nan             nan
              nan             nan             nan             nan
              nan             nan             nan             nan
              nan -7.76305861e-03 -7.76305861e-03 -7.76305861e-03]
 [            nan             nan             nan             nan
              nan             nan             nan             nan
              nan             nan             nan             nan
              nan             nan  1.43095719e-06  1.43095719e-06]
 [            nan             nan             nan             nan
              nan             nan             nan             nan
              nan             nan             nan             nan
              nan             nan             nan -1.68175060e-03]
 [            nan             nan             nan             nan
              nan             nan             nan             nan
              nan             nan             nan             nan
              nan             nan             nan             nan]]
S2_conf:[[           nan 8.42313999e-03 8.42313999e-03 8.42313999e-03
  6.73438497e+09 4.31000638e+11 1.10802036e+11 8.42313999e-03
  8.42313999e-03 8.42313999e-03 8.42313999e-03 8.42313999e-03
  8.42313999e-03 8.42313999e-03 8.42313999e-03 8.42313999e-03]
 [           nan            nan 4.77758965e-02 4.77758965e-02
  6.73438497e+09 4.31000638e+11 1.10802036e+11 4.77758965e-02
  4.77758965e-02 4.77758965e-02 4.77758965e-02 4.77758965e-02
  4.77758965e-02 4.77758965e-02 4.77758965e-02 4.77758965e-02]
 [           nan            nan            nan 1.54578579e-02
  6.73438497e+09 4.31000638e+11 1.10802036e+11 1.54578579e-02
  1.54578579e-02 1.54578579e-02 1.54578579e-02 1.54578579e-02
  1.54578579e-02 1.54578579e-02 1.54578579e-02 1.54578579e-02]
 [           nan            nan            nan            nan
  6.73438497e+09 4.31000638e+11 1.10802036e+11 5.02006363e-02
  5.02006363e-02 5.02006363e-02 5.02006363e-02 5.02006363e-02
  5.02006363e-02 5.02006363e-02 5.02006363e-02 5.02006363e-02]
 [           nan            nan            nan            nan
             nan 5.66750184e+26 5.66750184e+26 5.66750184e+26
  5.66750184e+26 5.66750184e+26 5.66750184e+26 5.66750184e+26
  5.66750184e+26 5.66750184e+26 5.66750184e+26 5.66750184e+26]
 [           nan            nan            nan            nan
             nan            nan 1.67595088e+27 1.67595088e+27
  1.67595088e+27 1.67595088e+27 1.67595088e+27 1.67595088e+27
  1.67595088e+27 1.67595088e+27 1.67595088e+27 1.67595088e+27]
 [           nan            nan            nan            nan
             nan            nan            nan 3.80116421e+26
  3.80116421e+26 3.80116421e+26 3.80116421e+26 3.80116421e+26
  3.80116421e+26 3.80116421e+26 3.80116421e+26 3.80116421e+26]
 [           nan            nan            nan            nan
             nan            nan            nan            nan
  4.75978381e+26 4.75978381e+26 4.75978381e+26 4.75978381e+26
  4.75978381e+26 4.75978381e+26 4.75978381e+26 4.75978381e+26]
 [           nan            nan            nan            nan
             nan            nan            nan            nan
             nan 1.57229605e-01 1.57229605e-01 1.57229605e-01
  1.57229605e-01 1.57229605e-01 1.57229605e-01 1.57229605e-01]
 [           nan            nan            nan            nan
             nan            nan            nan            nan
             nan            nan 2.92627889e-01 2.92627889e-01
  2.92627889e-01 2.92627889e-01 2.92627889e-01 2.92627889e-01]
 [           nan            nan            nan            nan
             nan            nan            nan            nan
             nan            nan            nan 1.97337858e-01
  1.97337858e-01 1.97337858e-01 1.97337858e-01 1.97337858e-01]
 [           nan            nan            nan            nan
             nan            nan            nan            nan
             nan            nan            nan            nan
  1.16179048e-03 1.16179048e-03 1.16179048e-03 1.16179048e-03]
 [           nan            nan            nan            nan
             nan            nan            nan            nan
             nan            nan            nan            nan
             nan 1.28499001e+27 1.28499001e+27 1.28499001e+27]
 [           nan            nan            nan            nan
             nan            nan            nan            nan
             nan            nan            nan            nan
             nan            nan 7.46107132e-06 7.46107132e-06]
 [           nan            nan            nan            nan
             nan            nan            nan            nan
             nan            nan            nan            nan
             nan            nan            nan 2.44176639e-01]
 [           nan            nan            nan            nan
             nan            nan            nan            nan
             nan            nan            nan            nan
             nan            nan            nan            nan]]
