S1:[-3.60319183e-04  6.32624271e-04  6.20874062e-04 -6.45950073e-04
  5.56920225e-02  9.26847879e-02  7.63093697e-03  2.94380050e-02
  1.89353754e-03 -1.57329702e-03 -1.22369850e-03  1.89685607e-04
  2.06288327e-02  3.39004316e-06  2.05172313e-02 -1.63065725e-03]
S1_conf:[3.17174959e-03 1.19808250e-03 1.14399278e-03 2.12561575e-03
 7.05606604e-02 1.08030893e-01 2.13689127e-02 3.94740914e-02
 2.20282521e-03 3.11974836e-03 2.17362546e-03 3.77355601e-04
 1.87800412e-02 7.77305907e-06 4.50945505e-02 2.12049204e-03]
ST:[6.21021342e-02 2.15935548e-03 6.16442212e-04 1.66014684e-02
 5.97847293e-01 9.51637564e-01 1.12978848e-01 7.02362642e-01
 1.81246650e-02 1.44105367e-01 1.89187654e-02 6.72266394e-04
 5.92383551e-01 4.02050774e-07 1.43871574e-01 1.96312697e-02]
ST_conf:[2.77493873e-02 1.76271925e-03 5.12684372e-04 1.95377457e-02
 3.02532415e-01 6.49975380e-01 5.49683730e-02 3.02759447e-01
 1.11412493e-02 1.48021164e-01 1.20796204e-02 5.68576538e-04
 2.48767139e-01 3.17694505e-07 7.21032672e-02 1.47276323e-02]
S2:[[            nan -1.35539848e-03 -1.24913992e-03 -1.33866221e-03
   6.13292334e-04 -1.81232636e-04 -3.54790021e-03 -1.60672300e-03
  -9.63503286e-04 -8.21747663e-04 -7.74837227e-04 -1.19359186e-03
  -5.45240994e-03 -1.18090380e-03 -9.46522366e-04 -1.06269875e-03]
 [            nan             nan -3.99627614e-04 -4.09571642e-04
  -2.39160376e-03 -7.17427803e-04 -9.13395878e-04  3.58801356e-04
  -3.25020471e-04 -4.95352656e-04 -4.24262993e-04 -3.99827349e-04
  -4.57057344e-04 -4.09537537e-04 -4.73347378e-04 -3.80431518e-04]
 [            nan             nan             nan -4.22014939e-04
  -7.72109020e-04  4.67330309e-04 -5.63376641e-04  1.63335078e-04
  -4.09488262e-04 -4.58789071e-04 -4.55438121e-04 -4.33411325e-04
  -5.03301660e-04 -4.35784493e-04 -4.38028418e-04 -4.47369648e-04]
 [            nan             nan             nan             nan
   9.09140584e-03 -8.62057256e-03  6.03902027e-04 -3.63010408e-03
   3.97540281e-04  3.78281049e-04  5.87154805e-04  4.32072055e-04
   1.30597081e-03  4.22887712e-04  6.11633297e-04  6.46679713e-04]
 [            nan             nan             nan             nan
              nan  1.79941623e-01 -2.85315803e-02 -3.82821040e-03
  -4.34210724e-02 -3.59272445e-02 -4.76120225e-02 -4.44495013e-02
  -3.45913842e-02 -4.42268988e-02 -5.72581707e-02 -4.78103275e-02]
 [            nan             nan             nan             nan
              nan             nan -7.16179357e-02 -5.86677545e-02
  -4.83878612e-02 -5.48826035e-02 -5.46414030e-02 -5.56414823e-02
  -4.88265622e-02 -5.56590022e-02 -3.44265677e-02 -5.30097722e-02]
 [            nan             nan             nan             nan
              nan             nan             nan  1.04635222e-02
  -3.56126261e-03 -4.77775564e-03 -4.25172825e-03 -3.98081080e-03
  -6.72213506e-03 -4.07894617e-03  4.11989684e-03 -4.31058619e-03]
 [            nan             nan             nan             nan
              nan             nan             nan             nan
   1.00132918e-02  1.18993996e-02  2.53904909e-02  2.16902528e-02
   3.33421380e-02  2.22252963e-02 -1.33242769e-02  3.71341231e-02]
 [            nan             nan             nan             nan
              nan             nan             nan             nan
              nan -1.77243208e-03 -1.15831393e-03 -9.54326009e-04
  -1.20567391e-03 -1.02647134e-03 -1.98030840e-03 -6.41338699e-04]
 [            nan             nan             nan             nan
              nan             nan             nan             nan
              nan             nan  7.31140541e-03  8.29374907e-03
   4.53488015e-03  7.97807922e-03  5.52039402e-03  9.26027322e-03]
 [            nan             nan             nan             nan
              nan             nan             nan             nan
              nan             nan             nan  3.39896666e-03
   1.37439312e-03  3.36170775e-03  2.21377871e-03  2.99760467e-03]
 [            nan             nan             nan             nan
              nan             nan             nan             nan
              nan             nan             nan             nan
  -1.03630597e-04 -3.10195422e-04 -4.77778676e-04 -3.26540175e-04]
 [            nan             nan             nan             nan
              nan             nan             nan             nan
              nan             nan             nan             nan
              nan  2.30312545e-02  3.10399913e-02  2.79988333e-02]
 [            nan             nan             nan             nan
              nan             nan             nan             nan
              nan             nan             nan             nan
              nan             nan -1.93901654e-06 -4.30529701e-06]
 [            nan             nan             nan             nan
              nan             nan             nan             nan
              nan             nan             nan             nan
              nan             nan             nan -2.36549795e-02]
 [            nan             nan             nan             nan
              nan             nan             nan             nan
              nan             nan             nan             nan
              nan             nan             nan             nan]]
S2_conf:[[           nan 6.27640333e-03 6.30155940e-03 6.24761749e-03
  1.32956073e-02 4.08591313e-02 1.01604956e-02 9.52019344e-03
  6.84470905e-03 6.24076981e-03 6.42910751e-03 6.26131673e-03
  6.82537560e-03 6.22857727e-03 8.02975424e-03 6.41670357e-03]
 [           nan            nan 1.24925177e-03 1.25625498e-03
  4.05895380e-03 3.74173857e-03 1.53320787e-03 1.71807438e-03
  1.26648522e-03 1.23910883e-03 1.23385357e-03 1.24737930e-03
  1.41553871e-03 1.24582470e-03 1.20599213e-03 1.25219025e-03]
 [           nan            nan            nan 1.13091091e-03
  1.06207550e-03 2.94245010e-03 1.13816412e-03 1.57793783e-03
  1.12615504e-03 1.12937899e-03 1.12166397e-03 1.12436930e-03
  1.13833014e-03 1.12492666e-03 1.07580387e-03 1.12108125e-03]
 [           nan            nan            nan            nan
  1.57630699e-02 2.40008878e-02 2.37908136e-03 1.09365877e-02
  2.73300490e-03 2.59736149e-03 2.49564542e-03 2.63765905e-03
  3.34665065e-03 2.63389977e-03 2.95856408e-03 2.48104034e-03]
 [           nan            nan            nan            nan
             nan 2.95180176e-01 8.48174114e-02 1.45308266e-01
  7.71467965e-02 8.22892581e-02 7.59824404e-02 7.69719148e-02
  8.46270002e-02 7.69222988e-02 1.00381684e-01 7.55218961e-02]
 [           nan            nan            nan            nan
             nan            nan 1.43413475e-01 1.42351326e-01
  1.49126677e-01 1.37840362e-01 1.36288197e-01 1.37510310e-01
  1.21501972e-01 1.37660937e-01 1.58293993e-01 1.39784524e-01]
 [           nan            nan            nan            nan
             nan            nan            nan 3.81382262e-02
  2.53161612e-02 2.45725496e-02 2.49310098e-02 2.52145803e-02
  2.67965059e-02 2.51207141e-02 4.00785494e-02 2.49153018e-02]
 [           nan            nan            nan            nan
             nan            nan            nan            nan
  6.30680908e-02 6.29132564e-02 7.10920443e-02 6.84901759e-02
  8.60108046e-02 6.87918957e-02 8.31421182e-02 8.04231007e-02]
 [           nan            nan            nan            nan
             nan            nan            nan            nan
             nan 2.47413670e-03 2.78810981e-03 3.02023201e-03
  2.63125423e-03 2.93399173e-03 2.59765089e-03 3.32457797e-03]
 [           nan            nan            nan            nan
             nan            nan            nan            nan
             nan            nan 1.00394152e-02 1.17872767e-02
  9.53930849e-03 1.12284612e-02 6.88015124e-03 1.36463280e-02]
 [           nan            nan            nan            nan
             nan            nan            nan            nan
             nan            nan            nan 3.65027901e-03
  5.35792278e-03 3.63583529e-03 3.72129748e-03 3.28599915e-03]
 [           nan            nan            nan            nan
             nan            nan            nan            nan
             nan            nan            nan            nan
  8.11259132e-04 5.57297207e-04 8.13802309e-04 5.50505743e-04]
 [           nan            nan            nan            nan
             nan            nan            nan            nan
             nan            nan            nan            nan
             nan 4.42570663e-02 6.57087924e-02 4.88425874e-02]
 [           nan            nan            nan            nan
             nan            nan            nan            nan
             nan            nan            nan            nan
             nan            nan 1.38940474e-05 1.07333111e-05]
 [           nan            nan            nan            nan
             nan            nan            nan            nan
             nan            nan            nan            nan
             nan            nan            nan 5.44557131e-02]
 [           nan            nan            nan            nan
             nan            nan            nan            nan
             nan            nan            nan            nan
             nan            nan            nan            nan]]
