S1:[-3.76819600e-04  6.36977988e-05 -6.01617846e-05 -2.36082521e-04
  2.12893440e-03  2.39612318e-03 -1.13614090e-03  7.45619001e-03
  1.24500526e-03 -1.05261780e-03  1.08187297e-03  1.15769205e-04
  6.57714723e-03  2.62107946e-06  2.36676630e-03 -4.94862379e-04]
S1_conf:[5.28705899e-02 1.69329831e-02 8.71738276e-03 7.40763416e-02
 6.29626009e-01 1.76348230e+00 1.25496708e-01 1.05477417e-01
 2.74823613e-02 7.71591422e-03 1.05701769e-02 1.20505295e-02
 8.57802742e-02 3.08291694e-04 2.85894076e-02 3.87446607e-02]
ST:[1.49098436e-02 9.01719653e-04 9.43593764e-05 4.08423848e-04
 2.42845929e-01 8.74644583e-01 1.71063402e-02 9.38347671e-01
 2.48076208e-02 1.48379378e-01 3.61562381e-02 3.56815714e-03
 6.71035343e-01 3.10542802e-07 1.34872991e-01 3.09856677e-03]
ST_conf:[2.23266418e-01 7.13186768e-03 4.66141721e-03 1.26289224e-01
 1.46034377e+01 7.66586106e+01 1.68873842e+00 5.51243301e-01
 4.18813781e-02 3.70022243e-01 1.14760005e-01 6.63741542e-03
 4.75967188e-01 2.62665195e-06 1.33670441e-01 1.86160845e-01]
S2:[[            nan  3.94435268e-04  3.94435268e-04  3.94435268e-04
   3.94435268e-04  3.94435268e-04  3.94435268e-04  3.94435268e-04
   3.94435268e-04  3.94435268e-04  3.94435268e-04  3.94435268e-04
   3.94435268e-04  3.94435268e-04  3.94435268e-04  3.94435268e-04]
 [            nan             nan -1.07211098e-04 -1.07211098e-04
  -1.07211098e-04 -1.07211098e-04 -1.07211098e-04 -1.07211098e-04
  -1.07211098e-04 -1.07211098e-04 -1.07211098e-04 -1.07211098e-04
  -1.07211098e-04 -1.07211098e-04 -1.07211098e-04 -1.07211098e-04]
 [            nan             nan             nan  4.74079279e-05
   4.74079279e-05  4.74079279e-05  4.74079279e-05  4.74079279e-05
   4.74079279e-05  4.74079279e-05  4.74079279e-05  4.74079279e-05
   4.74079279e-05  4.74079279e-05  4.74079279e-05  4.74079279e-05]
 [            nan             nan             nan             nan
   2.43527908e-04  2.43527908e-04  2.43527908e-04  2.43527908e-04
   2.43527908e-04  2.43527908e-04  2.43527908e-04  2.43527908e-04
   2.43527908e-04  2.43527908e-04  2.43527908e-04  2.43527908e-04]
 [            nan             nan             nan             nan
              nan -1.58716772e-03 -3.16250175e-03 -3.16250175e-03
  -3.16250175e-03 -3.16250175e-03 -3.16250175e-03 -3.16250175e-03
  -3.16250175e-03 -3.16250175e-03 -3.16250175e-03 -3.16250175e-03]
 [            nan             nan             nan             nan
              nan             nan -5.73087941e-03 -5.73087941e-03
  -5.73087941e-03 -5.73087941e-03 -5.73087941e-03 -5.73087941e-03
  -5.73087941e-03 -5.73087941e-03 -5.73087941e-03 -5.73087941e-03]
 [            nan             nan             nan             nan
              nan             nan             nan  1.28369039e-03
   1.28369039e-03  1.28369039e-03  1.28369039e-03  1.28369039e-03
   1.28369039e-03  1.28369039e-03  1.28369039e-03  1.28369039e-03]
 [            nan             nan             nan             nan
              nan             nan             nan             nan
  -8.04491722e-03 -8.05384100e-03 -8.04694749e-03 -8.06108882e-03
  -8.06409576e-03 -8.06076326e-03 -8.05130606e-03 -8.02420213e-03]
 [            nan             nan             nan             nan
              nan             nan             nan             nan
              nan -1.19006774e-03 -1.19006774e-03 -1.19006774e-03
  -1.19006774e-03 -1.19006774e-03 -1.19006774e-03 -1.19006774e-03]
 [            nan             nan             nan             nan
              nan             nan             nan             nan
              nan             nan  9.29713981e-04  9.29713981e-04
   9.29713981e-04  9.29713981e-04  9.29713981e-04  9.29713981e-04]
 [            nan             nan             nan             nan
              nan             nan             nan             nan
              nan             nan             nan -1.20142713e-03
  -1.20142713e-03 -1.20142713e-03 -1.20142713e-03 -1.20142713e-03]
 [            nan             nan             nan             nan
              nan             nan             nan             nan
              nan             nan             nan             nan
  -1.13104499e-04 -1.13104499e-04 -1.13104499e-04 -1.13104499e-04]
 [            nan             nan             nan             nan
              nan             nan             nan             nan
              nan             nan             nan             nan
              nan -6.95169225e-03 -6.99437485e-03 -6.93850306e-03]
 [            nan             nan             nan             nan
              nan             nan             nan             nan
              nan             nan             nan             nan
              nan             nan -2.41734061e-06 -2.41734061e-06]
 [            nan             nan             nan             nan
              nan             nan             nan             nan
              nan             nan             nan             nan
              nan             nan             nan -2.03443152e-03]
 [            nan             nan             nan             nan
              nan             nan             nan             nan
              nan             nan             nan             nan
              nan             nan             nan             nan]]
S2_conf:[[           nan 5.75954923e-02 5.75954923e-02 5.75954923e-02
  5.75954923e-02 5.75954923e-02 5.75954923e-02 5.75954923e-02
  5.75954923e-02 5.75954923e-02 5.75954923e-02 5.75954923e-02
  5.75954923e-02 5.75954923e-02 5.75954923e-02 5.75954923e-02]
 [           nan            nan 1.69524643e-02 1.69524643e-02
  1.69524643e-02 1.69524643e-02 1.69524643e-02 1.69524643e-02
  1.69524643e-02 1.69524643e-02 1.69524643e-02 1.69524643e-02
  1.69524643e-02 1.69524643e-02 1.69524643e-02 1.69524643e-02]
 [           nan            nan            nan 8.99922852e-03
  8.99922852e-03 8.99922852e-03 8.99922852e-03 8.99922852e-03
  8.99922852e-03 8.99922852e-03 8.99922852e-03 8.99922852e-03
  8.99922852e-03 8.99922852e-03 8.99922852e-03 8.99922852e-03]
 [           nan            nan            nan            nan
  7.39323195e-02 7.39323195e-02 7.39323195e-02 7.39323195e-02
  7.39323195e-02 7.39323195e-02 7.39323195e-02 7.39323195e-02
  7.39323195e-02 7.39323195e-02 7.39323195e-02 7.39323195e-02]
 [           nan            nan            nan            nan
             nan 7.41983261e-01 9.35994385e-01 9.35994385e-01
  9.35994385e-01 9.35994385e-01 9.35994385e-01 9.35994385e-01
  9.35994385e-01 9.35994385e-01 9.35994385e-01 9.35994385e-01]
 [           nan            nan            nan            nan
             nan            nan 1.59559766e+00 1.59559766e+00
  1.59559766e+00 1.59559766e+00 1.59559766e+00 1.59559766e+00
  1.59559766e+00 1.59559766e+00 1.59559766e+00 1.59559766e+00]
 [           nan            nan            nan            nan
             nan            nan            nan 1.25274177e-01
  1.25274177e-01 1.25274177e-01 1.25274177e-01 1.25274177e-01
  1.25274177e-01 1.25274177e-01 1.25274177e-01 1.25274177e-01]
 [           nan            nan            nan            nan
             nan            nan            nan            nan
  8.62925706e-01 8.69626893e-01 8.64450101e-01 8.75071266e-01
  8.77330446e-01 8.74826676e-01 8.67723071e-01 8.47379333e-01]
 [           nan            nan            nan            nan
             nan            nan            nan            nan
             nan 2.66221824e-02 2.66221824e-02 2.66221824e-02
  2.66221824e-02 2.66221824e-02 2.66221824e-02 2.66221824e-02]
 [           nan            nan            nan            nan
             nan            nan            nan            nan
             nan            nan 1.04174666e-02 1.04174666e-02
  1.04174666e-02 1.04174666e-02 1.04174666e-02 1.04174666e-02]
 [           nan            nan            nan            nan
             nan            nan            nan            nan
             nan            nan            nan 1.92919809e-02
  1.92919809e-02 1.92919809e-02 1.92919809e-02 1.92919809e-02]
 [           nan            nan            nan            nan
             nan            nan            nan            nan
             nan            nan            nan            nan
  1.18961837e-02 1.18961837e-02 1.18961837e-02 1.18961837e-02]
 [           nan            nan            nan            nan
             nan            nan            nan            nan
             nan            nan            nan            nan
             nan 4.48122816e-01 4.48100966e-01 4.48129576e-01]
 [           nan            nan            nan            nan
             nan            nan            nan            nan
             nan            nan            nan            nan
             nan            nan 3.10263770e-04 3.10263770e-04]
 [           nan            nan            nan            nan
             nan            nan            nan            nan
             nan            nan            nan            nan
             nan            nan            nan 6.16405367e-02]
 [           nan            nan            nan            nan
             nan            nan            nan            nan
             nan            nan            nan            nan
             nan            nan            nan            nan]]
