S1:[ 1.48761340e-05  5.36989639e-05 -1.42113128e-07 -1.10769754e-03
  1.86383836e-02  4.97945434e-02  2.71797132e-03  1.46853889e-02
  5.15474010e-04 -1.03168646e-03 -3.54003999e-04  5.36955979e-05
  1.56151162e-02 -1.45441406e-07  3.85465433e-03 -6.52005636e-04]
S1_conf:[2.53697011e-04 1.29982321e-04 5.13907623e-07 8.15421938e-04
 3.01287439e-02 8.01541069e-02 1.05910104e-02 2.12569259e-02
 8.25904009e-04 2.79989908e-03 8.37923482e-04 1.22413233e-04
 1.23769670e-02 2.35000553e-06 7.48985929e-03 1.01289753e-03]
ST:[8.86117008e-04 3.39152123e-04 6.15011886e-09 1.47008379e-02
 6.24903926e-01 7.55676184e-01 1.08258330e-01 7.16344785e-01
 1.45947699e-02 1.22173019e-01 1.23637937e-02 3.54471775e-04
 6.41163123e-01 7.32170916e-08 1.21265906e-01 1.23094401e-02]
ST_conf:[3.43668274e-04 2.30692651e-04 5.26914904e-09 8.67885788e-03
 3.37114466e-01 3.96568391e-01 5.52223479e-02 2.78457767e-01
 1.16876299e-02 1.35969112e-01 5.93222656e-03 2.68326915e-04
 2.72953524e-01 5.34324112e-08 6.56415133e-02 1.00257782e-02]
S2:[[            nan  3.43265101e-04  3.51273848e-04  3.54111980e-04
   2.73496628e-04  1.05614444e-03  5.29876329e-04  8.41070303e-04
   3.72501987e-04  2.77315786e-04  3.29096862e-04  3.58570056e-04
   4.49269110e-04  3.51233568e-04  3.08648373e-04  3.75809655e-04]
 [            nan             nan -1.85249715e-04 -1.88132319e-04
  -1.51675722e-04 -6.66873713e-04 -9.22536655e-05 -6.63067593e-04
  -2.05357548e-04 -1.14093632e-04 -1.63319963e-04 -1.92175347e-04
  -5.44439870e-05 -1.85214945e-04 -1.08549651e-04 -2.09790006e-04]
 [            nan             nan             nan  3.35773408e-07
   2.81331452e-06 -6.01362506e-06 -2.30644630e-07  1.03447026e-06
   3.40538453e-07  3.30705462e-07  3.39018742e-07  3.37862668e-07
   7.31478532e-07  3.36585395e-07  5.84472052e-07  3.32001800e-07]
 [            nan             nan             nan             nan
   3.89925364e-03  7.01978694e-04  1.08499585e-03  5.65998164e-04
   9.70722721e-04  9.04721075e-04  9.40130813e-04  9.61268895e-04
   1.53668888e-03  9.56268547e-04  8.84609009e-04  9.74498906e-04]
 [            nan             nan             nan             nan
              nan  1.83360324e-01 -1.00812552e-02  1.08434039e-02
  -1.76110457e-02 -1.63500403e-02 -1.77479610e-02 -1.75644160e-02
   1.42724313e-02 -1.75069189e-02 -2.07896875e-02 -1.78296136e-02]
 [            nan             nan             nan             nan
              nan             nan -2.59049308e-02 -1.77795243e-02
  -1.01589922e-02 -1.51530261e-02 -1.61340017e-02 -1.58898691e-02
  -2.45268770e-02 -1.57692235e-02 -7.49766684e-03 -1.41890161e-02]
 [            nan             nan             nan             nan
              nan             nan             nan  9.51807905e-03
  -1.10254999e-03 -1.71696306e-03 -1.36444274e-03 -1.20124162e-03
   1.55775535e-03 -1.25197997e-03  3.72174050e-04 -1.14822505e-03]
 [            nan             nan             nan             nan
              nan             nan             nan             nan
   1.82555427e-02  1.83388297e-02  3.08824480e-02  2.89316966e-02
   5.58130761e-02  2.89942290e-02  1.31241017e-02  3.79209373e-02]
 [            nan             nan             nan             nan
              nan             nan             nan             nan
              nan  3.93943027e-04  9.87819118e-04  1.33519693e-03
  -4.02830753e-04  1.25121280e-03  3.58286304e-04  1.54662037e-03]
 [            nan             nan             nan             nan
              nan             nan             nan             nan
              nan             nan  7.29865307e-03  8.53460616e-03
  -1.98998335e-03  8.23455928e-03  5.25193892e-03  9.28274743e-03]
 [            nan             nan             nan             nan
              nan             nan             nan             nan
              nan             nan             nan  2.01060078e-03
   1.24278226e-03  1.95839234e-03  1.39502632e-03  2.14251262e-03]
 [            nan             nan             nan             nan
              nan             nan             nan             nan
              nan             nan             nan             nan
  -2.29649030e-04 -1.97121649e-04 -2.11499952e-04 -1.97684095e-04]
 [            nan             nan             nan             nan
              nan             nan             nan             nan
              nan             nan             nan             nan
              nan  1.20636729e-02  1.01340360e-02  1.61154190e-02]
 [            nan             nan             nan             nan
              nan             nan             nan             nan
              nan             nan             nan             nan
              nan             nan  2.12339914e-06  6.79782102e-07]
 [            nan             nan             nan             nan
              nan             nan             nan             nan
              nan             nan             nan             nan
              nan             nan             nan  9.87012555e-04]
 [            nan             nan             nan             nan
              nan             nan             nan             nan
              nan             nan             nan             nan
              nan             nan             nan             nan]]
S2_conf:[[           nan 4.70344486e-04 4.76028195e-04 4.78151815e-04
  6.80320279e-04 5.22051438e-03 8.02942518e-04 9.89165410e-04
  4.92239473e-04 4.34534367e-04 4.60830549e-04 4.81413885e-04
  6.34929087e-04 4.75999967e-04 4.55965470e-04 4.95404137e-04]
 [           nan            nan 2.53284716e-04 2.56985423e-04
  4.15720936e-04 1.17079670e-03 1.72706285e-04 9.03673618e-04
  2.79901760e-04 1.74371611e-04 2.26029511e-04 2.62314690e-04
  1.67974539e-04 2.53239058e-04 1.76384319e-04 2.85645627e-04]
 [           nan            nan            nan 8.02409628e-07
  3.59388668e-06 1.05538551e-05 1.30686804e-06 1.93004595e-06
  8.05126742e-07 7.99666533e-07 8.04245737e-07 8.03584583e-07
  1.13075667e-06 8.02863225e-07 1.08500067e-06 8.00353712e-07]
 [           nan            nan            nan            nan
  5.15545767e-03 6.98534506e-03 1.07732366e-03 1.66743558e-03
  1.07610107e-03 1.04222039e-03 1.05939469e-03 1.07059508e-03
  3.40960325e-03 1.06776851e-03 1.04754224e-03 1.07774748e-03]
 [           nan            nan            nan            nan
             nan 2.33575862e-01 3.14623568e-02 7.04707091e-02
  3.19042960e-02 3.17327657e-02 3.18302603e-02 3.18274523e-02
  7.01634041e-02 3.17934900e-02 3.84939363e-02 3.16573676e-02]
 [           nan            nan            nan            nan
             nan            nan 9.96015560e-02 8.39291294e-02
  1.02369875e-01 9.63525023e-02 9.57067199e-02 9.60289820e-02
  8.96906551e-02 9.61629499e-02 1.00869416e-01 9.79303771e-02]
 [           nan            nan            nan            nan
             nan            nan            nan 2.21928213e-02
  1.16635075e-02 1.14286752e-02 1.15711549e-02 1.16167263e-02
  1.39408481e-02 1.15934772e-02 1.39524529e-02 1.16107472e-02]
 [           nan            nan            nan            nan
             nan            nan            nan            nan
  4.21323307e-02 4.13155840e-02 5.54445871e-02 5.45396139e-02
  9.16158951e-02 5.45826660e-02 5.35351641e-02 6.78858612e-02]
 [           nan            nan            nan            nan
             nan            nan            nan            nan
             nan 1.69956322e-03 2.54575971e-03 3.06612942e-03
  1.14453710e-03 2.93918659e-03 1.67125812e-03 3.38701064e-03]
 [           nan            nan            nan            nan
             nan            nan            nan            nan
             nan            nan 9.45051403e-03 1.13095018e-02
  5.69190338e-03 1.08562600e-02 6.34624354e-03 1.24541823e-02]
 [           nan            nan            nan            nan
             nan            nan            nan            nan
             nan            nan            nan 2.36366063e-03
  1.72838260e-03 2.29982065e-03 1.73303863e-03 2.52878918e-03]
 [           nan            nan            nan            nan
             nan            nan            nan            nan
             nan            nan            nan            nan
  7.80934493e-04 1.97910065e-04 2.10130968e-04 1.97823970e-04]
 [           nan            nan            nan            nan
             nan            nan            nan            nan
             nan            nan            nan            nan
             nan 2.52061232e-02 2.47830558e-02 3.02010722e-02]
 [           nan            nan            nan            nan
             nan            nan            nan            nan
             nan            nan            nan            nan
             nan            nan 6.49147894e-06 3.60283039e-06]
 [           nan            nan            nan            nan
             nan            nan            nan            nan
             nan            nan            nan            nan
             nan            nan            nan 1.66485463e-02]
 [           nan            nan            nan            nan
             nan            nan            nan            nan
             nan            nan            nan            nan
             nan            nan            nan            nan]]
