S1:[ 7.80536785e-02  3.22925104e-03 -1.53493665e-06  5.40586516e-03
  1.65025690e-01  4.84471191e-02  1.57464880e-02  2.48223162e-01
  1.57633984e-02  4.11862891e-02 -6.07259131e-03 -8.86628203e-04
  2.71069509e-02 -1.90216562e-05  9.80317254e-02 -8.28376420e-04]
S1_conf:[6.86173196e-02 1.03698469e-02 1.05922842e-05 1.30390632e-02
 8.38473246e-02 5.33431934e-02 4.04916773e-02 1.18575371e-01
 2.30642101e-02 3.07327401e-02 7.73174554e-03 8.55454101e-03
 6.19834584e-02 1.42154717e-04 5.29158147e-02 2.94261670e-02]
ST:[2.38048094e-01 1.39942666e-02 4.63531261e-09 1.29128480e-02
 3.56618136e-01 1.42443464e-01 1.03301683e-01 3.94367119e-01
 3.11695077e-02 1.01320778e-01 8.11176943e-03 2.41237493e-03
 8.87363730e-02 1.86426519e-06 1.69401218e-01 3.80303104e-02]
ST_conf:[1.14217478e-01 9.47297784e-03 3.09365940e-09 1.13119597e-02
 1.16445425e-01 6.17521466e-02 5.31510283e-02 1.06102800e-01
 1.23937451e-02 6.38699071e-02 7.30654026e-03 1.04001730e-03
 3.67520182e-02 1.44933899e-06 6.25210743e-02 1.96965415e-02]
S2:[[            nan -1.04431301e-02 -4.83156363e-03 -7.44237919e-03
   2.58906964e-02  3.25554933e-02  4.24744783e-03  8.18477861e-02
  -1.52565450e-02 -3.79752461e-02  1.94491233e-03 -5.73754711e-03
   3.12411353e-02 -4.86020662e-03  1.64459790e-02 -1.27839271e-02]
 [            nan             nan  6.38097182e-03  7.96738201e-03
   7.06720235e-03  5.33715452e-03  2.62025547e-03  1.80640825e-02
   6.75137159e-03  9.10298935e-03  3.98757638e-03  5.94902868e-03
   8.39911312e-03  6.35568622e-03  3.42361675e-03  5.74226767e-03]
 [            nan             nan             nan  9.11200046e-07
  -6.15233305e-06  1.47329813e-06 -3.32129408e-07  1.17557671e-05
   2.09500751e-06  1.83499295e-06  6.89099781e-07  4.07011112e-08
   4.26452589e-06  1.72843377e-07  3.42302566e-06  1.49283119e-06]
 [            nan             nan             nan             nan
  -1.37178964e-05 -1.77123130e-04 -3.90051922e-03  2.20634162e-03
   4.07857017e-04  2.44574842e-03 -1.21579784e-03 -8.80588014e-04
  -3.31607835e-03 -1.42824127e-03 -7.01896853e-03 -1.05576730e-03]
 [            nan             nan             nan             nan
              nan -2.75436423e-02 -7.74873072e-03 -3.74978879e-02
  -1.88199837e-02 -1.24186854e-02 -1.66081801e-02 -1.59211347e-02
   4.44961138e-03 -1.79990138e-02 -2.70200126e-02 -2.90907970e-03]
 [            nan             nan             nan             nan
              nan             nan -1.25005625e-02  2.40528260e-02
  -2.08101514e-02 -1.24387320e-02 -2.43454633e-02 -3.00912816e-02
  -4.28857109e-03 -2.47028629e-02 -4.16494733e-02 -9.16228648e-03]
 [            nan             nan             nan             nan
              nan             nan             nan  3.10182932e-04
  -1.21521460e-02 -1.14778222e-02 -1.87003410e-02 -1.55527037e-02
  -8.00629756e-03 -1.66337991e-02 -1.30745085e-02 -1.28234316e-02]
 [            nan             nan             nan             nan
              nan             nan             nan             nan
  -2.79540901e-02  3.18797034e-03 -4.30955519e-02 -2.77557653e-02
  -8.16872713e-02 -3.55856031e-02 -2.79427269e-02 -5.33007360e-02]
 [            nan             nan             nan             nan
              nan             nan             nan             nan
              nan -5.88904429e-03 -6.61887294e-03 -5.38025007e-03
  -1.17096018e-02 -4.80031671e-03  6.27958428e-03 -7.40797775e-03]
 [            nan             nan             nan             nan
              nan             nan             nan             nan
              nan             nan -1.46306665e-02 -1.69334064e-02
  -5.25788038e-03 -1.64790421e-02 -8.50467501e-03 -2.29275606e-02]
 [            nan             nan             nan             nan
              nan             nan             nan             nan
              nan             nan             nan  5.20566723e-03
   4.76587254e-03  5.03167743e-03  5.60368652e-03  4.52052391e-03]
 [            nan             nan             nan             nan
              nan             nan             nan             nan
              nan             nan             nan             nan
   2.63703709e-03  6.86196372e-04 -1.90662453e-03  3.13721415e-04]
 [            nan             nan             nan             nan
              nan             nan             nan             nan
              nan             nan             nan             nan
              nan -1.00456448e-02  7.94844997e-03 -1.25800719e-02]
 [            nan             nan             nan             nan
              nan             nan             nan             nan
              nan             nan             nan             nan
              nan             nan  1.64534117e-04  8.64179010e-05]
 [            nan             nan             nan             nan
              nan             nan             nan             nan
              nan             nan             nan             nan
              nan             nan             nan -7.41522919e-02]
 [            nan             nan             nan             nan
              nan             nan             nan             nan
              nan             nan             nan             nan
              nan             nan             nan             nan]]
S2_conf:[[           nan 8.03728527e-02 8.06632746e-02 8.18611122e-02
  9.83031673e-02 9.24768543e-02 8.88449840e-02 1.39209615e-01
  7.67223763e-02 8.99590640e-02 7.88977664e-02 8.04151061e-02
  9.86098142e-02 8.06825655e-02 1.03555746e-01 8.09029408e-02]
 [           nan            nan 1.39001657e-02 1.45330368e-02
  1.69507984e-02 1.59422157e-02 1.48054304e-02 1.83550770e-02
  1.40796292e-02 1.91389997e-02 1.34185039e-02 1.38786296e-02
  1.41761941e-02 1.39017506e-02 1.58695715e-02 1.37104115e-02]
 [           nan            nan            nan 1.52655271e-05
  1.83409058e-05 1.45030695e-05 1.55285011e-05 1.88186699e-05
  1.54076541e-05 1.71747712e-05 1.52434091e-05 1.51193538e-05
  1.35726804e-05 1.50932881e-05 1.48044553e-05 1.60520912e-05]
 [           nan            nan            nan            nan
  1.73658115e-02 1.81131234e-02 1.62384272e-02 1.84446433e-02
  1.99714846e-02 2.09354371e-02 1.76733463e-02 1.84924255e-02
  1.69237518e-02 1.80315688e-02 1.99975954e-02 1.72495234e-02]
 [           nan            nan            nan            nan
             nan 1.17740595e-01 1.20752276e-01 1.64135726e-01
  1.17271039e-01 1.26113007e-01 1.09317399e-01 1.11474679e-01
  1.16027646e-01 1.10629563e-01 1.12304626e-01 1.09201643e-01]
 [           nan            nan            nan            nan
             nan            nan 8.07945403e-02 1.11479826e-01
  9.92953399e-02 8.69468417e-02 8.83830710e-02 9.05687134e-02
  8.68088758e-02 8.75677400e-02 1.14895675e-01 8.86552578e-02]
 [           nan            nan            nan            nan
             nan            nan            nan 5.91988352e-02
  6.37888184e-02 5.79818298e-02 5.89463074e-02 5.99344635e-02
  5.68000870e-02 5.94416178e-02 6.33271441e-02 5.46083298e-02]
 [           nan            nan            nan            nan
             nan            nan            nan            nan
  1.74333716e-01 1.87875535e-01 1.60892133e-01 1.65968398e-01
  1.78942877e-01 1.60256277e-01 2.14379278e-01 1.57319352e-01]
 [           nan            nan            nan            nan
             nan            nan            nan            nan
             nan 4.55173160e-02 4.24865620e-02 4.23507946e-02
  4.96203665e-02 4.17323619e-02 5.27179941e-02 3.96290552e-02]
 [           nan            nan            nan            nan
             nan            nan            nan            nan
             nan            nan 4.41451585e-02 4.48026647e-02
  5.24976581e-02 4.50358097e-02 4.50785926e-02 4.05440184e-02]
 [           nan            nan            nan            nan
             nan            nan            nan            nan
             nan            nan            nan 1.23012302e-02
  1.18904697e-02 1.21333922e-02 1.36836238e-02 1.20233610e-02]
 [           nan            nan            nan            nan
             nan            nan            nan            nan
             nan            nan            nan            nan
  1.21991733e-02 1.46217759e-02 1.85438853e-02 1.42015590e-02]
 [           nan            nan            nan            nan
             nan            nan            nan            nan
             nan            nan            nan            nan
             nan 7.07295452e-02 7.53501105e-02 7.03992009e-02]
 [           nan            nan            nan            nan
             nan            nan            nan            nan
             nan            nan            nan            nan
             nan            nan 2.35235260e-04 1.98606614e-04]
 [           nan            nan            nan            nan
             nan            nan            nan            nan
             nan            nan            nan            nan
             nan            nan            nan 7.06602227e-02]
 [           nan            nan            nan            nan
             nan            nan            nan            nan
             nan            nan            nan            nan
             nan            nan            nan            nan]]
