S1:[ 8.49808716e-03 -1.19602861e-03 -2.08689158e-06  5.85781308e-03
  1.96627544e-01  1.66438183e-01  2.66239340e-02  2.89417150e-01
  4.12374691e-04  1.62994156e-02  2.95280221e-03  8.14994927e-04
  1.08384739e-01  2.59452077e-06  8.30556696e-03  1.57201067e-03]
S1_conf:[2.51572944e-02 1.60986731e-03 9.55342712e-06 1.11737618e-02
 8.82362597e-02 7.94572963e-02 2.78484535e-02 1.21220520e-01
 2.77161456e-03 2.66274911e-02 2.95003724e-03 2.74666104e-03
 5.99832407e-02 1.03281619e-04 3.01990285e-02 3.49522815e-03]
ST:[4.44945145e-02 1.39909173e-04 4.96362996e-09 6.59843363e-03
 3.36389224e-01 2.02690562e-01 4.11282272e-02 3.42429418e-01
 4.21116638e-04 3.83382670e-02 1.00740278e-03 3.30712388e-04
 1.56866611e-01 3.65272213e-07 3.35819943e-02 4.59362002e-04]
ST_conf:[1.90433231e-02 9.38242417e-05 4.37735732e-09 2.33837893e-03
 8.67734464e-02 5.14626687e-02 1.32899293e-02 7.14712807e-02
 1.97807124e-04 1.25315529e-02 7.28075116e-04 1.37188983e-04
 4.42961222e-02 2.64186220e-07 1.37194974e-02 3.84726237e-04]
S2:[[            nan  3.58748072e-02  3.57961089e-02  3.55915080e-02
   2.86218177e-02  2.60938854e-02  3.29461813e-02  3.25713928e-02
   3.49970073e-02  2.26342038e-02  3.70554121e-02  3.57938868e-02
   3.69015310e-02  3.57876780e-02  4.08677729e-02  3.58721872e-02]
 [            nan             nan  1.30093343e-03  1.29276693e-03
   1.59444110e-03  1.45540994e-03  1.33660624e-03  1.68937191e-04
   1.24687602e-03  1.24423572e-03  1.34225697e-03  1.30943822e-03
   8.96271254e-05  1.30179821e-03  1.28381939e-03  1.30725025e-03]
 [            nan             nan             nan -2.79051122e-06
   4.79097392e-06  1.96054502e-06 -2.64921633e-06  2.14126971e-06
  -2.49461831e-06 -2.51606884e-06 -2.61785449e-06 -2.53984878e-06
   2.66613664e-06 -2.57251500e-06 -2.25375178e-06 -2.46800639e-06]
 [            nan             nan             nan             nan
  -8.25923355e-03 -6.31270463e-03 -8.05949524e-03  3.27815859e-03
  -6.23411176e-03 -7.64275313e-03 -5.52468081e-03 -5.98326994e-03
  -8.73609225e-03 -6.09940873e-03 -5.60878857e-03 -6.28122917e-03]
 [            nan             nan             nan             nan
              nan  7.70543588e-02  6.35442755e-02  5.31260183e-02
   6.08169281e-02  6.76615053e-02  6.17179931e-02  6.30776831e-02
   1.10530659e-01  6.19937411e-02  6.69906597e-02  6.00639814e-02]
 [            nan             nan             nan             nan
              nan             nan  2.98980424e-03  6.27531283e-04
   9.87014821e-03  1.07024269e-02  9.18414060e-03  1.14873295e-02
   4.84427997e-02  1.08170897e-02  7.50519696e-03  9.85662162e-03]
 [            nan             nan             nan             nan
              nan             nan             nan -4.66633719e-03
  -5.17609256e-03 -6.38725306e-03 -4.03311142e-03 -4.63231722e-03
   9.63909292e-03 -4.85751038e-03 -5.39629704e-03 -5.13746176e-03]
 [            nan             nan             nan             nan
              nan             nan             nan             nan
   7.13551593e-02  8.08406410e-02  7.21813158e-02  6.88766629e-02
   1.17567526e-02  6.94290176e-02  9.19390514e-02  7.02346811e-02]
 [            nan             nan             nan             nan
              nan             nan             nan             nan
              nan -8.72447046e-04 -3.19519483e-04 -5.12830844e-04
   8.40756685e-04 -4.95276170e-04  1.72050566e-04 -5.59886559e-04]
 [            nan             nan             nan             nan
              nan             nan             nan             nan
              nan             nan  2.61867960e-02  2.53150562e-02
   2.25368475e-02  2.53433621e-02  2.83596105e-02  2.46745515e-02]
 [            nan             nan             nan             nan
              nan             nan             nan             nan
              nan             nan             nan -5.29872933e-03
  -5.62200413e-03 -5.26798383e-03 -5.09297043e-03 -5.32948811e-03]
 [            nan             nan             nan             nan
              nan             nan             nan             nan
              nan             nan             nan             nan
  -1.38347039e-03 -1.58636389e-03 -1.77447044e-03 -1.54556959e-03]
 [            nan             nan             nan             nan
              nan             nan             nan             nan
              nan             nan             nan             nan
              nan  4.66523863e-02  5.14056354e-02  4.69502544e-02]
 [            nan             nan             nan             nan
              nan             nan             nan             nan
              nan             nan             nan             nan
              nan             nan  3.79776178e-05  2.33824914e-05]
 [            nan             nan             nan             nan
              nan             nan             nan             nan
              nan             nan             nan             nan
              nan             nan             nan  1.36816015e-03]
 [            nan             nan             nan             nan
              nan             nan             nan             nan
              nan             nan             nan             nan
              nan             nan             nan             nan]]
S2_conf:[[           nan 5.07284723e-02 5.06115249e-02 5.03126839e-02
  4.46012449e-02 5.80783469e-02 4.94256460e-02 6.61096243e-02
  5.05180122e-02 4.73146688e-02 5.07837226e-02 5.05467889e-02
  5.34596106e-02 5.06047965e-02 4.86258789e-02 5.08864195e-02]
 [           nan            nan 2.60164550e-03 2.59872302e-03
  2.60442160e-03 2.44342035e-03 2.54901818e-03 2.08363201e-03
  2.59517928e-03 2.67238702e-03 2.62109762e-03 2.59469086e-03
  2.37108253e-03 2.60195403e-03 2.56375736e-03 2.60489272e-03]
 [           nan            nan            nan 1.47064172e-05
  1.80293460e-05 1.57869923e-05 1.44701995e-05 1.14948098e-05
  1.45990133e-05 1.44580128e-05 1.45858440e-05 1.46612763e-05
  1.30964194e-05 1.45901871e-05 1.50760666e-05 1.45795083e-05]
 [           nan            nan            nan            nan
  1.91373158e-02 1.87098648e-02 2.04313631e-02 2.52668019e-02
  1.86207373e-02 1.80219835e-02 1.89479971e-02 1.85670329e-02
  1.99030403e-02 1.86410875e-02 1.96788552e-02 1.88138969e-02]
 [           nan            nan            nan            nan
             nan 1.44765607e-01 1.31452902e-01 1.36716662e-01
  1.23456817e-01 1.28739836e-01 1.25389693e-01 1.24713248e-01
  1.27063679e-01 1.24276183e-01 1.24211231e-01 1.23776713e-01]
 [           nan            nan            nan            nan
             nan            nan 1.02497405e-01 1.22102423e-01
  1.00488015e-01 1.08866915e-01 9.99984957e-02 1.00944821e-01
  1.04884741e-01 1.00084917e-01 9.91472159e-02 1.00784095e-01]
 [           nan            nan            nan            nan
             nan            nan            nan 4.19700425e-02
  3.90938299e-02 4.07750395e-02 3.93530185e-02 3.92366081e-02
  4.09210109e-02 3.91084131e-02 4.15957076e-02 3.93258146e-02]
 [           nan            nan            nan            nan
             nan            nan            nan            nan
  1.75864417e-01 1.80640623e-01 1.75411374e-01 1.73077986e-01
  1.81848893e-01 1.73873391e-01 1.98235818e-01 1.74338641e-01]
 [           nan            nan            nan            nan
             nan            nan            nan            nan
             nan 5.21246557e-03 5.37686984e-03 5.24416696e-03
  4.56617058e-03 5.25238563e-03 5.16329672e-03 5.32598863e-03]
 [           nan            nan            nan            nan
             nan            nan            nan            nan
             nan            nan 4.79866898e-02 4.71813249e-02
  4.78616094e-02 4.73386306e-02 4.86384369e-02 4.77542788e-02]
 [           nan            nan            nan            nan
             nan            nan            nan            nan
             nan            nan            nan 5.30706507e-03
  5.28580502e-03 5.30772157e-03 5.23425473e-03 5.29635891e-03]
 [           nan            nan            nan            nan
             nan            nan            nan            nan
             nan            nan            nan            nan
  3.54677783e-03 4.00165378e-03 4.19637741e-03 4.00748238e-03]
 [           nan            nan            nan            nan
             nan            nan            nan            nan
             nan            nan            nan            nan
             nan 9.00998074e-02 9.54807257e-02 9.01843822e-02]
 [           nan            nan            nan            nan
             nan            nan            nan            nan
             nan            nan            nan            nan
             nan            nan 1.50227138e-04 1.47658822e-04]
 [           nan            nan            nan            nan
             nan            nan            nan            nan
             nan            nan            nan            nan
             nan            nan            nan 4.16792930e-02]
 [           nan            nan            nan            nan
             nan            nan            nan            nan
             nan            nan            nan            nan
             nan            nan            nan            nan]]
