S1:[-1.95050984e-03  6.51173505e-04  4.31461681e-04  9.36143894e-04
  4.19197920e-02  1.68756570e-01  8.92851150e-03  4.28013388e-02
  2.60998585e-03  4.47535746e-03 -4.99839916e-04  3.41600402e-04
  3.91989098e-02  4.28290202e-06  1.34368958e-03  7.14249085e-04]
S1_conf:[3.99760879e-03 8.37133481e-04 4.86215304e-04 1.88999608e-03
 3.58488545e-02 1.22963836e-01 2.84948493e-02 3.55389375e-02
 3.73639348e-03 8.10010556e-03 9.44391064e-04 5.92270552e-04
 5.04169021e-02 9.71117223e-06 6.48311580e-03 2.13161689e-03]
ST:[4.04307804e-03 7.65214350e-05 6.60472434e-05 5.97752236e-03
 3.37958740e-01 6.05661970e-01 6.41759045e-02 5.17334648e-01
 1.31173654e-03 2.40845011e-02 2.56878010e-04 3.63962033e-05
 4.51136004e-01 2.36866125e-08 9.93468122e-03 1.66357560e-03]
ST_conf:[2.34992309e-03 3.57525516e-05 8.60648597e-05 2.13993895e-03
 1.02831577e-01 1.79362972e-01 2.62921547e-02 1.42312376e-01
 5.84682499e-04 1.20940690e-02 1.88490216e-04 2.31412473e-05
 1.41759271e-01 1.55716797e-08 6.30681861e-03 7.37188193e-04]
S2:[[            nan  2.73169370e-03  2.72150543e-03  2.78076582e-03
   1.68467801e-03  2.43832099e-03  3.44494925e-03  1.97964166e-03
   2.70668428e-03  2.76866373e-03  2.68443452e-03  2.71684206e-03
   3.89065614e-03  2.71417808e-03  2.76404321e-03  2.69949944e-03]
 [            nan             nan -8.55878411e-04 -8.56955447e-04
  -1.25210683e-03 -1.33207062e-03 -9.49453074e-04 -9.60052518e-04
  -8.68957652e-04 -9.01889087e-04 -8.50053769e-04 -8.55227786e-04
  -4.57850344e-04 -8.52115754e-04 -8.68801181e-04 -8.62683064e-04]
 [            nan             nan             nan -4.58002737e-04
  -5.57302289e-04 -3.00149457e-04 -4.34698442e-04 -5.44053947e-04
  -4.60617231e-04 -4.68883602e-04 -4.57554666e-04 -4.57626354e-04
  -4.19240069e-04 -4.56733724e-04 -4.49925130e-04 -4.62828880e-04]
 [            nan             nan             nan             nan
   2.81159662e-03 -6.28093915e-04 -1.38473487e-03 -2.31986615e-03
  -4.92272351e-04 -3.72545909e-04 -4.20480821e-04 -4.73204193e-04
   3.16992766e-03 -4.71374854e-04 -4.36295237e-04 -3.64402795e-04]
 [            nan             nan             nan             nan
              nan  8.33903445e-02 -3.06330164e-02  3.90067854e-03
  -4.22351643e-02 -4.45063669e-02 -4.19005307e-02 -4.16717623e-02
  -1.12626714e-02 -4.15614351e-02 -4.14957312e-02 -4.15435864e-02]
 [            nan             nan             nan             nan
              nan             nan -1.61438826e-01 -1.09544673e-01
  -1.48049347e-01 -1.48444067e-01 -1.47533048e-01 -1.48274335e-01
  -1.20783154e-01 -1.48181842e-01 -1.49418178e-01 -1.47618941e-01]
 [            nan             nan             nan             nan
              nan             nan             nan  4.58807011e-03
   2.97568295e-03  4.44595117e-03  2.47581016e-03  2.47364546e-03
  -6.78516664e-03  2.34880035e-03  3.01122804e-03  2.75309720e-03]
 [            nan             nan             nan             nan
              nan             nan             nan             nan
   2.52409212e-02  3.59757911e-02  2.91056525e-02  2.94100228e-02
   8.61218327e-02  2.94206054e-02  4.19161341e-02  3.33296695e-02]
 [            nan             nan             nan             nan
              nan             nan             nan             nan
              nan -4.48475903e-03 -4.09474246e-03 -4.12630899e-03
  -1.41435840e-03 -4.09534547e-03 -4.33750591e-03 -4.17273034e-03]
 [            nan             nan             nan             nan
              nan             nan             nan             nan
              nan             nan -7.76144901e-03 -7.78348352e-03
  -2.23997209e-03 -7.73833216e-03 -8.06377635e-03 -7.83507428e-03]
 [            nan             nan             nan             nan
              nan             nan             nan             nan
              nan             nan             nan  7.36515121e-04
   8.76621652e-04  7.33406936e-04  7.26205432e-04  7.43139894e-04]
 [            nan             nan             nan             nan
              nan             nan             nan             nan
              nan             nan             nan             nan
  -2.73697223e-04 -4.28350017e-04 -4.24465628e-04 -4.33285227e-04]
 [            nan             nan             nan             nan
              nan             nan             nan             nan
              nan             nan             nan             nan
              nan  6.88268792e-02  7.76173134e-02  7.00216829e-02]
 [            nan             nan             nan             nan
              nan             nan             nan             nan
              nan             nan             nan             nan
              nan             nan -4.63370995e-06 -4.49504963e-06]
 [            nan             nan             nan             nan
              nan             nan             nan             nan
              nan             nan             nan             nan
              nan             nan             nan  6.72905572e-04]
 [            nan             nan             nan             nan
              nan             nan             nan             nan
              nan             nan             nan             nan
              nan             nan             nan             nan]]
S2_conf:[[           nan 4.34834174e-03 4.34280384e-03 4.35264569e-03
  4.58080805e-03 1.00257352e-02 4.81199896e-03 5.18080133e-03
  4.38072326e-03 4.42455115e-03 4.32635214e-03 4.34290274e-03
  4.47481146e-03 4.33628633e-03 4.41120974e-03 4.35818395e-03]
 [           nan            nan 1.09664160e-03 1.10103782e-03
  1.23316208e-03 1.72275227e-03 1.10561590e-03 1.41319148e-03
  1.12427918e-03 1.16431733e-03 1.08984314e-03 1.09746433e-03
  9.79018680e-04 1.09225677e-03 1.13950910e-03 1.10821900e-03]
 [           nan            nan            nan 5.72375140e-04
  6.64990606e-04 8.37753277e-04 5.54560388e-04 6.98669175e-04
  5.75532524e-04 5.84856580e-04 5.67264837e-04 5.69125014e-04
  5.23806608e-04 5.67834922e-04 5.70331293e-04 5.70361295e-04]
 [           nan            nan            nan            nan
  7.79206273e-03 1.28734369e-02 4.20048030e-03 3.80954160e-03
  3.55573231e-03 3.65626965e-03 3.53063794e-03 3.55511309e-03
  6.24166840e-03 3.55308020e-03 3.39705230e-03 3.55366273e-03]
 [           nan            nan            nan            nan
             nan 1.06525049e-01 4.50694910e-02 7.98792333e-02
  4.16758393e-02 4.21737817e-02 4.11859336e-02 4.13780080e-02
  5.40420617e-02 4.13118700e-02 4.12737088e-02 4.14976703e-02]
 [           nan            nan            nan            nan
             nan            nan 1.58446470e-01 1.43205116e-01
  1.37243088e-01 1.37366234e-01 1.36285025e-01 1.37024935e-01
  1.65980154e-01 1.37034756e-01 1.37136466e-01 1.37070754e-01]
 [           nan            nan            nan            nan
             nan            nan            nan 4.03417505e-02
  3.35691142e-02 3.43994454e-02 3.29313400e-02 3.31528078e-02
  3.20100908e-02 3.30662208e-02 3.40204128e-02 3.33036505e-02]
 [           nan            nan            nan            nan
             nan            nan            nan            nan
  7.90022605e-02 9.14240584e-02 7.83234154e-02 7.89554273e-02
  9.82261560e-02 7.85158085e-02 9.26226830e-02 8.14353288e-02]
 [           nan            nan            nan            nan
             nan            nan            nan            nan
             nan 6.98213941e-03 6.23411370e-03 6.28869349e-03
  4.23271850e-03 6.23448294e-03 6.72236928e-03 6.41285834e-03]
 [           nan            nan            nan            nan
             nan            nan            nan            nan
             nan            nan 1.16160633e-02 1.16966401e-02
  1.19727432e-02 1.16173651e-02 1.23467966e-02 1.18825616e-02]
 [           nan            nan            nan            nan
             nan            nan            nan            nan
             nan            nan            nan 1.00167530e-03
  9.73437347e-04 1.00003281e-03 9.87370250e-04 1.00897590e-03]
 [           nan            nan            nan            nan
             nan            nan            nan            nan
             nan            nan            nan            nan
  8.84861329e-04 6.12254343e-04 6.16359318e-04 6.13574867e-04]
 [           nan            nan            nan            nan
             nan            nan            nan            nan
             nan            nan            nan            nan
             nan 8.71913089e-02 9.25907124e-02 8.80778778e-02]
 [           nan            nan            nan            nan
             nan            nan            nan            nan
             nan            nan            nan            nan
             nan            nan 1.08989524e-05 1.07661415e-05]
 [           nan            nan            nan            nan
             nan            nan            nan            nan
             nan            nan            nan            nan
             nan            nan            nan 1.09818445e-02]
 [           nan            nan            nan            nan
             nan            nan            nan            nan
             nan            nan            nan            nan
             nan            nan            nan            nan]]
