psi err 

0 , maxErr[5] 2 2.81228 -187.719 340.2 0 157 nan 0 0 0 0
1 , maxErr[5] 2 2.81228 -188.53 340.2 1 157 nan 0 0 0 0
2 , maxErr[5] 2 2.81228 -189.917 340.2 2 157 nan 0 0 0 0
3 , maxErr[5] 2 2.81228 -191.355 340.2 3 157 nan 0 0 0 0
4 , maxErr[5] 2 2.81228 -192.717 340.2 4 157 nan 0 0 0 0
5 , maxErr[5] 2 2.81228 -190.431 340.2 5 157 nan 0 0 0 0
6 , maxErr[5] 2 2.81228 -192.031 340.2 6 157 nan 0 0 0 0
7 , maxErr[5] 2 2.81228 -193.354 340.2 7 157 nan 0 0 0 0
8 , maxErr[5] 2 2.81228 -189.177 340.2 8 157 nan 0 0 0 0
9 , maxErr[5] 2 2.81228 -190.678 340.2 9 157 nan 0 0 0 0
10 , maxErr[5] 2 2.81228 -192.013 340.2 10 157 0 0.0054304 0.0054304 0 0
11 , maxErr[5] 2 2.81228 -192.203 340.2 11 157 nan 0 0 0 0
12 , maxErr[5] 2 2.81228 -190.522 340.2 12 157 nan 0 0 0 0
13 , maxErr[5] 2 2.81228 -191.871 340.2 13 157 0 0.00543077 0.00543077 0 0
14 , maxErr[5] 2 2.81228 -192.085 340.2 14 157 nan 0 0 0 0
15 , maxErr[5] 2 2.81228 -189.747 340.2 15 157 nan 0 0 0 0
16 , maxErr[5] 2 2.81228 -191.125 340.2 16 157 nan 0 0 0 0
17 , maxErr[5] 2 2.81228 -192.494 340.2 17 157 0 0.00543119 0.00543119 0 0
18 , maxErr[5] 2 2.81228 -192.818 340.2 18 157 nan 0 0 0 0
19 , maxErr[5] 2 2.81228 -191.327 340.2 19 157 nan 0 0 0 0
20 , maxErr[5] 2 2.81228 -192.704 340.2 20 157 0 0.00543018 0.00543018 0 0
21 , maxErr[5] 2 2.81228 -192.891 340.2 21 157 nan 0 0 0 0
22 , maxErr[5] 2 2.81228 -190.149 340.2 22 157 nan 0 0 0 0
23 , maxErr[5] 2 2.81228 -191.519 340.2 23 157 nan 0 0 0 0
24 , maxErr[5] 2 2.81228 -192.833 340.2 24 157 0 0.00542637 0.00542637 0 0
25 , maxErr[5] 2 2.81228 -192.993 340.2 25 157 nan 0 0 0 0
26 , maxErr[5] 2 2.81228 -191.655 340.2 26 157 nan 0 0 0 0
27 , maxErr[5] 2 2.81228 -193.012 340.2 27 157 0 0.00542489 0.00542489 0 0
28 , maxErr[5] 2 2.81228 -193.226 340.2 28 157 nan 0 0 0 0
29 , maxErr[5] 2 2.81228 -190.326 340.2 29 157 nan 0 0 0 0
30 , maxErr[5] 2 2.81228 -192.113 340.2 30 157 0 0.00543227 0.00543227 0 0
31 , maxErr[5] 2 2.81228 -192.905 340.2 31 157 nan 0 0 0 0
32 , maxErr[5] 2 2.81228 -192.808 340.2 32 157 0 0.00542799 0.00542799 0 0
33 , maxErr[5] 2 2.81228 -193.444 340.2 33 157 nan 0 0 0 0
34 , maxErr[5] 2 2.81228 -190.266 340.2 34 157 nan 0 0 0 0
35 , maxErr[5] 2 2.81228 -191.648 340.2 35 157 0 0.00543527 0.00543527 0 0
36 , maxErr[5] 2 2.81228 -191.949 340.2 36 157 nan 0 0 0 0
37 , maxErr[5] 2 2.81228 -191.574 340.2 37 157 0 0.00543631 0.00543631 0 0
38 , maxErr[5] 2 2.81228 -191.731 340.2 38 157 nan 0 0 0 0
39 , maxErr[5] 2 2.81228 -190.074 340.2 39 157 nan 0 0 0 0
40 , maxErr[5] 2 2.81228 -191.857 340.2 40 157 0 0.00542985 0.00542985 0 0
41 , maxErr[5] 2 2.81228 -192.745 340.2 41 157 nan 0 0 0 0
42 , maxErr[5] 2 2.81228 -191.442 340.2 42 157 0 0.00543529 0.00543529 0 0
43 , maxErr[5] 2 2.81228 -191.637 340.2 43 157 nan 0 0 0 0
44 , maxErr[5] 2 2.81228 -189.738 340.2 44 157 0 0.00545164 0.00545164 0 0
45 , maxErr[5] 2 2.81228 -189.979 340.2 45 157 0 0.00545134 0.00545134 0 0
46 , maxErr[5] 2 2.81228 -190.062 340.2 46 157 nan 0 0 0 0
47 , maxErr[5] 2 2.81228 -189.225 340.2 47 157 0 0.00545255 0.00545255 0 0
48 , maxErr[5] 2 2.81228 -189.943 340.2 48 157 0 0.00545449 0.00545449 0 0
49 , maxErr[5] 2 2.81228 -189.401 340.2 49 157 nan 0 0 0 0
50 , maxErr[5] 2 2.81228 -188.567 340.2 50 157 nan 0 0 0 0
51 , maxErr[5] 2 2.81228 -187.85 340.2 51 157 nan 0 0 0 0
52 , maxErr[5] 2 2.81843 -187.085 340.2 52 157 nan 0 0 0 0
53 , maxErr[5] 2 2.82592 -186.317 340.2 53 157 nan 0 0 0 0
54 , maxErr[5] 2 2.83353 -185.544 340.2 54 157 nan 0 0 0 0
55 , maxErr[5] 2 2.84102 -184.789 340.2 55 157 nan 0 0 0 0
56 , maxErr[5] 2 2.84878 -184.013 340.2 56 157 nan 0 0 0 0
57 , maxErr[5] 2 2.85701 -183.198 340.2 57 157 nan 0 0 0 0
58 , maxErr[5] 2 2.86464 -182.448 340.2 58 157 nan 0 0 0 0
59 , maxErr[5] 2 2.86464 -188.153 340.2 59 157 nan 0 0 0 0
60 , maxErr[5] 2 2.86464 -190.097 340.2 60 157 nan 0 0 0 0
61 , maxErr[5] 2 2.86464 -191.46 340.2 61 157 0 0.00544699 0.00544699 0 0
62 , maxErr[5] 2 2.86464 -191.667 340.2 62 157 nan 0 0 0 0
63 , maxErr[5] 2 2.86464 -189.672 340.2 63 157 nan 0 0 0 0
64 , maxErr[5] 2 2.86464 -191.001 340.2 64 157 0 0.00545044 0.00545044 0 0
65 , maxErr[5] 2 2.86464 -191.162 340.2 65 157 nan 0 0 0 0
66 , maxErr[5] 2 2.86464 -188.422 340.2 66 157 nan 0 0 0 0
67 , maxErr[5] 2 2.86464 -189.861 340.2 67 157 nan 0 0 0 0
68 , maxErr[5] 2 2.86464 -191.198 340.2 68 157 0 0.00544603 0.00544603 0 0
69 , maxErr[5] 2 2.86464 -191.372 340.2 69 157 nan 0 0 0 0
70 , maxErr[5] 2 2.86464 -190.478 340.2 70 157 nan 0 0 0 0
71 , maxErr[5] 2 2.86464 -192.157 340.2 71 157 0 0.00543925 0.00543925 0 0
72 , maxErr[5] 2 2.86464 -192.309 340.2 72 157 nan 0 0 0 0
73 , maxErr[5] 2 2.86464 -188.577 340.2 73 157 nan 0 0 0 0
74 , maxErr[5] 2 2.86464 -189.897 340.2 74 157 0 0.0054586 0.0054586 0 0
75 , maxErr[5] 2 2.86464 -190.06 340.2 75 157 nan 0 0 0 0
76 , maxErr[5] 2 2.86464 -190.092 340.2 76 157 0 0.00545716 0.00545716 0 0
77 , maxErr[5] 2 2.86464 -190.27 340.2 77 157 nan 0 0 0 0
78 , maxErr[5] 2 2.86464 -188.736 340.2 78 157 nan 0 0 0 0
79 , maxErr[5] 2 2.86464 -190.08 340.2 79 157 0 0.00545472 0.00545472 0 0
80 , maxErr[5] 2 2.86464 -190.318 340.2 80 157 nan 0 0 0 0
81 , maxErr[5] 2 2.86464 -190.131 340.2 81 157 0 0.00545419 0.00545419 0 0
82 , maxErr[5] 2 2.86464 -190.415 340.2 82 157 nan 0 0 0 0
83 , maxErr[5] 2 2.86464 -188.512 340.2 83 157 nan 0 0 0 0
84 , maxErr[5] 2 2.86464 -189.839 340.2 84 157 0 0.00545488 0.00545488 0 0
85 , maxErr[5] 2 2.86464 -190.018 340.2 85 157 nan 0 0 0 0
86 , maxErr[5] 2 2.86464 -189.925 340.2 86 157 0 0.00545418 0.00545418 0 0
87 , maxErr[5] 2 2.86464 -190.165 340.2 87 157 nan 0 0 0 0
88 , maxErr[5] 2 2.86464 -188.166 340.2 88 157 0 0.00546767 0.00546767 0 0
89 , maxErr[5] 2 2.86464 -189.351 340.2 89 157 0 0.00547121 0.00547121 0 0
90 , maxErr[5] 2 2.86464 -188.396 340.2 90 157 nan 0 0 0 0
91 , maxErr[5] 2 2.86464 -187.634 340.2 91 157 0 0.00547344 0.00547344 0 0
92 , maxErr[5] 2 2.86464 -187.99 340.2 92 157 0 0.00547357 0.00547357 0 0
93 , maxErr[5] 2 2.86464 -187.952 340.2 93 157 nan 0 0 0 0
94 , maxErr[5] 2 2.86464 -187.03 340.2 94 157 nan 0 0 0 0
95 , maxErr[5] 2 2.86464 -186.402 340.2 95 157 nan 0 0 0 0
96 , maxErr[5] 2 2.86464 -185.78 340.2 96 157 nan 0 0 0 0
97 , maxErr[5] 2 2.86464 -185.036 340.2 97 157 nan 0 0 0 0
98 , maxErr[5] 2 2.86464 -184.358 340.2 98 157 nan 0 0 0 0
99 , maxErr[5] 2 2.86464 -183.591 340.2 99 157 nan 0 0 0 0
100 , maxErr[5] 2 2.86464 -182.814 340.2 100 157 nan 0 0 0 0
101 , maxErr[5] 2 2.86924 -181.999 340.2 101 157 nan 0 0 0 0
102 , maxErr[5] 2 2.87738 -181.21 340.2 102 157 0 0.0119669 0.0119669 0 0
103 , maxErr[5] 2 2.88567 -180.413 340.2 103 157 nan 0 0 0 0
104 , maxErr[5] 2 2.88567 -187.163 340.2 104 157 0 0.0054916 0.0054916 0 0
105 , maxErr[5] 2 2.88567 -187.466 340.2 105 157 0 0.00549175 0.00549175 0 0
106 , maxErr[5] 2 2.88567 -187.423 340.2 106 157 nan 0 0 0 0
107 , maxErr[5] 2 2.88567 -186.4 340.2 107 157 nan 0 0 0 0
108 , maxErr[5] 2 2.88567 -185.658 340.2 108 157 nan 0 0 0 0
109 , maxErr[5] 2 2.88567 -184.874 340.2 109 157 nan 0 0 0 0
110 , maxErr[5] 2 2.88567 -184.128 340.2 110 157 nan 0 0 0 0
111 , maxErr[5] 2 2.88567 -183.338 340.2 111 157 nan 0 0 0 0
112 , maxErr[5] 2 2.88567 -182.528 340.2 112 157 nan 0 0 0 0
113 , maxErr[5] 2 2.88567 -181.698 340.2 113 157 nan 0 0 0 0
114 , maxErr[5] 2 2.88567 -180.867 340.2 114 157 nan 0 0 0 0
115 , maxErr[5] 2 2.88962 -180.037 340.2 115 157 nan 0 0 0 0
116 , maxErr[5] 2 2.8974 -179.298 340.2 116 157 nan 0 0 0 0
117 , maxErr[5] 2 2.8974 -186.957 340.2 117 157 nan 0 0 0 0
118 , maxErr[5] 2 2.8974 -186.232 340.2 118 157 nan 0 0 0 0
119 , maxErr[5] 2 2.8974 -185.473 340.2 119 157 nan 0 0 0 0
120 , maxErr[5] 2 2.8974 -184.665 340.2 120 157 0 0.0119113 0.0119113 0 0
121 , maxErr[5] 2 2.8974 -183.812 340.2 121 157 nan 0 0 0 0
122 , maxErr[5] 3 2.8974 -188.663 340.2 122 157 nan 0 0 0 0
123 , maxErr[5] 4 2.8974 -190.246 340.2 123 157 nan 0 0 0 0
124 , maxErr[5] 4 2.8974 -191.829 340.2 124 157 nan 0 0 0 0
125 , maxErr[5] 4 2.8974 -193.412 340.2 125 157 nan 0 0 0 0
126 , maxErr[5] 4 2.8974 -194.995 340.2 126 157 0 -0.0285263 -0.0285263 0 0
127 , maxErr[5] 4 2.8974 -196.487 340.2 127 157 0 -0.0287379 -0.0287379 0 0
128 , maxErr[5] 4 2.8974 -198.007 340.2 128 157 0 -0.028952 -0.028952 0 0
129 , maxErr[5] 4 2.8974 -199.536 340.2 129 157 0 -0.0291682 -0.0291682 0 0
130 , maxErr[5] 4 2.8974 -201.085 340.2 130 157 0 -0.0293858 -0.0293858 0 0
131 , maxErr[5] 4 2.8974 -202.634 340.2 131 157 0 -0.0296038 -0.0296038 0 0
132 , maxErr[5] 4 2.8974 -204.189 340.2 132 157 0 -0.029823 -0.029823 0 0
133 , maxErr[5] 4 2.8974 -205.754 340.2 133 157 0 -0.0255091 -0.0255091 0 0
134 , maxErr[5] 4 2.8974 -207.081 340.2 134 157 nan 0 0 0 0
135 , maxErr[5] 3 2.8974 -189.658 340.2 135 157 nan 0 0 0 0
136 , maxErr[5] 3 2.8974 -190.176 340.2 136 157 nan 0 0 0 0
137 , maxErr[5] 3 2.8974 -191.17 340.2 137 157 nan 0 0 0 0
138 , maxErr[5] 3 2.8974 -191.269 340.2 138 157 nan 0 0 0 0
139 , maxErr[5] 3 2.8974 -191.369 340.2 139 157 nan 0 0 0 0
140 , maxErr[5] 3 2.8974 -188.71 340.2 140 157 nan 0 0 0 0
141 , maxErr[5] 4 2.8974 -190.667 340.2 141 157 nan 0 0 0 0
142 , maxErr[5] 4 2.8974 -192.625 340.2 142 157 nan 0 0 0 0
143 , maxErr[5] 4 2.8974 -194.582 340.2 143 157 nan 0 0 0 0
144 , maxErr[5] 4 2.8974 -196.54 340.2 144 157 nan 0 0 0 0
145 , maxErr[5] 3 2.8974 -189.705 340.2 145 157 nan 0 0 0 0
146 , maxErr[5] 3 2.8974 -189.825 340.2 146 157 nan 0 0 0 0
147 , maxErr[5] 3 2.8974 -190.819 340.2 147 157 nan 0 0 0 0
148 , maxErr[5] 3 2.8974 -190.918 340.2 148 157 0 0.0054237 0.0054237 0 0
149 , maxErr[5] 2 2.8974 -192.876 340.2 149 157 0 0.00541782 0.00541782 0 0
150 , maxErr[5] 2 2.8974 -193.879 340.2 150 157 0 0.011856 0.011856 0 0
151 , maxErr[5] 2 2.8974 -181.543 340.2 151 157 nan 0 0 0 0
152 , maxErr[5] 3 2.8974 -191.017 340.2 152 157 0 0.00538723 0.00538723 0 0
153 , maxErr[5] 2 2.8974 -188.822 340.2 153 157 0 0.00540642 0.00540642 0 0
154 , maxErr[5] 2 2.8974 -187.18 340.2 154 157 0 0.0116869 0.0116869 0 0
155 , maxErr[5] 2 2.9058 -178.508 340.2 155 157 0 -0.018262 -0.018262 0 0
156 , maxErr[5] 4 2.9058 -197.789 340.2 156 157 0 0.00454537 0.00454537 0 0
157 , maxErr[5] 2 2.9058 -188.685 340.2 157 157



0 abs: 0 0 0 0.000175 0 0 0 0 0 an: 0 an_old: 0 gco2: 0 gco2_old> 0 ci: 0 ci_old:0.000175 0 0
0 0 0 0.000175 0 0 0 an: 0 an_old: 0 gco2: 0 gco2_old> 0 ci: 0 ci_old:0.000175 0 0
1 abs: 0 0 0 0.000175 0 0 0 0 0 an: 0 an_old: 0 gco2: 0 gco2_old> 0 ci: 0 ci_old:0.000175 0 0
1 0 0 0.000175 0 0 0 an: 0 an_old: 0 gco2: 0 gco2_old> 0 ci: 0 ci_old:0.000175 0 0
2 abs: 0 0 0 0.000175 0 0 0 0 0 an: 0 an_old: 0 gco2: 0 gco2_old> 0 ci: 0 ci_old:0.000175 0 0
2 0 0 0.000175 0 0 0 an: 0 an_old: 0 gco2: 0 gco2_old> 0 ci: 0 ci_old:0.000175 0 0
3 abs: 0 0 0 0.000175 0 0 0 0 0 an: 0 an_old: 0 gco2: 0 gco2_old> 0 ci: 0 ci_old:0.000175 0 0
3 0 0 0.000175 0 0 0 an: 0 an_old: 0 gco2: 0 gco2_old> 0 ci: 0 ci_old:0.000175 0 0
4 abs: 1.2475e-05 1.2475e-05 0.115642 0.000175 7.15821 0 0 0 1.2475e-05 an: 1.2475e-05 an_old: 0 gco2: 0.115642 gco2_old> 0 ci: 0.000231889 ci_old:0.000175 7.15821 0
4 inf inf 0.325082 1 0 0 an: 1.2475e-05 an_old: 0 gco2: 0.115642 gco2_old> 0 ci: 0.000231889 ci_old:0.000175 7.15821 0
5 abs: 1.2475e-05 1.2475e-05 0.115642 0.000175 7.15821 0 0 0 2.495e-05 an: 1.2475e-05 an_old: 0 gco2: 0.115642 gco2_old> 0 ci: 0.000231889 ci_old:0.000175 7.15696 0
5 inf inf 0.325082 1 0 0 an: 1.2475e-05 an_old: 0 gco2: 0.115642 gco2_old> 0 ci: 0.000231889 ci_old:0.000175 7.15696 0
6 abs: 1.2475e-05 1.2475e-05 0.115642 0.000175 7.15821 0 0 0 3.7425e-05 an: 1.2475e-05 an_old: 0 gco2: 0.115642 gco2_old> 0 ci: 0.000231889 ci_old:0.000175 7.15574 0
6 inf inf 0.325082 1 0 0 an: 1.2475e-05 an_old: 0 gco2: 0.115642 gco2_old> 0 ci: 0.000231889 ci_old:0.000175 7.15574 0
7 abs: 1.2475e-05 1.2475e-05 0.115642 0.000175 7.15821 0 0 0 4.99e-05 an: 1.2475e-05 an_old: 0 gco2: 0.115642 gco2_old> 0 ci: 0.000231889 ci_old:0.000175 7.15454 0
7 inf inf 0.325082 1 0 0 an: 1.2475e-05 an_old: 0 gco2: 0.115642 gco2_old> 0 ci: 0.000231889 ci_old:0.000175 7.15454 0
8 abs: 1.2475e-05 1.2475e-05 0.115642 0.000175 7.15821 0 0 0 6.2375e-05 an: 1.2475e-05 an_old: 0 gco2: 0.115642 gco2_old> 0 ci: 0.000231889 ci_old:0.000175 7.15336 0
8 inf inf 0.325082 1 0 0 an: 1.2475e-05 an_old: 0 gco2: 0.115642 gco2_old> 0 ci: 0.000231889 ci_old:0.000175 7.15336 0
9 abs: 1.2475e-05 1.2475e-05 0.115642 0.000175 7.15821 0 0 0 7.485e-05 an: 1.2475e-05 an_old: 0 gco2: 0.115642 gco2_old> 0 ci: 0.000231889 ci_old:0.000175 7.15223 0
9 inf inf 0.325082 1 0 0 an: 1.2475e-05 an_old: 0 gco2: 0.115642 gco2_old> 0 ci: 0.000231889 ci_old:0.000175 7.15223 0
10 abs: 1.2475e-05 1.2475e-05 0.115642 0.000175 7.15821 0 0 0 8.7325e-05 an: 1.2475e-05 an_old: 0 gco2: 0.115642 gco2_old> 0 ci: 0.000231889 ci_old:0.000175 7.15112 0
10 inf inf 0.325082 1 0 0 an: 1.2475e-05 an_old: 0 gco2: 0.115642 gco2_old> 0 ci: 0.000231889 ci_old:0.000175 7.15112 0
11 abs: 1.2475e-05 1.2475e-05 0.115642 0.000175 7.15821 0 0 0 9.98e-05 an: 1.2475e-05 an_old: 0 gco2: 0.115642 gco2_old> 0 ci: 0.000231889 ci_old:0.000175 7.15204 0
11 inf inf 0.325082 1 0 0 an: 1.2475e-05 an_old: 0 gco2: 0.115642 gco2_old> 0 ci: 0.000231889 ci_old:0.000175 7.15204 0
12 abs: 1.2475e-05 1.2475e-05 0.115642 0.000175 7.15821 0 0 0 9.98e-05 an: 0 an_old: 0 gco2: 0 gco2_old> 0 ci: 0 ci_old:0.000175 0 0
12 inf inf 0.325082 1 0 0 an: 0 an_old: 0 gco2: 0 gco2_old> 0 ci: 0 ci_old:0.000175 0 0
13 abs: 1.2475e-05 1.2475e-05 0.115642 0.000175 7.15821 0 0 0 9.98e-05 an: 0 an_old: 0 gco2: 0 gco2_old> 0 ci: 0 ci_old:0.000175 0 0
13 inf inf 0.325082 1 0 0 an: 0 an_old: 0 gco2: 0 gco2_old> 0 ci: 0 ci_old:0.000175 0 0
14 abs: 1.2475e-05 1.2475e-05 0.115642 0.000175 7.15821 0 0 0 9.98e-05 an: 0 an_old: 0 gco2: 0 gco2_old> 0 ci: 0 ci_old:0.000175 0 0
14 inf inf 0.325082 1 0 0 an: 0 an_old: 0 gco2: 0 gco2_old> 0 ci: 0 ci_old:0.000175 0 0
15 abs: 1.2475e-05 1.2475e-05 0.115642 0.000175 7.15821 0 0 0 9.98e-05 an: 0 an_old: 0 gco2: 0 gco2_old> 0 ci: 0 ci_old:0.000175 0 0
15 inf inf 0.325082 1 0 0 an: 0 an_old: 0 gco2: 0 gco2_old> 0 ci: 0 ci_old:0.000175 0 0
16 abs: 1.2475e-05 1.2475e-05 0.115642 0.000175 7.16253 0 0 0 0.000112275 an: 1.2475e-05 an_old: 0 gco2: 0.115642 gco2_old> 0 ci: 0.000231889 ci_old:0.000175 7.16253 0
16 inf inf 0.325082 1 0 0 an: 1.2475e-05 an_old: 0 gco2: 0.115642 gco2_old> 0 ci: 0.000231889 ci_old:0.000175 7.16253 0
