shape leaf 122 0 0.000175 0
an calc 0 0 0 9.42728e-05 7.92201e-05 0.000329232 0.269745  4.51652e-05 0.21 0
forgco2 0 8e-06 0 1.5 0 1.18262e-06 5.47232e-05
forJW, Jw 0 drout_in -340.2 24.9987 16.0243 1013.15 18 1000
forpg 0 -0 0 0 2 340.2 340.2 0 numleaf: 0
diff Ev and lat fluw: 0
shape leaf 123 0 0.000175 0
an calc 0 0 0 9.42728e-05 7.92201e-05 0.000329232 0.269745  4.51652e-05 0.21 0
forgco2 0 8e-06 0 1.5 0 1.18262e-06 5.47232e-05
forJW, Jw 0 drout_in -340.2 24.9988 16.0243 1013.15 18 1000
forpg 0 -0 0 0 2 340.2 340.2 0 numleaf: 1
diff Ev and lat fluw: 0
shape leaf 124 0 0.000175 0
an calc 0 0 0 9.42728e-05 7.92201e-05 0.000329232 0.269745  4.51652e-05 0.21 0
forgco2 0 8e-06 0 1.5 0 1.18262e-06 5.47232e-05
forJW, Jw 0 drout_in -340.2 24.9988 16.0243 1013.15 18 1000
forpg 0 -0 0 0 2 340.2 340.2 0 numleaf: 2
diff Ev and lat fluw: 0
shape leaf 125 0 0.000175 0
an calc 0 0 0 9.42728e-05 7.92201e-05 0.000329232 0.269745  4.51652e-05 0.21 0
forgco2 0 8e-06 0 1.5 0 1.18262e-06 5.47232e-05
forJW, Jw 0 drout_in -340.2 24.9988 16.0243 1013.15 18 1000
forpg 0 -0 0 0 2 340.2 340.2 0 numleaf: 3
diff Ev and lat fluw: 0
shape leaf 126 3.6 0.000175 0.000231889
an calc 1.2475e-05 1.8096e-05 1.36576e-05 9.42728e-05 7.92201e-05 0.000329232 0.269745  4.51652e-05 0.21 0
forgco2 0.115642 8e-06 1 1.5 1.2475e-05 1.18262e-06 5.47232e-05
forJW, Jw 0.0130065 drout_in -333.042 24.9989 16.0243 1013.15 18 1000
forpg 3.6 -7.02981e-05 0.00788922 -0.0315582 2 340.2 340.2 7.15821 numleaf: 4
diff Ev and lat fluw: 0.0468235
shape leaf 127 3.6 0.000175 0.000231889
an calc 1.2475e-05 1.8096e-05 1.36576e-05 9.42728e-05 7.92201e-05 0.000329232 0.269745  4.51652e-05 0.21 0
forgco2 0.115642 8e-06 1 1.5 1.2475e-05 1.18262e-06 5.47232e-05
forJW, Jw 0.0130066 drout_in -333.043 24.9989 16.0243 1013.15 18 1000
forpg 3.6 -7.02981e-05 0.00788922 -0.0315582 2 340.2 340.2 7.15696 numleaf: 5
diff Ev and lat fluw: 0.0468236
shape leaf 128 3.6 0.000175 0.000231889
an calc 1.2475e-05 1.8096e-05 1.36576e-05 9.42728e-05 7.92201e-05 0.000329232 0.269745  4.51652e-05 0.21 0
forgco2 0.115642 8e-06 1 1.5 1.2475e-05 1.18262e-06 5.47232e-05
forJW, Jw 0.0130066 drout_in -333.044 24.9989 16.0243 1013.15 18 1000
forpg 3.6 -7.02981e-05 0.00788922 -0.0315582 2 340.2 340.2 7.15574 numleaf: 6
diff Ev and lat fluw: 0.0468238
shape leaf 129 3.6 0.000175 0.000231889
an calc 1.2475e-05 1.8096e-05 1.36576e-05 9.42728e-05 7.92201e-05 0.000329232 0.269745  4.51652e-05 0.21 0
forgco2 0.115642 8e-06 1 1.5 1.2475e-05 1.18262e-06 5.47232e-05
forJW, Jw 0.0130067 drout_in -333.045 24.999 16.0243 1013.15 18 1000
forpg 3.6 -7.02981e-05 0.00788922 -0.0315582 2 340.2 340.2 7.15454 numleaf: 7
diff Ev and lat fluw: 0.046824
shape leaf 130 3.6 0.000175 0.000231889
an calc 1.2475e-05 1.8096e-05 1.36576e-05 9.42728e-05 7.92201e-05 0.000329232 0.269745  4.51652e-05 0.21 0
forgco2 0.115642 8e-06 1 1.5 1.2475e-05 1.18262e-06 5.47232e-05
forJW, Jw 0.0130067 drout_in -333.047 24.999 16.0243 1013.15 18 1000
forpg 3.6 -7.02981e-05 0.00788922 -0.0315582 2 340.2 340.2 7.15336 numleaf: 8
diff Ev and lat fluw: 0.0468241
shape leaf 131 3.6 0.000175 0.000231889
an calc 1.2475e-05 1.8096e-05 1.36576e-05 9.42728e-05 7.92201e-05 0.000329232 0.269745  4.51652e-05 0.21 0
forgco2 0.115642 8e-06 1 1.5 1.2475e-05 1.18262e-06 5.47232e-05
forJW, Jw 0.0130067 drout_in -333.048 24.999 16.0243 1013.15 18 1000
forpg 3.6 -7.02981e-05 0.00788922 -0.0315582 2 340.2 340.2 7.15223 numleaf: 9
diff Ev and lat fluw: 0.0468243
shape leaf 132 3.6 0.000175 0.000231889
an calc 1.2475e-05 1.8096e-05 1.36576e-05 9.42728e-05 7.92201e-05 0.000329232 0.269745  4.51652e-05 0.21 0
forgco2 0.115642 8e-06 1 1.5 1.2475e-05 1.18262e-06 5.47232e-05
forJW, Jw 0.0130068 drout_in -333.049 24.9991 16.0243 1013.15 18 1000
forpg 3.6 -7.02981e-05 0.00788922 -0.0315582 2 340.2 340.2 7.15112 numleaf: 10
diff Ev and lat fluw: 0.0468244
shape leaf 133 3.05838 0.000175 0.000231889
an calc 1.2475e-05 1.8096e-05 1.36576e-05 9.42728e-05 7.92201e-05 0.000329232 0.269745  4.51652e-05 0.21 0
forgco2 0.115642 8e-06 1 1.5 1.2475e-05 1.18262e-06 5.47232e-05
forJW, Jw 0.0130068 drout_in -333.048 24.9991 16.0243 1013.15 18 1000
forpg 3.05838 -7.02981e-05 0.00788922 -0.0268099 1.6991 340.2 340.2 7.15204 numleaf: 11
diff Ev and lat fluw: 0.0397798
shape leaf 140 0 0.000175 0
an calc 0 0 0 9.42728e-05 7.92201e-05 0.000329232 0.269745  4.51652e-05 0.21 0
forgco2 0 8e-06 0 1.5 0 1.18262e-06 5.47232e-05
forJW, Jw 0 drout_in -340.2 24.9987 16.0243 1013.15 18 1000
forpg 0 -0 0 0 2 340.2 340.2 0 numleaf: 12
diff Ev and lat fluw: 0
shape leaf 141 0 0.000175 0
an calc 0 0 0 9.42728e-05 7.92201e-05 0.000329232 0.269745  4.51652e-05 0.21 0
forgco2 0 8e-06 0 1.5 0 1.18262e-06 5.47232e-05
forJW, Jw 0 drout_in -340.2 24.9988 16.0243 1013.15 18 1000
forpg 0 -0 0 0 2 340.2 340.2 0 numleaf: 13
diff Ev and lat fluw: 0
shape leaf 142 0 0.000175 0
an calc 0 0 0 9.42728e-05 7.92201e-05 0.000329232 0.269745  4.51652e-05 0.21 0
forgco2 0 8e-06 0 1.5 0 1.18262e-06 5.47232e-05
forJW, Jw 0 drout_in -340.2 24.9988 16.0243 1013.15 18 1000
forpg 0 -0 0 0 2 340.2 340.2 0 numleaf: 14
diff Ev and lat fluw: 0
shape leaf 143 0 0.000175 0
an calc 0 0 0 9.42728e-05 7.92201e-05 0.000329232 0.269745  4.51652e-05 0.21 0
forgco2 0 8e-06 0 1.5 0 1.18262e-06 5.47232e-05
forJW, Jw 0 drout_in -340.2 24.9988 16.0243 1013.15 18 1000
forpg 0 -0 0 0 2 340.2 340.2 0 numleaf: 15
diff Ev and lat fluw: 0
shape leaf 155 2.28852 0.000175 0.000231889
an calc 1.2475e-05 1.8096e-05 1.36576e-05 9.42728e-05 7.92201e-05 0.000329232 0.269745  4.51652e-05 0.21 0
forgco2 0.115642 8e-06 1 1.5 1.2475e-05 1.18262e-06 5.47232e-05
forJW, Jw 0.0130065 drout_in -333.037 24.9989 16.0243 1013.15 18 1000
forpg 2.28852 -7.02981e-05 0.00788922 -0.020061 1.2714 340.2 340.2 7.16253 numleaf: 16
diff Ev and lat fluw: 0.0297657
