shape leaf 122 0 0 0
an calc 0 0 0 9.42728e-05 7.92201e-05 0.000329232 0.269745  4.51652e-05 0.21 0
forgco2 0 8e-06 0 1.5 0 1.18262e-06 5.47232e-05
forJW, Jw 0 drout_in 189.455 24.9987 16.0243 1013.15 18 1000
forpg 0 -0 0 0 2 -188.663 -190.246 0 numleaf: 0
diff Ev and lat fluw: 0
shape leaf 123 0 0 0
an calc 0 0 0 9.42728e-05 7.92201e-05 0.000329232 0.269745  4.51652e-05 0.21 0
forgco2 0 8e-06 0 1.5 0 1.18262e-06 5.47232e-05
forJW, Jw 0 drout_in 191.038 24.9988 16.0243 1013.15 18 1000
forpg 0 -0 0 0 2 -190.246 -191.829 0 numleaf: 1
diff Ev and lat fluw: 0
shape leaf 124 0 0 0
an calc 0 0 0 9.42728e-05 7.92201e-05 0.000329232 0.269745  4.51652e-05 0.21 0
forgco2 0 8e-06 0 1.5 0 1.18262e-06 5.47232e-05
forJW, Jw 0 drout_in 192.62 24.9988 16.0243 1013.15 18 1000
forpg 0 -0 0 0 2 -191.829 -193.412 0 numleaf: 2
diff Ev and lat fluw: 0
shape leaf 125 0 0 0
an calc 0 0 0 9.42728e-05 7.92201e-05 0.000329232 0.269745  4.51652e-05 0.21 0
forgco2 0 8e-06 0 1.5 0 1.18262e-06 5.47232e-05
forJW, Jw 0 drout_in 194.203 24.9988 16.0243 1013.15 18 1000
forpg 0 -0 0 0 2 -193.412 -194.995 0 numleaf: 3
diff Ev and lat fluw: 0
