#   Days  T_act[cm3/day]   Irrig[cm/day]
      1	 +0.0000E+00	 +0.0000E+00
      2	 -2.6266E-03	 +0.0000E+00
      3	 -2.6266E-03	 +0.0000E+00
      4	 -2.6266E-03	 +0.0000E+00
      5	 -2.6266E-03	 +0.0000E+00
      6	 -7.0940E-03	 +0.0000E+00
      7	 -2.7697E-03	 +2.4962E-01
      8	 -8.7730E-03	 +0.0000E+00
      9	 -8.7730E-03	 +0.0000E+00
     10	 -8.7730E-03	 +0.0000E+00
     11	 -8.7730E-03	 +0.0000E+00
     12	 -8.8639E-03	 +0.0000E+00
     13	 -1.7981E-02	 +7.3943E-01
     14	 -1.6502E-02	 +0.0000E+00
     15	 -1.6502E-02	 +0.0000E+00
     16	 -1.7840E-02	 +0.0000E+00
     17	 -1.7840E-02	 +0.0000E+00
     18	 -3.3007E-02	 +1.2490E+00
     19	 -1.2193E-02	 +0.0000E+00
     20	 -3.6990E-02	 +0.0000E+00
     21	 -2.9707E-02	 +9.8171E-01
     22	 -4.5930E-02	 +6.8991E-01
     23	 -2.5174E-02	 +0.0000E+00
     24	 -2.5174E-02	 +0.0000E+00
     25	 -2.5174E-02	 +0.0000E+00
