#   Days  T_act[cm3/day]   Irrig[cm/day]
      1	 +0.0000E+00	 +0.0000E+00
      2	 -2.0585E-03	 +0.0000E+00
      3	 -2.0585E-03	 +0.0000E+00
      4	 -2.0585E-03	 +0.0000E+00
      5	 -2.0585E-03	 +0.0000E+00
      6	 -7.2896E-03	 +0.0000E+00
      7	 -1.6960E-03	 +3.9902E-01
      8	 -7.9567E-03	 +0.0000E+00
      9	 -7.9567E-03	 +0.0000E+00
     10	 -7.9567E-03	 +0.0000E+00
     11	 -7.9567E-03	 +0.0000E+00
     12	 -1.0846E-02	 +0.0000E+00
     13	 -1.7823E-02	 +1.4550E+00
     14	 -1.7819E-02	 +0.0000E+00
     15	 -1.7819E-02	 +0.0000E+00
     16	 -1.9479E-02	 +0.0000E+00
     17	 -1.9479E-02	 +0.0000E+00
     18	 -3.4778E-02	 +2.6757E+00
     19	 -1.3334E-02	 +0.0000E+00
     20	 -3.8623E-02	 +0.0000E+00
     21	 -3.4774E-02	 +2.1461E+00
     22	 -5.2637E-02	 +1.2372E+00
     23	 -5.1176E-02	 +0.0000E+00
     24	 -5.1176E-02	 +0.0000E+00
     25	 -5.1176E-02	 +0.0000E+00
