#   Days  T_act[cm3/day]   Irrig[cm/day]
      1	 +0.0000E+00	 +0.0000E+00
      2	 -2.7791E-03	 +0.0000E+00
      3	 -2.7791E-03	 +0.0000E+00
      4	 -2.7791E-03	 +0.0000E+00
      5	 -2.7791E-03	 +0.0000E+00
      6	 -2.7791E-03	 +0.0000E+00
      7	 -5.5370E-03	 +0.0000E+00
      8	 -6.2738E-03	 +0.0000E+00
      9	 -6.2738E-03	 +0.0000E+00
     10	 -6.0446E-03	 +0.0000E+00
     11	 -9.3504E-03	 +8.1422E-02
     12	 -8.6611E-03	 +0.0000E+00
     13	 -1.2108E-02	 +0.0000E+00
     14	 -1.5353E-02	 +1.8945E+00
     15	 -1.0878E-02	 +0.0000E+00
