x, y               x = time,y = Irrig(cm/day)
1,0
2,0
3,0
4,0
5,0
6,0
7,0
7.999,0
8,3.1498
8.0833,3.1498
8.0843,0
9,0
10,0
10.999,0
11,7.389
11.083,7.389
11.084,0
12,0
12.999,0
13,11.787
13.083,11.787
13.084,0
13.999,0
14,4.6543
14.083,4.6543
14.084,0
15,0
16,0
17,0
17.999,0
18,21.486
18.083,21.486
18.084,0
19,0
19.999,0
20,18.319
20.083,18.319
20.084,0
21,0
22,0
23,0
23.999,0
24,45.387
24.083,45.387
24.084,0
25,0
26,0
26.999,0
27,50.692
27.083,50.692
27.084,0
28,0
28.999,0
29,33.95
29.083,33.95
29.084,0
30,0
31,0
32,0
32.999,0
33,42.913
33.083,42.913
33.084,0
