#   Days  T_act[cm3/day]   Irrig[cm/day]
      1	 +0.0000E+00	 +0.0000E+00
      2	 -1.8927E-03	 +0.0000E+00
      3	 -1.8927E-03	 +0.0000E+00
      4	 -1.8927E-03	 +0.0000E+00
      5	 -1.8927E-03	 +0.0000E+00
      6	 -1.8927E-03	 +0.0000E+00
      7	 -5.4264E-03	 +0.0000E+00
      8	 -3.4347E-03	 +0.0000E+00
      9	 -6.7280E-03	 +8.1113E-02
     10	 -5.2887E-03	 +0.0000E+00
     11	 -5.2887E-03	 +0.0000E+00
     12	 -6.0162E-03	 +0.0000E+00
     13	 -8.8379E-03	 +0.0000E+00
     14	 -1.0708E-02	 +1.3750E+00
     15	 -9.0295E-03	 +0.0000E+00
