#   Days  T_act[cm3/day]   Irrig[cm/day]
      1	 +0.0000E+00	 +0.0000E+00
      2	 +0.0000E+00	 +0.0000E+00
      3	 +0.0000E+00	 +0.0000E+00
      4	 +0.0000E+00	 +0.0000E+00
      5	 -2.3383E-03	 +0.0000E+00
      6	 -2.3383E-03	 +0.0000E+00
      7	 -3.2817E-03	 +0.0000E+00
      8	 -8.8791E-03	 +1.3787E-01
      9	 -6.3900E-03	 +0.0000E+00
     10	 -6.3900E-03	 +0.0000E+00
     11	 -2.5566E-02	 +4.7230E-01
     12	 -1.8992E-02	 +0.0000E+00
     13	 -3.5382E-02	 +6.6963E-01
     14	 -1.6881E-02	 +1.9176E-01
     15	 -9.9791E-03	 +0.0000E+00
     16	 -9.9791E-03	 +0.0000E+00
     17	 -9.9791E-03	 +0.0000E+00
     18	 -4.9996E-02	 +9.8562E-01
     19	 -2.9411E-02	 +0.0000E+00
     20	 -3.0388E-02	 +7.2169E-01
     21	 -2.2237E-02	 +0.0000E+00
     22	 -2.2237E-02	 +0.0000E+00
     23	 +2.1344E-03	 +0.0000E+00
     24	 -3.8373E-02	 +9.9771E-01
     25	 -1.3382E-02	 +0.0000E+00
     26	 -1.4830E-02	 +0.0000E+00
     27	 -1.0203E-02	 +4.0466E+00
     28	 -1.0392E-02	 +0.0000E+00
     29	 -1.6695E-02	 +0.0000E+00
     30	 -1.1004E-02	 +0.0000E+00
     31	 -1.1004E-02	 +0.0000E+00
     32	 -1.1004E-02	 +0.0000E+00
     33	 -7.7915E-03	 +0.0000E+00
