#   Days  T_act[cm3/day]   Irrig[cm/day]
      1	 +0.0000E+00	 +0.0000E+00
      2	 -1.6798E-03	 +0.0000E+00
      3	 -1.6798E-03	 +0.0000E+00
      4	 -1.6798E-03	 +0.0000E+00
      5	 -1.6798E-03	 +0.0000E+00
      6	 -6.2846E-03	 +0.0000E+00
      7	 -2.4308E-03	 +1.6891E-01
      8	 -5.9439E-03	 +0.0000E+00
      9	 -5.9439E-03	 +0.0000E+00
     10	 -5.9439E-03	 +0.0000E+00
     11	 -5.9439E-03	 +0.0000E+00
     12	 -6.0326E-03	 +0.0000E+00
     13	 -9.6072E-03	 +4.9328E-01
     14	 -9.7980E-03	 +0.0000E+00
     15	 -9.7980E-03	 +0.0000E+00
     16	 -1.1757E-02	 +0.0000E+00
     17	 -1.1757E-02	 +0.0000E+00
     18	 -2.2496E-02	 +7.9680E-01
     19	 -8.6958E-03	 +0.0000E+00
     20	 -2.4708E-02	 +0.0000E+00
     21	 -1.7914E-02	 +6.4138E-01
     22	 -2.2700E-02	 +2.3867E-01
     23	 -2.4065E-02	 +0.0000E+00
     24	 -2.4065E-02	 +0.0000E+00
     25	 -2.4065E-02	 +0.0000E+00
