#   Days  T_act[cm3/day]   Irrig[cm/day]
      1	 +0.0000E+00	 +0.0000E+00
      2	 -3.3143E-03	 +0.0000E+00
      3	 -3.3143E-03	 +0.0000E+00
      4	 -3.3143E-03	 +0.0000E+00
      5	 -3.3143E-03	 +0.0000E+00
      6	 -3.3143E-03	 +0.0000E+00
      7	 -5.2507E-03	 +0.0000E+00
      8	 -4.0160E-03	 +0.0000E+00
      9	 -4.0160E-03	 +0.0000E+00
     10	 -7.5279E-03	 +0.0000E+00
     11	 -7.5279E-03	 +0.0000E+00
     12	 -8.5163E-03	 +0.0000E+00
     13	 -1.1887E-02	 +0.0000E+00
     14	 -1.5246E-02	 +8.0607E-01
     15	 -1.1099E-02	 +0.0000E+00
     16	 -2.3222E-02	 +0.0000E+00
