#   Days  T_act[cm3/day]   Irrig[cm/day]
      1	 +0.0000E+00	 +0.0000E+00
      2	 +0.0000E+00	 +0.0000E+00
      3	 +0.0000E+00	 +0.0000E+00
      4	 +0.0000E+00	 +0.0000E+00
      5	 -1.5144E-03	 +0.0000E+00
      6	 -1.5144E-03	 +0.0000E+00
      7	 +2.8908E-04	 +0.0000E+00
      8	 -4.0270E-04	 +1.7039E-02
      9	 +3.6914E-05	 +0.0000E+00
     10	 +3.6914E-05	 +0.0000E+00
     11	 -2.6267E-02	 +6.4786E-01
     12	 -1.4408E-02	 +0.0000E+00
     13	 -2.7404E-02	 +1.0308E+00
     14	 -1.9065E-02	 +4.6465E-01
     15	 -3.9540E-03	 +0.0000E+00
     16	 -3.9540E-03	 +0.0000E+00
     17	 -3.9540E-03	 +0.0000E+00
     18	 -7.0887E-02	 +1.6486E+00
     19	 -2.8367E-02	 +0.0000E+00
     20	 -3.3657E-02	 +1.5144E+00
     21	 -2.8308E-02	 +0.0000E+00
     22	 -2.8308E-02	 +0.0000E+00
     23	 +2.6684E-02	 +0.0000E+00
     24	 -7.4754E-02	 +2.4984E+00
     25	 -2.1166E-02	 +0.0000E+00
     26	 -2.6600E-02	 -1.9235E-02
     27	 -1.9406E-02	 +1.6337E+00
     28	 -1.4683E-02	 +0.0000E+00
     29	 -1.6210E-02	 +6.7499E-01
     30	 -1.0299E-02	 +0.0000E+00
     31	 -1.0299E-02	 +0.0000E+00
     32	 -1.0299E-02	 +0.0000E+00
     33	 -8.7127E-03	 +0.0000E+00
