time,Irrig[cm/day]
1,0
2,0
3,0
4,0
5,0
6,0
7,0
7.999,0
8,1.0875
8.0833,1.0875
8.0843,0
9,0
10,0
10.999,0
11,2.8775
11.083,2.8775
11.084,0
9,0
10,0
11,0
12,0
12.999,0
13,5.4436
13.083,5.4436
13.084,0
9,0
10,0
11,0
12,0
13,0
13.999,0
14,2.0258
14.083,2.0258
14.084,0
9,0
10,0
11,0
12,0
13,0
14,0
15,0
16,0
17,0
17.999,0
18,10.275
18.083,10.275
18.084,0
9,0
10,0
11,0
12,0
13,0
14,0
15,0
16,0
17,0
18,0
19,0
19.999,0
20,8.0843
20.083,8.0843
20.084,0
9,0
10,0
11,0
12,0
13,0
14,0
15,0
16,0
17,0
18,0
19,0
20,0
21,0
22,0
23,0
23.999,0
24,17.414
24.083,17.414
24.084,0
9,0
10,0
11,0
12,0
13,0
14,0
15,0
16,0
17,0
18,0
19,0
20,0
21,0
22,0
23,0
24,0
25,0
26,0
26.999,0
27,31.362
27.083,31.362
27.084,0
9,0
10,0
11,0
12,0
13,0
14,0
15,0
16,0
17,0
18,0
19,0
20,0
21,0
22,0
23,0
24,0
25,0
26,0
27,0
28,0
29,0
30,0
31,0
31.999,0
32,16.467
32.083,16.467
32.084,0
