#   Days  T_act[cm3/day]   Irrig[cm/day]
      1	 +0.0000E+00	 +0.0000E+00
      2	 -2.0446E-03	 +0.0000E+00
      3	 -2.0446E-03	 +0.0000E+00
      4	 -2.0446E-03	 +0.0000E+00
      5	 -2.0446E-03	 +0.0000E+00
      6	 -2.0446E-03	 +0.0000E+00
      7	 -4.5938E-03	 +0.0000E+00
      8	 -3.5841E-03	 +0.0000E+00
      9	 -6.4809E-03	 +7.1348E-02
     10	 -5.7996E-03	 +0.0000E+00
     11	 -5.7996E-03	 +0.0000E+00
     12	 -8.5079E-03	 +0.0000E+00
     13	 -1.2833E-02	 +0.0000E+00
     14	 -1.7680E-02	 +8.8546E-01
     15	 -1.0097E-02	 +0.0000E+00
