0.0,0.0,0.0,0.0,0.9569203824976084,0.9568382711584462,0.956760303453993,0.9566866407509559,0.9566174239487388,0.9565526532182456,0.9564922215076878,0.9564427988469788,0.0,0.0,0.0,0.0
0.0,0.0,0.0,0.0,0.9574847315688393,0.9574032633232579,0.9573258772064056,0.9572527336491043,0.9571839727308372,0.9571195945504453,0.9570594925558107,0.9570097922991272,0.0,0.0,0.0,0.0
0.0,0.0,0.0,0.0,0.9568777664867328,0.956796213605528,0.956718698079668,0.9566453811224062,0.95657640348577,0.9565117650989552,0.9564513586041817,0.9564007929531644,0.0,0.0,0.0,0.0,0.9569901619508719
0.0,0.0,0.0,0.0,0.9590139788616274,0.9589345891945666,0.9588590711463355,0.9587875825029499,0.9587202610193073,0.9586571064886099,0.9585980136000656,0.9585479365601918,0.0,0.0,0.0,0.0,0.959119960659732
0.0,0.0,0.0,0.0,0.9606434088156536,0.9605659275295464,0.9604921519816966,0.9604222372438881,0.9603563186913345,0.9602943959195096,0.9602363650875834,0.9601865627148264,0.0,0.0,0.0,0.0,0.960742888710805
0.0,0.0,0.0,0.0,0.9632714701952193,0.9631967608110119,0.9631255432714126,0.9630579683525787,0.9629941676698163,0.9629341406187037,0.9628777858756543,0.962828795549465,0.0,0.0,0.0,0.0,0.9633631473086945
0.0,0.0,0.0,0.0,0.9660059522867177,0.9659341688296,0.9658656516576682,0.9658005470327675,0.9657389826173485,0.9656809575872642,0.9656263732487647,0.965578294475443,0.0,0.0,0.0,0.0,0.9660895355589288
0.0,0.0,0.0,0.0,0.9682028999911719,0.9681336796605488,0.9680675138031384,0.9680045449608048,0.9679448975331281,0.9678885704453891,0.9678354670547514,0.9677880652557461,0.0,0.0,0.0,0.0,0.9682787740015572
0.0,0.0,0.0,0.0,0.9710041328498539,0.970937948332354,0.9708745874669674,0.9708141881009782,0.9707568705210805,0.9707026334208276,0.9706513828882009,0.9706050142311197,0.0,0.0,0.0,0.0,0.9710719138915167
0.0,0.0,0.0,0.0,0.9732766996881987,0.973213153015648,0.9731522182587425,0.9730940293761269,0.9730387032427955,0.9729862383055884,0.9729365428232638,0.9728909638290411,0.0,0.0,0.0,0.0,0.9733369388046347
0.0,0.0,0.0,0.0,0.9755138647468398,0.9754528991504323,0.9753943416220687,0.9753383222783557,0.9752849546232801,0.9752342368702244,0.9751860794406073,0.9751413039599658,0.0,0.0,0.0,0.0,0.9755668893787651
0.0,0.0,0.0,0.0,0.9776746637206747,0.9776161744903443,0.9775599009151171,0.9775059693884621,0.9774544901475674,0.9774054611898916,0.9773587950504521,0.9773148098916908,0.0,0.0,0.0,0.0,0.9777209006142931
0.0,0.0,0.0,0.0,0.9803497136266275,0.9802940243893753,0.9802403563232625,0.9801888312739876,0.9801395554948348,0.9800925268135972,0.9800476605052072,0.9800049516433564,0.0,0.0,0.0,0.0,0.9803893188534468
0.0,0.0,0.0,0.0,0.9822192865320604,0.982165748104417,0.9821140698090929,0.9820643702411274,0.982016752800761,0.9819712151386433,0.9819276743953639,0.9818861255713114,0.0,0.0,0.0,0.0,0.9822530867874943
0.0,0.0,0.0,0.0,0.9839305086863671,0.9838789266031888,0.9838290597468289,0.9837810237299017,0.9837349193350042,0.9836907440570364,0.983648416759998,0.9836079323816872,0.0,0.0,0.0,0.0,0.9839590623494018
0.0,0.0,0.0,0.0,0.9857138661011329,0.9856642118880207,0.985616138676077,0.9855697589918421,0.9855251709119983,0.9854823718074435,0.9854412823878425,0.9854018975578059,0.0,0.0,0.0,0.0,0.9857383252254901
0.0,0.0,0.0,0.0,0.9871203676285469,0.9870722949328355,0.9870256890352527,0.9869806600027834,0.9869373037536099,0.9868956175428716,0.9868555235232335,0.9868170165570062,0.0,0.0,0.0,0.0,0.9871416518890512
0.0,0.0,0.0,0.0,0.9885293887180708,0.988482831605081,0.9884376372773243,0.9883939133514101,0.9883517535968023,0.988311155176263,0.9882720417185568,0.9882344080634946,0.0,0.0,0.0,0.0,0.9885478344673967
0.0,0.0,0.0,0.0,0.9896585158913606,0.9896132241798065,0.9895692048389133,0.9895265635027118,0.989485392200549,0.9894456880062852,0.9894073757195782,0.9893704501487675,0.0,0.0,0.0,0.0,0.9896744571687793
0.0,0.0,0.0,0.0,0.9907468407430379,0.9907027622355281,0.9906598701333633,0.9906182681583254,0.9905780466614168,0.9905392026340685,0.9905016620109907,0.9904654195725624,0.0,0.0,0.0,0.0,0.9907604078010341
0.0,0.0,0.0,0.0,0.991930364603084,0.9918876001835745,0.9918459297184538,0.991805454847969,0.9917662640961892,0.9917283543679655,0.9916916528389651,0.9916561542612964,0.0,0.0,0.0,0.0,0.9919413848050497
0.0,0.0,0.0,0.0,0.9935782250774579,0.9935372536527073,0.9934972533250995,0.9934583228391106,0.9934205481780455,0.9933839261400526,0.9933483856503835,0.9933139214331221,0.0,0.0,0.0,0.0,0.9935858935705593
0.0,0.0,0.0,0.0,0.9959530317131571,0.9959146638668532,0.9958770885830156,0.9958404004081405,0.9958046816410566,0.9957699289258488,0.9957360737259248,0.9957031107227396,0.0,0.0,0.0,0.0,0.9959558274575905
0.0,0.0,0.0,0.0,0.9976782725595404,0.9976417944450542,0.9976059805050026,0.9975709222217972,0.997536699204604,0.9975033079909348,0.9974706819071584,0.9974388156069038,0.0,0.0,0.0,0.0,0.9976775760427408
0.0,0.0,0.0,0.0,0.9959900841256275,0.9959517412193691,0.995914190362194,0.995877526039212,0.9958418304958504,0.9958071003785338,0.9957732671954073,0.9957403256315235,0.0,0.0,0.0,0.0,0.9959928781951349
0.0,0.0,0.0,0.0,0.993763437426512,0.9937225928752612,0.9936827164497491,0.9936439065887293,0.9936062490094889,0.9935697405211437,0.993534310270611,0.9934999529992604,0.0,0.0,0.0,0.0,0.9937710839262061
0.0,0.0,0.0,0.0,0.9922671490389421,0.9922246177621695,0.9921831745738734,0.9921429205599145,0.9921039437619081,0.992066241103832,0.9920297401620359,0.9919944357192787,0.0,0.0,0.0,0.0,0.9922781136411956
0.0,0.0,0.0,0.0,0.9908553103514809,0.9908113074712618,0.990768489000155,0.9907269584818197,0.9906868061122331,0.9906480288888007,0.9906105528746801,0.9905743728599441,0.0,0.0,0.0,0.0,0.9908677828032082,0.990834713174621
0.0,0.0,0.0,0.0,0.9898688527008868,0.9898237086192375,0.9897798328497329,0.989737330681652,0.9896962938442707,0.9896567194227076,0.989618532464718,0.9895817277971274,0.0,0.0,0.0,0.0,0.9898833987920929,0.9898488763422286
0.0,0.0,0.0,0.0,0.9887347836194622,0.9886883716122193,0.9886433182416963,0.9885997307885624,0.9885577027298573,0.9885172312390186,0.9884782401860671,0.9884407244285625,0.0,0.0,0.0,0.0,0.9887515146731479,0.9887154286862136
0.0,0.0,0.0,0.0,0.9875026149539754,0.9874548141079743,0.9874084719734296,0.9873636979937299,0.987320587544192,0.9872791378992011,0.9872392716582953,0.9872009837162217,0.0,0.0,0.0,0.0,0.9875217568811128,0.9874840144460244
0.0,0.0,0.0,0.0,0.9862717359858608,0.9862224814768683,0.9861747955835648,0.9861287899246922,0.986084561786593,0.9860421085672691,0.9860013516253769,0.9859622859119376,0.0,0.0,0.0,0.0,0.9862935495605841,0.9862541166247369
0.0,0.0,0.0,0.0,0.9847284837271099,0.9846774775816274,0.9846281680597719,0.9845806694800396,0.9845350814982616,0.9844914016466505,0.9844495497121264,0.9844095206974798,0.0,0.0,0.0,0.0,0.9847533547420437,0.9847120097731709
0.0,0.0,0.0,0.0,0.9823858017163762,0.9823318682010699,0.9822797900059954,0.9822296854988666,0.9821816578902598,0.9821357048819278,0.9820917438458685,0.9820497698373504,0.0,0.0,0.0,0.0,0.9824167086497952,0.9823729247343467,0.98201971114642
0.0,0.0,0.0,0.0,0.9803787899560992,0.9803225077006664,0.980268244985192,0.9802161236605226,0.9801662499945752,0.9801186218707578,0.9800731546474009,0.9800298434524524,0.0,0.0,0.0,0.0,0.980414022654693,0.9803679509910801,0.9799984517628224
0.0,0.0,0.0,0.0,0.9781906572951043,0.9781318014348266,0.9780751462328034,0.9780208173235561,0.9779689242960592,0.9779194652381918,0.9778723533332481,0.9778275837929542,0.0,0.0,0.0,0.0,0.9782306601915512,0.9781821241092884,0.9777947540721703
0.0,0.0,0.0,0.0,0.9758408595349064,0.9757792256765183,0.9757199893170182,0.9756632801373398,0.9756092112780141,0.9755577810534314,0.975508900334423,0.9754625644275841,0.0,0.0,0.0,0.0,0.9758860460428098,0.9758348827943902,0.9754282011177946
0.0,0.0,0.0,0.0,0.9733631604874468,0.9732985807199527,0.9732366086998467,0.9731773783553634,0.9731210065548063,0.9730674918589932,0.9730167427265264,0.9729687545694643,0.0,0.0,0.0,0.0,0.9734138823218194,0.9733599463884648,0.9729327753271265
0.0,0.0,0.0,0.0,0.9707851559177243,0.970717500034016,0.970652672602134,0.9705908119455166,0.970532038789762,0.9704763519575494,0.9704236574232777,0.9703739507123984,0.0,0.0,0.0,0.0,0.9708416811934296,0.9707848418814952,0.9703362845030438
0.0,0.0,0.0,0.0,0.9681882833717903,0.9681175175486234,0.9680498043772985,0.967985286583126,0.9679240887545628,0.9678662099830615,0.9678115537664999,0.9677601157479238,0.0,0.0,0.0,0.0,0.9682506929372724,0.9681908792694873,0.9677207305393056
0.0,0.0,0.0,0.0,0.9667071853127304,0.9666341744023141,0.9665644039790362,0.9664980194061762,0.9664351475977865,0.9663757879513121,0.9663198427232458,0.9662673077496824,0.0,0.0,0.0,0.0,0.9667750853172237,0.9667140692292324,0.9662266690373442
