4.4125929412289965e-13
2.0598238332329712e-12
4.9900524970269e-12
9.299109385824998e-12
1.500938019432566e-11
2.2316158518879967e-11
3.072650879247034e-11
4.106289380609144e-11
5.329995231781561e-11
6.690086013809665e-11
8.275801049306235e-11
1.0053964362696601e-10
1.1955777409737412e-10
1.4142241918354693e-10
1.6537978220444936e-10
1.9154304878033287e-10
2.1941975875092628e-10
2.5000988703401076e-10
2.8300553801322464e-10
3.1839780520755714e-10
3.5605798569129053e-10
3.960366338167128e-10
4.386648272960047e-10
4.842638975790355e-10
5.329309258632276e-10
5.849181469582207e-10
6.399563091999915e-10
6.98174474420443e-10
7.585169593048295e-10
8.231864342316958e-10
8.914309015274729e-10
9.62861128174141e-10
1.0378617474924798e-09
1.1161998236147027e-09
1.198556130693123e-09
1.2846838502415658e-09
1.3744042582179571e-09
1.4685762006470994e-09
1.5655618927802616e-09
1.6680962810643439e-09
1.774461271983456e-09
