4.4125929412289965e-13
2.501083127355871e-12
7.491135624382772e-12
1.679024501020777e-11
3.179962520453343e-11
5.4115783723413394e-11
8.484229251588373e-11
1.2590518632197518e-10
1.7920513863979077e-10
2.4610599877788744e-10
3.288640092709498e-10
4.294036528979158e-10
5.489614269952899e-10
6.903838461788368e-10
8.557636283832862e-10
1.047306677163619e-09
1.2667264359145453e-09
1.516736322948556e-09
1.7997418609617807e-09
2.118139666169338e-09
2.4741976518606287e-09
2.8702342856773417e-09
3.308899112973346e-09
3.7931630105523814e-09
4.326093936415609e-09
4.91101208337383e-09
5.550968392573822e-09
6.249142866994265e-09
7.007659826299094e-09
7.830846260530789e-09
8.722277162058262e-09
9.685138290232403e-09
1.0723000037724883e-08
1.1839199861339587e-08
1.303775599203271e-08
1.4322439842274275e-08
1.5696844100492232e-08
1.716542030113933e-08
1.8730982193919592e-08
2.0399078474983937e-08
2.2173539746967392e-08
