9.520833333333334
9.541666666666668
9.562500000000002
9.583333333333336
9.60416666666667
9.625000000000004
9.645833333333337
9.666666666666671
9.687500000000005
9.70833333333334
9.729166666666673
9.750000000000007
9.770833333333341
9.791666666666675
9.812500000000009
9.833333333333343
9.854166666666677
9.87500000000001
9.895833333333345
9.916666666666679
9.937500000000012
9.958333333333346
9.97916666666668
10.000000000000014
10.020833333333348
10.041666666666682
10.062500000000016
10.08333333333335
10.104166666666684
10.125000000000018
10.145833333333352
10.166666666666686
10.18750000000002
10.208333333333353
10.229166666666687
10.250000000000021
10.270833333333355
10.29166666666669
10.312500000000023
10.333333333333357
10.354166666666691
