80.76039453099656
135.19401074299822
171.66275718699762
204.69277721899562
231.21640752199892
260.20037566899555
288.2360766540005
316.1813459069963
346.16638661799516
379.57761176799977
410.3394334009936
442.1367561589941
480.26705310899706
515.6957510079956
537.3238101799943
561.508218844996
583.6369944129983
606.961072236998
627.4285156330006
651.7190845980003
672.0580440979975
695.8175411229968
720.3253920209972
744.1567841049982
770.3221280139987
797.7867989459992
822.8991090519994
850.0306245669999
875.048226633
897.2621969139946
925.1761030569978
952.047969580999
975.1156474609961
1002.7956154689964
1027.2569312459964
1055.284530688994
1083.2998064969943
1113.9828900649954
1142.6999640829963
1168.4267933989977
1198.5749356289962
