0.0,0.0,0.0,0.0,0.05243921203373795,0.052434731103200315,0.0524304820961345,0.052426473699535646,0.052422713498497184,0.05241920150029219,0.05241593193859226,0.03936115999437318,0.0,0.0,0.0,0.0
0.0,0.0,0.0,0.0,0.05174765697573635,0.051743272038877686,0.05173911253074984,0.05173518696883552,0.05173150279007039,0.05172805999781134,0.05172485293181512,0.03983758413857618,0.0,0.0,0.0,0.0
0.0,0.0,0.0,0.0,0.05053420565791247,0.05052991693010772,0.050525846078562565,0.05052200146660598,0.050518390396023835,0.050515012861306136,0.05051186328984824,0.039951460244359006,0.0,0.0,0.0,0.0,0.02693954725128308
0.0,0.0,0.0,0.0,0.04904887333395758,0.049044829062264914,0.04904098740225549,0.04903735628066448,0.0490339426178509,0.0490307464016773,0.0490277623386154,0.039790355721663805,0.0,0.0,0.0,0.0,0.027892387449422264
0.0,0.0,0.0,0.0,0.04715853311633437,0.047154744013601216,0.04715114129277771,0.04714773243069321,0.04714452395443366,0.04714151584284981,0.04713870308640335,0.039241850922361245,0.0,0.0,0.0,0.0,0.028514718008402183
0.0,0.0,0.0,0.0,0.044996162259990286,0.044992684698426134,0.04498937458003182,0.04498623882151201,0.04498328346051951,0.0449805084678048,0.04497790919264027,0.038390857358729095,0.0,0.0,0.0,0.0,0.028841570580122
0.0,0.0,0.0,0.0,0.04257588578943256,0.0425727321299553,0.042569726590300436,0.04256687550035245,0.04256418438499036,0.0425616532071573,0.04255927769322942,0.037234618803293124,0.0,0.0,0.0,0.0,0.028856511036802198
0.0,0.0,0.0,0.0,0.03993483776181069,0.039931991291046305,0.039929274737995124,0.03992669387478461,0.03992425373882106,0.03992195428532878,0.039919791598679165,0.03578355591342099,0.0,0.0,0.0,0.0,0.02854597028156577
0.0,0.0,0.0,0.0,0.03719004973564945,0.03718752180057706,0.03718510570798909,0.037182806640115126,0.03718062911895278,0.037178573094269696,0.03717663503362815,0.03413414560533919,0.0,0.0,0.0,0.0,0.027980027280299847
0.0,0.0,0.0,0.0,0.03433229424561591,0.03433005897268936,0.03432791923165351,0.034325879658581505,0.03432394429825663,0.03432211309594444,0.03432038287496456,0.03226802183954021,0.0,0.0,0.0,0.0,0.02713442055918785
0.0,0.0,0.0,0.0,0.03147445079868443,0.03147248964369179,0.031470609275400824,0.03146881381036006,0.03146710683948823,0.03146548830540678,0.031463955372626036,0.03028156384483284,0.0,0.0,0.0,0.0,0.026081302685922042
0.0,0.0,0.0,0.0,0.028670275816280653,0.028668566212218468,0.02866692436843218,0.028665353916974303,0.028663858025584243,0.028662436635980018,0.028661087233504672,0.02822774479044991,0.0,0.0,0.0,0.0,0.024867674478848696
0.0,0.0,0.0,0.0,0.02598422346681988,0.025982752674798916,0.025981337953727857,0.025979982465710153,0.025978688968159715,0.025977457404076972,0.025976285573633486,0.025975173348430865,0.0,0.0,0.0,0.0,0.023550482307105852
0.0,0.0,0.0,0.0,0.023414905871263426,0.023413635072943282,0.023412410824716786,0.02341123589187288,0.023410112685367485,0.023409041149888718,0.023408019352491528,0.02340704717612791,0.0,0.0,0.0,0.0,0.022142623604426186
0.0,0.0,0.0,0.0,0.0210116035150306,0.021010507963357915,0.021009450965987008,0.02100843493448081,0.021007461971033013,0.02100653202294156,0.021005643397027405,0.0210047959872979,0.0,0.0,0.0,0.0,0.020704909456694617
0.0,0.0,0.0,0.0,0.0187967938848377,0.018795853693175612,0.01879494531081179,0.01879407082976542,0.018793232073388125,0.018792428992427505,0.018791660112132347,0.018790925337436558,0.0,0.0,0.0,0.0,0.018797326707581934
0.0,0.0,0.0,0.0,0.016764521888492874,0.01676371336061526,0.016762931143889267,0.01676217705573244,0.016761452679917497,0.016760757970812522,0.01676009164248065,0.01675945360980943,0.0,0.0,0.0,0.0,0.0167649409343646
0.0,0.0,0.0,0.0,0.014909517631814053,0.01490882516714211,0.014908154397919593,0.014907506895482566,0.014906884028965119,0.01490628575669009,0.014905710963114556,0.014905159572665994,0.0,0.0,0.0,0.0,0.014909845056041883
0.0,0.0,0.0,0.0,0.013184836525817069,0.013184245761944612,0.01318367281349791,0.013183119033326226,0.013182585600032597,0.01318207247594777,0.013181578697650128,0.013181104198472501,0.0,0.0,0.0,0.0,0.013185089837413878
0.0,0.0,0.0,0.0,0.011497507893589562,0.011497013475896668,0.011496533371716,0.011496068723897006,0.011495620527957825,0.01149518875061126,0.011494772575535033,0.011494371945090223,0.0,0.0,0.0,0.0,0.011497697522979333
0.0,0.0,0.0,0.0,0.009625404033550394,0.009625012720111204,0.009624632174313384,0.009624263310764176,0.009623906926044791,0.009623562992228068,0.009623230853868923,0.00962291046367343,0.0,0.0,0.0,0.0,0.009625533087504346
0.0,0.0,0.0,0.0,0.007061794158180873,0.007061533378124894,0.007061279212616611,0.007061032281356123,0.007060793123962001,0.007060561720327109,0.007060337624368936,0.0070601208029631105,0.0,0.0,0.0,0.0,0.007061859131597037
0.0,0.0,0.0,0.0,0.00307725691514883,0.0030771615373628414,0.0030770682165049412,0.0030769771858620803,0.003076888648505145,0.00307680259616689,0.0030767188597553372,0.003076637426158652,0.0,0.0,0.0,0.0,0.0030772671059118763
0.0,0.0,0.0,0.0,1.5196080662816463e-05,1.5196079936956702e-05,1.5196079226446028e-05,1.5196078533064109e-05,1.5196077858360379e-05,1.5196077202271094e-05,1.519607656350454e-05,1.5196075941959826e-05,0.0,0.0,0.0,0.0,1.5196080730394224e-05
0.0,0.0,0.0,0.0,0.003077382896570372,0.003077287579556488,0.003077194318226499,0.003077103345717627,0.0030770148649704927,0.0030769288677235406,0.003076845184993889,0.0030767638036784386,0.0,0.0,0.0,0.0,0.003077393083490085
0.0,0.0,0.0,0.0,0.0070633270888163825,0.007063067093880424,0.007062813695280719,0.0070625675108219295,0.0070623290784733355,0.007062098378195642,0.007061874965280496,0.007061658806710625,0.0,0.0,0.0,0.0,0.007063391932570144
0.0,0.0,0.0,0.0,0.009629289685515982,0.00962890043876382,0.009628521908229536,0.009628155003594784,0.009627800517154223,0.009627458421150745,0.009627128063699635,0.009626809397779417,0.0,0.0,0.0,0.0,0.009629418267843248
0.0,0.0,0.0,0.0,0.011499006360375777,0.011498512763494069,0.011498033458706878,0.01149756958692561,0.011497122141981751,0.011496691090653181,0.011496275618015583,0.011495875666535604,0.0,0.0,0.0,0.0,0.01149918093759007,0.006020729091153723
0.0,0.0,0.0,0.0,0.01318814836742865,0.013187559466816162,0.01318698833099059,0.013186436308438841,0.013185904573966943,0.013185393090048679,0.013184900896402738,0.013184427926596277,0.0,0.0,0.0,0.0,0.01318837987487746,0.007443949453447912
0.0,0.0,0.0,0.0,0.014913136721936313,0.014912446346782274,0.01491177760800527,0.01491113207209113,0.014910511103952032,0.014909914662065628,0.014909341634373402,0.014908791945559734,0.0,0.0,0.0,0.0,0.014913434118810206,0.009024297291215021
0.0,0.0,0.0,0.0,0.016772004749145055,0.016771200651909877,0.016770422735450433,0.016769672806993693,0.016768952441441252,0.016768261593477288,0.016767598984470285,0.016766964529839327,0.0,0.0,0.0,0.0,0.016772382253040972,0.010830292521879295
0.0,0.0,0.0,0.0,0.018808893507687153,0.01880796065711578,0.018807059390726594,0.018806191783821015,0.018805359645196206,0.018804562926101616,0.018803800163742466,0.018803071263909822,0.0,0.0,0.0,0.0,0.01880936960731621,0.012902735273755706
0.0,0.0,0.0,0.0,0.021030730384891318,0.02102964671096636,0.02102860121149858,0.02102759627128933,0.021026633969231823,0.02102571425340021,0.021024835449708634,0.021023997453512605,0.0,0.0,0.0,0.0,0.021031329773906777,0.015266980674956783
0.0,0.0,0.0,0.0,0.02341930539992937,0.023418023756472287,0.023416788552959318,0.02341560254941401,0.023414468152397946,0.023413385307775755,0.0234123520879506,0.02341136837713808,0.0,0.0,0.0,0.0,0.02342012495314188,0.01793047987568742,0.01182713028672729
0.0,0.0,0.0,0.0,0.025985068292832873,0.025983580199882658,0.025982148136105273,0.02598077526372776,0.025979464340531805,0.025978215310941716,0.025977025977268954,0.025975896212503874,0.0,0.0,0.0,0.0,0.02598609492817421,0.02090732321125962,0.013706469506931548
0.0,0.0,0.0,0.0,0.028686694729333485,0.028684972176618,0.028683316960660076,0.028681732691834064,0.028680222519362353,0.028678786387535772,0.02867742180019823,0.02867612861908041,0.0,0.0,0.0,0.0,0.028687971075784267,0.024197898760087627,0.015774658437512527
0.0,0.0,0.0,0.0,0.03148580067341751,0.03148381550520598,0.03148191079462468,0.03148009064450477,0.031478358634318526,0.03147671470984933,0.03147515604972734,0.03147368250468853,0.0,0.0,0.0,0.0,0.0314873724709315,0.027775362742519173,0.018013827821539288
0.0,0.0,0.0,0.0,0.0343355507933109,0.03433327639332225,0.03433109738278431,0.0343290183967006,0.03432704347960087,0.034325172580650765,0.034323402530025644,0.03432173316805496,0.0,0.0,0.0,0.0,0.03433746447070897,0.031606151193381976,0.020401476902341564
0.0,0.0,0.0,0.0,0.03718115224798299,0.037178565087038824,0.037176089945480516,0.03717373202331498,0.03717149585892385,0.03716938140687109,0.03716738513043636,0.037165506860393493,0.0,0.0,0.0,0.0,0.03718345196121575,0.03564272967673049,0.022906549829863097
0.0,0.0,0.0,0.0,0.0399342019333888,0.03993128827402839,0.0399285044588781,0.0399258562674189,0.039923348744629564,0.03992098185239143,0.03991875168070685,0.03991665805200928,0.0,0.0,0.0,0.0,0.03993692005089945,0.03978816231117898,0.02546769098237964
0.0,0.0,0.0,0.0,0.042608339610857665,0.042605127356355146,0.04260206212047856,0.04259915019434913,0.0425963970705525,0.04259380272153766,0.042591362914585984,0.04258907746823516,0.0,0.0,0.0,0.0,0.0426114863646643,0.04260883819545402,0.028092419461243114
