0.0,0.0,0.0,0.0,0.014566447787149432,0.014565203084222305,0.014564022804481812,0.014562909360982116,0.014561864860693649,0.014560889305636726,0.014559981094053405,0.014559240046733056,0.0,0.0,0.0,0.0
0.0,0.0,0.0,0.0,0.014374349159926764,0.014373131121910465,0.014371975702986073,0.01437088526912097,0.014369861886130647,0.014368905554947598,0.014368014703281978,0.014367279742518727,0.0,0.0,0.0,0.0
0.0,0.0,0.0,0.0,0.014037279349420133,0.01403608803614103,0.014034957244045163,0.014033889296279432,0.014032886221117716,0.014031948017029484,0.014031073136068955,0.014030342474256757,0.0,0.0,0.0,0.0,0.014038977489099783
0.0,0.0,0.0,0.0,0.01362468703721044,0.013623563628406917,0.013622496500626531,0.013621487855740126,0.013620539616069679,0.013619651778243699,0.013618822871837612,0.013618122094011842,0.0,0.0,0.0,0.0,0.013626241372787954
0.0,0.0,0.0,0.0,0.013099592532315104,0.013098540003778112,0.013097539247993815,0.013096592341859217,0.01309570109845378,0.01309486551190273,0.013094084190667593,0.01309341526912577,0.0,0.0,0.0,0.0,0.013100996367639284
0.0,0.0,0.0,0.0,0.012498933961108414,0.012497967971785035,0.01249704849445329,0.012496177450419994,0.012495356516810958,0.012494585685501332,0.01249386366462229,0.01249323754871595,0.0,0.0,0.0,0.0,0.012500169354637346
0.0,0.0,0.0,0.0,0.011826634941509047,0.01182575892498758,0.011824924052861239,0.011824132083431228,0.011823384551386195,0.011822681446432583,0.01182202158145261,0.011821441839746217,0.0,0.0,0.0,0.0,0.011827702196694729
0.0,0.0,0.0,0.0,0.011093010489391859,0.011092219803068416,0.01109146520499865,0.011090748298551275,0.011090070483005835,0.01108943174592466,0.011088830999633096,0.01108829614699397,0.0,0.0,0.0,0.0,0.011093921353467465
0.0,0.0,0.0,0.0,0.010330569371013745,0.010329867166826958,0.010329196029996974,0.010328557400031973,0.010327952533042424,0.010327381415074915,0.010326843064896703,0.010326357297496766,0.0,0.0,0.0,0.0,0.010331329513741012
0.0,0.0,0.0,0.0,0.009536748401559984,0.009536127492413709,0.009535533119903756,0.00953496657182819,0.009534428971737941,0.009533920304429011,0.009533439687490151,0.009533000085928204,0.0,0.0,0.0,0.0,0.009537374642470073
0.0,0.0,0.0,0.0,0.008742902999634573,0.008742358234358828,0.008741835909833566,0.008741337169544457,0.00874086301096894,0.00874041341816855,0.008739987603507228,0.008739592796462898,0.0,0.0,0.0,0.0,0.008743411109280218
0.0,0.0,0.0,0.0,0.007963965504522412,0.007963490614505127,0.00796303454678672,0.007962598310270635,0.007962182784884501,0.007961787954438894,0.00796141312041796,0.007961060825649171,0.0,0.0,0.0,0.0,0.007964371936722657
0.0,0.0,0.0,0.0,0.007217839851894418,0.007217431298555252,0.007217038320479964,0.007216661796030593,0.007216302491155466,0.007215960390021381,0.0072156348815648535,0.007215325930119686,0.0,0.0,0.0,0.0,0.007218158283876456
0.0,0.0,0.0,0.0,0.006504140519795402,0.006503787520262021,0.006503447451310222,0.006503121081075796,0.0065028090792687366,0.006502511430524644,0.00650222759791431,0.006501957548924421,0.0,0.0,0.0,0.0,0.00650438819273019
0.0,0.0,0.0,0.0,0.005836556531952951,0.0058362522120438635,0.005835958601663061,0.005835676370689111,0.005835406103064719,0.005835147784150433,0.00583490094361872,0.005834665552027196,0.0,0.0,0.0,0.0,0.0058367469539721386
0.0,0.0,0.0,0.0,0.005221331634677143,0.005221070470326558,0.005220818141892167,0.0052205752304903905,0.005220342242607806,0.005220119164563195,0.005219905586703427,0.005219701482621268,0.0,0.0,0.0,0.0,0.005221479640994984
0.0,0.0,0.0,0.0,0.004656811635692474,0.004656587044615348,0.004656369762191465,0.004656160293259008,0.004655959077754854,0.004655766103003478,0.004655581011800178,0.004655403780502621,0.0,0.0,0.0,0.0,0.004656928037323502
0.0,0.0,0.0,0.0,0.004141532675503911,0.0041413403242061405,0.004141153999422111,0.0041409741376340434,0.004140801119156972,0.004140634932413914,0.004140475267531819,0.004140322103518333,0.0,0.0,0.0,0.0,0.004141623626678303
0.0,0.0,0.0,0.0,0.003662454590504748,0.003662290489429058,0.0036621313370827544,0.0036619775092572825,0.003661829333342383,0.0036616867988743806,0.0036615496382361445,0.003661417832909029,0.0,0.0,0.0,0.0,0.00366252495483719
0.0,0.0,0.0,0.0,0.003193752192663773,0.0031936148544157404,0.003193481492143335,0.003193352423304722,0.0031932279244327256,0.0031931079862809056,0.003192992382093063,0.0031928810958583957,0.0,0.0,0.0,0.0,0.0031938048674942606
0.0,0.0,0.0,0.0,0.002673723342652892,0.0026736146444753337,0.0026735089373092747,0.0026734064752122694,0.002673307479456883,0.002673211942285574,0.002673119681630255,0.0026730306843537315,0.0,0.0,0.0,0.0,0.0026737591909734306
0.0,0.0,0.0,0.0,0.0019616094883835792,0.0019615370494791367,0.0019614664479490596,0.0019613978559322553,0.0019613314233227755,0.001961267144535308,0.0019612048956580367,0.0019611446674897533,0.0,0.0,0.0,0.0,0.0019616275365547334
0.0,0.0,0.0,0.0,0.0008547935875413432,0.0008547670937119002,0.000854741171251373,0.0008547158849616885,0.0008546912912514279,0.0008546673878241361,0.0008546441277098155,0.0008546215072662925,0.0,0.0,0.0,0.0,0.0008547964183088549
0.0,0.0,0.0,0.0,4.221133517449025e-06,4.221133315821305e-06,4.221133118457232e-06,4.2211329258511385e-06,4.221132738433433e-06,4.221132556186415e-06,4.2211323787512586e-06,4.221132206099953e-06,0.0,0.0,0.0,0.0,4.22113353622062e-06
0.0,0.0,0.0,0.0,0.0008548285823806612,0.0008548021054323576,0.0008547761995073613,0.000854750929366007,0.0008547263513806915,0.0008547024632565391,0.0008546792180538576,0.0008546566121328999,0.0,0.0,0.0,0.0,0.0008548314120805795
0.0,0.0,0.0,0.0,0.0019620353024490007,0.0019619630816334506,0.001961892693133534,0.001961824308561646,0.0019617580773537016,0.0019616939939432337,0.0019616319348001367,0.001961571890752952,0.0,0.0,0.0,0.0,0.0019620533146028187
0.0,0.0,0.0,0.0,0.0026748026904211135,0.0026746945663232826,0.00267458941895265,0.002674487500998549,0.002674389032542836,0.002674294005875207,0.0026742022399165637,0.0026741137216053945,0.0,0.0,0.0,0.0,0.0026748384077342367
0.0,0.0,0.0,0.0,0.0031941684334377248,0.0031940313231927963,0.0031938981829741342,0.0031937693297015564,0.0031936450394393708,0.0031935253029592168,0.003193409893893216,0.003193298796259891,0.0,0.0,0.0,0.0,0.0031942169271083542,0.0031941155164942215
0.0,0.0,0.0,0.0,0.0036633745465079687,0.0036632109630044883,0.003663052314164054,0.0036628989745663425,0.003662751270546369,0.0036626091916801885,0.0036624724712229807,0.0036623410907211888,0.0,0.0,0.0,0.0,0.00366343885413263,0.003663315781891006
0.0,0.0,0.0,0.0,0.004142537978315654,0.004142346207439519,0.004142160446668133,0.004141981131136422,0.00414180863998667,0.004141642961684897,0.004141483787325943,0.0041413310959888166,0.0,0.0,0.0,0.0,0.004142620588558393,0.004142473901003903
0.0,0.0,0.0,0.0,0.0046588902080958615,0.004658666847752742,0.0046584507598473445,0.004658242446387134,0.004658042344844786,0.00465785044263258,0.004657666384575077,0.004657490147177592,0.0,0.0,0.0,0.0,0.004658995070289161,0.004658821550730189
0.0,0.0,0.0,0.0,0.005224692641024224,0.005224433515865493,0.005224183164090723,0.005223942162172501,0.005223711012554495,0.005223489701694893,0.005223277823261793,0.005223075351086063,0.0,0.0,0.0,0.0,0.005224824890921172,0.005224620744830291
0.0,0.0,0.0,0.0,0.00584186955135872,0.005841568530823987,0.0058412781143051635,0.005840998964247032,0.005840731658119943,0.005840476181500059,0.005840232069363506,0.005839999292642392,0.0,0.0,0.0,0.0,0.005842036048307441,0.005841795870775225
0.0,0.0,0.0,0.0,0.006505362611091515,0.006505006599020078,0.006504663486933147,0.006504334041503888,0.006504018931221644,0.0065037181410488205,0.00650343113554183,0.0065031578825383565,0.0,0.0,0.0,0.0,0.006505590264761636,0.006505305954249877,0.006502962703148919
0.0,0.0,0.0,0.0,0.007218074525786935,0.00721766116663407,0.007217263371140357,0.0072168820177021505,0.007216517872369936,0.007216170919706032,0.007215840549241372,0.007215526725695523,0.0,0.0,0.0,0.0,0.007218359702270617,0.007218026717144787,0.007215299852559002
0.0,0.0,0.0,0.0,0.007968526313703775,0.007968047826838331,0.007967588044627803,0.007967147969953901,0.007966728477600642,0.00796632955209327,0.00796595050005506,0.007965591283077894,0.0,0.0,0.0,0.0,0.007968880854384523,0.007968492382972604,0.007965328540117191
0.0,0.0,0.0,0.0,0.008746055742616008,0.008745504307001658,0.008744975220729083,0.008744469623473541,0.008743988509532912,0.008743531863847036,0.008743098902702034,0.008742689584635704,0.0,0.0,0.0,0.0,0.008746492353036532,0.008746041496537339,0.008742386797640679
0.0,0.0,0.0,0.0,0.009537652998141952,0.00953702122036729,0.009536415939662313,0.009535838443527938,0.009535289855444672,0.009534770161291879,0.009534278480562673,0.009533814768904159,0.0,0.0,0.0,0.0,0.00953818457519694,0.009537664641827337,0.009533467971111863
0.0,0.0,0.0,0.0,0.01032809784666198,0.010327379190844116,0.01032669165152237,0.010326036673143043,0.010325415516367724,0.010324828168575302,0.010324273647343427,0.010323751905664862,0.0,0.0,0.0,0.0,0.01032873665589327,0.010328141453365957,0.010323357524770824
0.0,0.0,0.0,0.0,0.011092833870385819,0.011092024520563439,0.011091251238577255,0.011090515629838578,0.01108981909573042,0.011089161625664286,0.011088542133529675,0.01108796057000258,0.0,0.0,0.0,0.0,0.01109358890302763,0.011092914204958636,0.011087516364643958
0.0,0.0,0.0,0.0,0.011835649891904962,0.011834757598987538,0.011833906144577383,0.011833097276208083,0.0118323325195979,0.011831611867093795,0.011830934142940544,0.011830299296731992,0.0,0.0,0.0,0.0,0.011836523990184535,0.011835788387626117,0.011829809408043034
